0.25 0.5 1.0 2.0 3.0 4.0 5.0 6.0 7.0 8.0 9.0 10.0 12.0 14.0 16.0 18.0 20.0 22.0 24.0 26.0 28.0 30.0 35.0 40.0 45.0 50.0 55.0 60.0 70.0 80.0 100.0 120.0 140.0 160.0 200.0
1.778342 1.797171 1.793252 0.6749433 0.02829836 0.005796026 0.09011287 0.4437139 0.6748772 0.8425453 0.9904935 1.120763 1.048651 0.7667009 0.5489306 0.5423848 0.6675676 0.7688509 0.7878897 0.7510472 0.7154925 0.7102036 0.7765064 0.7891551 0.7606263 0.7554106 0.7558445 0.7479481 0.7311782 0.7066936 0.6763232 0.6401626 0.6003207 0.5800881 0.5150129
0.0 0.0015
1.0 1.0
0.0 0.0015 0.0035 0.0075 0.015 0.035 0.07499999 0.15 0.25 0.35 0.45 0.499995
1.0991951033461523e-05 3.297577603635332e-05 8.793530001156717e-05 0.00019785434796199488 0.00041769236679881907 0.0022415143908760455 0.01272141346869 0.07814464536875197 0.24589038457708867 0.549479665976767 1.0 1.0
0.0 0.0015 0.0035 0.0075 0.015 0.035 0.07499999 0.15 0.25 0.35 0.45 0.55 0.65 0.75 0.85 0.95 0.99999
5.333085006417725e-06 1.3056551305807206e-05 2.7951240158783682e-05 5.4797922892920855e-05 0.00010554868080568135 0.00036999986548536803 0.0017543725017895948 0.009794182662923612 0.030678339308607604 0.06726856543850711 0.12261687885162957 0.19718590410104045 0.3135814968654244 0.5278148134089062 0.7495710020637423 1.0 1.0
0.0 0.0015 0.0035 0.0075 0.015 0.035 0.07499999 0.15 0.25 0.35 0.45 0.55 0.65 0.75 0.85 0.95 1.05 1.15 1.25 1.35 1.45 1.55 1.65 1.75 1.85 1.95 1.99998
1.6439915914297588e-05 3.7292293538817014e-05 7.137596360369941e-05 0.00012751178773585345 0.00022775192000255075 0.00047012387899696557 0.001283993863326276 0.003879764257758439 0.009778535833099046 0.020168332909472283 0.034956810610859215 0.0550183860469191 0.09113146355502076 0.14757966862282965 0.2060353377778316 0.2750953827591003 0.34660918622769205 0.4208295077927297 0.49447604299532233 0.5742837387343375 0.651000506302564 0.7259576178729823 0.7979556548275087 0.8676195047596338 0.9353141681731649 1.0 1.0
0.0 0.0015 0.0035 0.0075 0.015 0.035 0.07499999 0.15 0.25 0.35 0.45 0.55 0.65 0.75 0.85 0.95 1.05 1.15 1.25 1.35 1.45 1.55 1.65 1.75 1.85 1.95 2.1 2.3 2.5 2.7 2.9 2.99997
1.614030496217344e-06 3.823333666612725e-06 7.818403717081272e-06 1.4789734853518118e-05 2.771356259066108e-05 6.242216084840735e-05 0.00034025473064155633 0.0018737371294308706 0.005759637204203101 0.01254334966553742 0.022606072517462106 0.03622190889366199 0.05791155443690622 0.09781497373644735 0.13867713518010796 0.18486182039054497 0.23203957712201126 0.281244889503287 0.3302444301929475 0.3854180549809768 0.4385618610652999 0.49029853347916164 0.5405801900935017 0.5895514873591049 0.637086998390502 0.6824714319432904 0.7260100317956248 0.8020272268242424 0.8733965822164952 0.9384738294961316 1.0 1.0
0.0 0.0015 0.0035 0.0075 0.015 0.035 0.07499999 0.15 0.25 0.35 0.45 0.55 0.65 0.75 0.85 0.95 1.05 1.15 1.25 1.35 1.45 1.55 1.65 1.75 1.85 1.95 2.1 2.3 2.5 2.7 2.9 3.1 3.300001 3.500001 3.700001 3.9 3.99996
2.954923769572363e-06 6.835131318049766e-06 1.3491204492456529e-05 2.477369656138849e-05 4.530901213015661e-05 9.500547033588657e-05 0.00038173498666036637 0.0017088117508820637 0.00490542757687617 0.010537335609836228 0.018860587137573888 0.030122955706091484 0.04858887869017625 0.08087660142737708 0.11397619445005909 0.15208882963696135 0.19125526579564434 0.23203804071231326 0.2724099292735074 0.3172367232907025 0.36047667148810325 0.4025518058082918 0.44338216380838036 0.4829054730927104 0.5211967234576143 0.5581415154538854 0.5930122280032023 0.6519188564042616 0.7073006928826382 0.7583975226623288 0.8065309265899743 0.85198353103403 0.894526308468655 0.933530704937855 0.968744415785792 1.0 1.0
0.0 0.0015 0.0035 0.0075 0.015 0.035 0.07499999 0.15 0.25 0.35 0.45 0.55 0.65 0.75 0.85 0.95 1.05 1.15 1.25 1.35 1.45 1.55 1.65 1.75 1.85 1.95 2.1 2.3 2.5 2.7 2.9 3.1 3.300001 3.500001 3.700001 3.9 4.25 4.75 4.99995
0.00026742243529229414 0.0006903134718684464 0.0012701405649942054 0.002325806764583778 0.007205642187995925 0.02260995806773194 0.04184713595191835 0.0783549944505675 0.1116085954286157 0.15608156573845053 0.1837202772033244 0.19679850631639295 0.26537822235964514 0.3109937781979917 0.33007513479794914 0.3305890848558741 0.33113412835978856 0.33169331321559825 0.3322423807209626 0.3350997895181077 0.46494745214422134 0.6282771804939453 0.7230889403658852 0.7341598649598768 0.7346622026606836 0.7351457471851294 0.7826581987066846 0.9880733871683098 0.9957463780166838 0.996371712679092 0.9969620192803003 0.9975232406962341 0.9980504512090271 0.9985351449138856 0.9989737118284694 0.9993624997083242 0.999698101154986 1.0 1.0
0.0 0.0015 0.0035 0.0075 0.015 0.035 0.07499999 0.15 0.25 0.35 0.45 0.55 0.65 0.75 0.85 0.95 1.05 1.15 1.25 1.35 1.45 1.55 1.65 1.75 1.85 1.95 2.1 2.3 2.5 2.7 2.9 3.1 3.300001 3.500001 3.700001 3.9 4.25 4.75 5.25 5.75 5.99994
3.497315240019561e-05 0.0001049132948201289 0.0002797544072992752 0.0006729827514090446 0.0015726470246615071 0.004701805223109908 0.009334033747305112 0.019624870865828262 0.035741426642519565 0.06139270504147142 0.09204282430282153 0.1282037686891933 0.17791178900234003 0.22640265700997325 0.2710422837266199 0.3106053003394893 0.34418849359195236 0.37111952038769147 0.390853886483623 0.406889879406461 0.44472282824703535 0.49286326221929444 0.5364299226389644 0.5761281281849019 0.6116092661475127 0.6431043436288962 0.6779005809332342 0.7753564505009336 0.8506745845115732 0.9053851705037506 0.9499837283781898 0.9826961635777688 0.9994014047125165 0.9994747496386103 0.9995360603942623 0.9996247228071059 0.999875371195968 0.999922270060914 0.9999622226906079 1.0 1.0
0.0 0.0015 0.0035 0.0075 0.015 0.035 0.07499999 0.15 0.25 0.35 0.45 0.55 0.65 0.75 0.85 0.95 1.05 1.15 1.25 1.35 1.45 1.55 1.65 1.75 1.85 1.95 2.1 2.3 2.5 2.7 2.9 3.1 3.300001 3.500001 3.700001 3.9 4.25 4.75 5.25 5.75 6.25 6.75 6.99993
6.865859968231275e-05 0.00015020664812864714 0.0002704233291688149 0.00045508768348174355 0.001071493673025308 0.00306630267582547 0.005895150243716333 0.012292788005388097 0.02263630688301134 0.03936514825173884 0.06045052910942386 0.0872430494182924 0.12222251194529671 0.15923284175132166 0.1963407432000156 0.2325874202992009 0.26805906419625286 0.30174919533946765 0.333559311605429 0.3651916917335709 0.40998908607781454 0.4597324293616102 0.5052366025664018 0.5466886752676586 0.5838434013705736 0.6157841141881882 0.6442684489068559 0.7132588580236499 0.769601542959478 0.8202850439903288 0.8654597840653169 0.9048357538081467 0.9379454653762946 0.9636329467496895 0.9820077226698307 0.995191366542002 0.9993740034738188 0.9998398910326078 0.9999379997773944 0.999960592279391 0.999980810910275 1.0 1.0
0.0 0.0015 0.0035 0.0075 0.015 0.035 0.07499999 0.15 0.25 0.35 0.45 0.55 0.65 0.75 0.85 0.95 1.05 1.15 1.25 1.35 1.45 1.55 1.65 1.75 1.85 1.95 2.1 2.3 2.5 2.7 2.9 3.1 3.300001 3.500001 3.700001 3.9 4.25 4.75 5.25 5.75 6.25 6.75 7.25 7.75 7.99992
0.00012123994538250014 0.00026061510181594203 0.00045439558204639764 0.0007388516534978447 0.0012818394700536884 0.0029739817290060622 0.005315799033819193 0.010468751157730286 0.01909936530442346 0.03231939510805869 0.04956205277208962 0.0719118655257192 0.10013012708510183 0.1311175562542145 0.16287886992100362 0.19492219234542058 0.22739975752223132 0.2594422601537482 0.29085986404633546 0.32387826052034113 0.3672531471044412 0.4142571640504562 0.45875512050429545 0.50093018604186 0.5403730983925228 0.5765597005373205 0.6098685975859757 0.6769375871341419 0.7336772170768692 0.7849511794802227 0.8306752367567718 0.8696396684740175 0.902503835608274 0.9302964390390278 0.9541716698306402 0.973815469963427 0.9895010160866023 0.997787249156983 0.9996426585857132 0.9998992724794651 0.9999567217097679 0.9999722360583851 0.9999864592795881 1.0 1.0
0.0 0.0015 0.0035 0.0075 0.015 0.035 0.07499999 0.15 0.25 0.35 0.45 0.55 0.65 0.75 0.85 0.95 1.05 1.15 1.25 1.35 1.45 1.55 1.65 1.75 1.85 1.95 2.1 2.3 2.5 2.7 2.9 3.1 3.300001 3.500001 3.700001 3.9 4.25 4.75 5.25 5.75 6.25 6.75 7.25 7.75 8.25 8.75 8.99991
2.309844424575163e-05 6.807993104752508e-05 0.00017871037945619585 0.0003987558745838077 0.0008493887599158761 0.002342598495443314 0.0046483478516117635 0.009335080576181492 0.016941872736277157 0.02810471867859399 0.042839194940704955 0.06197412443715574 0.08590830472388333 0.11259695821292234 0.1402751369907661 0.1686524997110116 0.19826382975958667 0.22789874049403985 0.2576734415198462 0.2900625099403913 0.33101985306037035 0.37485636471382877 0.416823276705609 0.4573944943973929 0.4956507861928562 0.5316714130875593 0.5647818180103381 0.632913892264664 0.6881943432603876 0.7398886867236774 0.7876153805145791 0.8308720563871891 0.8692572780736082 0.9023402164791741 0.9300568882357964 0.9522702596675129 0.9712032255712532 0.9847636776049036 0.9936975127174683 0.998810556012315 0.9997572642555839 0.9999280565064201 0.9999654289044358 0.9999776670479209 0.9999892201558752 0.9999999999999999 1.0
0.0 0.0015 0.0035 0.0075 0.015 0.035 0.07499999 0.15 0.25 0.35 0.45 0.55 0.65 0.75 0.85 0.95 1.05 1.15 1.25 1.35 1.45 1.55 1.65 1.75 1.85 1.95 2.1 2.3 2.5 2.7 2.9 3.1 3.300001 3.500001 3.700001 3.9 4.25 4.75 5.25 5.75 6.25 6.75 7.25 7.75 8.25 8.75 9.25 9.75 9.9999
0.00018860357017173158 0.0003940454149256582 0.0006499962318775052 0.0009901283145199065 0.0015165907293375803 0.002958794266892283 0.005235222243971837 0.009911540555369202 0.016936578294608706 0.027004112803358467 0.04008890085531772 0.05719028234384241 0.07847234710587037 0.10225853778909902 0.12738067249644008 0.1533674533128555 0.18069877815672408 0.20842096871943777 0.23643485011711055 0.2679716475224625 0.3070000585596392 0.34816025970327674 0.3878320219182032 0.4265177804511399 0.4635058628606836 0.4986898773529284 0.5317407009134258 0.5961029308638853 0.6493435301023087 0.7002641498828172 0.7483282209248112 0.7929664052751684 0.8336546346890731 0.8697600907763724 0.9011222460520276 0.9274650315428182 0.9509900303720075 0.9677836008955998 0.9797751902136193 0.9890946751534329 0.9955298147253775 0.9993352417293982 0.9998198872042605 0.9999429443860837 0.9999713004589544 0.9999817379549678 0.9999913686997399 1.0 1.0
0.0 0.0015 0.0035 0.0075 0.015 0.035 0.07499999 0.15 0.25 0.35 0.45 0.55 0.65 0.75 0.85 0.95 1.05 1.15 1.25 1.35 1.45 1.55 1.65 1.75 1.85 1.95 2.1 2.3 2.5 2.7 2.9 3.1 3.300001 3.500001 3.700001 3.9 4.25 4.75 5.25 5.75 6.25 6.75 7.25 7.75 8.25 8.75 9.25 9.75 10.25 10.75 11.25 11.75 11.99988
0.00028868324141535166 0.0006041180249805649 0.0009996800869444323 0.0015287776248236304 0.0023592225243202615 0.004176545862347379 0.007308576096132743 0.012577074447896157 0.019595834423572232 0.029028729287882894 0.04057134341712086 0.05546690687634063 0.07389517249586304 0.09438555072205751 0.11683148024014954 0.14038875679878673 0.16574156404414714 0.19154953973036892 0.21804060421527213 0.2496768180755483 0.2881363328215649 0.3261494763223953 0.36272327952209277 0.39906159447074746 0.43421518838872786 0.46792590776102455 0.5002657436125079 0.5572316384657582 0.6057599086111727 0.6541742762012296 0.7016097732978411 0.7465673615995283 0.7884152564771476 0.8263468626512507 0.86012400277168 0.8892921806723529 0.9172357044204986 0.938651363236353 0.9551536979907261 0.9674322762903804 0.9784649757623524 0.9877593109532088 0.9952054744213872 0.998073133558853 0.9991857790501135 0.9997080184248577 0.999916543655313 0.9999647557450261 0.9999746397016928 0.9999836195640291 0.9999921190188089 1.0 1.0
0.0 0.0015 0.0035 0.0075 0.015 0.035 0.07499999 0.15 0.25 0.35 0.45 0.55 0.65 0.75 0.85 0.95 1.05 1.15 1.25 1.35 1.45 1.55 1.65 1.75 1.85 1.95 2.1 2.3 2.5 2.7 2.9 3.1 3.300001 3.500001 3.700001 3.9 4.25 4.75 5.25 5.75 6.25 6.75 7.25 7.75 8.25 8.75 9.25 9.75 10.25 10.75 11.25 11.75 12.25 12.75 13.25 13.75 13.99986
0.00037372436758119094 0.0007791801234955185 0.0012798233675897486 0.0019391117707270016 0.0031222569519932394 0.005373177764744583 0.009257716006436482 0.01699255807967995 0.025685341121622202 0.035550412639934185 0.047310261454688175 0.061643977059156634 0.07929537089288662 0.09902081659060989 0.12106341322305966 0.14500835355947 0.1708589760095947 0.1977286185805202 0.22512875409903418 0.258502836408101 0.29936497179501487 0.33612779529437964 0.3718115465727835 0.40750857293938486 0.44193013040297785 0.4752509159822099 0.5072880830110933 0.5567503546779692 0.6000668496404921 0.6449908478125987 0.6900023712333692 0.7330086297412388 0.7732862292179611 0.8101042346667863 0.8431182989404589 0.8718713741059747 0.9019406271357914 0.9251338950595696 0.9433660759657148 0.9570758270770282 0.9687349167941002 0.9785919073970375 0.9870673305074484 0.9923956465255439 0.9956334660659529 0.998063606460683 0.999418667568895 0.9998786055828607 0.9999116680148004 0.9999274603817786 0.9999399436188202 0.9999518692432444 0.9999636095662897 0.9999754794981843 0.9999877686165176 1.0 1.0
0.0 0.0015 0.0035 0.0075 0.015 0.035 0.07499999 0.15 0.25 0.35 0.45 0.55 0.65 0.75 0.85 0.95 1.05 1.15 1.25 1.35 1.45 1.55 1.65 1.75 1.85 1.95 2.1 2.3 2.5 2.7 2.9 3.1 3.300001 3.500001 3.700001 3.9 4.25 4.75 5.25 5.75 6.25 6.75 7.25 7.75 8.25 8.75 9.25 9.75 10.25 10.75 11.25 11.75 12.25 12.75 13.25 13.75 14.25 14.75 15.25 15.75 15.99984
0.0006742311501779591 0.0014214654819710605 0.002387709733698509 0.0037091817605623945 0.007639241571430428 0.014589948726856478 0.02123322925170031 0.03302340118252599 0.045687605317183605 0.05726564758415377 0.0700089467195933 0.08586621344770361 0.10443448411426633 0.12465440258133685 0.14980334580548624 0.17620900570516934 0.20473466818663 0.23453195712823616 0.2647682126341477 0.30102171962933594 0.3446837391853155 0.3815915512943842 0.4168098316219191 0.4515361828294962 0.4845038358584976 0.5160339043342348 0.5457545251003783 0.5937136383536967 0.6354429747350713 0.6780682485132672 0.7200164305256287 0.759318772797792 0.795514666134707 0.8282834095088754 0.8574742359284809 0.8836609376705009 0.9125041316780768 0.933545551145586 0.9500355891326194 0.9625223199442821 0.972698638034285 0.9810697300405006 0.987554362955297 0.9920868174488167 0.9948579275114228 0.9972338738939238 0.9989180726611782 0.9997366691605568 0.9997851465904356 0.999808666916319 0.9998274126603086 0.9998449526059436 0.9998616953938491 0.9998782210427783 0.999894873903115 0.999912332154383 0.9999311218587941 0.9999518136391239 0.9999750909073865 1.0 1.0
0.0 0.0015 0.0035 0.0075 0.015 0.035 0.07499999 0.15 0.25 0.35 0.45 0.55 0.65 0.75 0.85 0.95 1.05 1.15 1.25 1.35 1.45 1.55 1.65 1.75 1.85 1.95 2.1 2.3 2.5 2.7 2.9 3.1 3.300001 3.500001 3.700001 3.9 4.25 4.75 5.25 5.75 6.25 6.75 7.25 7.75 8.25 8.75 9.25 9.75 10.25 10.75 11.25 11.75 12.25 12.75 13.25 13.75 14.25 14.75 15.25 15.75 16.25 16.75 17.25 17.75 17.99982
0.0008038775797359237 0.001691766841905967 0.0028316772242471663 0.004391622410573144 0.011495588780425883 0.02478897776695572 0.034645497252458406 0.0501038587844796 0.06712369629835764 0.08247381005231957 0.09876418859298604 0.11850134527900132 0.13956490835333604 0.1621018939717126 0.1928173835773181 0.2226926425637299 0.25638024990526037 0.2904393379951688 0.32569410426745915 0.36613158066800855 0.4109569865814025 0.4491889658815214 0.48492409929016755 0.5189960614842855 0.550609341523288 0.5803186298680963 0.6072821333433334 0.656951735175224 0.6994273113528675 0.7400115831131568 0.778816358144761 0.8136145183252722 0.8445008870370149 0.8714208257664768 0.8947538828075501 0.9157009505246645 0.9398441929470072 0.9568023213806418 0.9691129865130353 0.9780014379023467 0.9846115957558023 0.9896100091759117 0.9931963558586506 0.99561618131771 0.9970994153558412 0.9982870586025775 0.9991729686835292 0.9996305090820004 0.9996628159501575 0.9996835782456058 0.99970058412202 0.9997166447538488 0.9997322389456724 0.9997477590519518 0.9997636160759161 0.9997801592149038 0.9997977354243249 0.999816831899007 0.9998380036860814 0.9998620960944749 0.9998898861562027 0.9999221633018238 0.9999597341160464 1.0 1.0
0.0 0.0015 0.0035 0.0075 0.015 0.035 0.07499999 0.15 0.25 0.35 0.45 0.55 0.65 0.75 0.85 0.95 1.05 1.15 1.25 1.35 1.45 1.55 1.65 1.75 1.85 1.95 2.1 2.3 2.5 2.7 2.9 3.1 3.300001 3.500001 3.700001 3.9 4.25 4.75 5.25 5.75 6.25 6.75 7.25 7.75 8.25 8.75 9.25 9.75 10.25 10.75 11.25 11.75 12.25 12.75 13.25 13.75 14.25 14.75 15.25 15.75 16.25 16.75 17.25 17.75 18.25 18.75 19.25 19.75 19.9998
0.0007734074289923329 0.0016213303812178167 0.0026927788333233698 0.004136769569128325 0.012261505863270157 0.02682288397157866 0.04045135368702559 0.05656954347223876 0.07514612250579428 0.09241591892605269 0.11023878189758549 0.13191153847450046 0.15419707022931314 0.17758095546105593 0.21023924033633642 0.24176533036324566 0.2772525626418841 0.3126006044521617 0.35002083058374056 0.39005172078986 0.43275528516972217 0.4706364217041008 0.506331110665904 0.5401640217642844 0.5717139693097574 0.6026162792300291 0.6308486864681847 0.6822975711193011 0.723826363408083 0.7636361987937584 0.8018599792139797 0.8357644790756052 0.8655503154742767 0.8914439889683713 0.9135486930502098 0.9327068963440815 0.9530631457756761 0.9672276560075799 0.9773123344536543 0.9846627095042878 0.990242154890416 0.99389680744561 0.9962082136339303 0.997568025741106 0.998353610553249 0.9989221880572516 0.999351575254969 0.9995668535413156 0.9995878868937045 0.9996022098813933 0.9996147180607083 0.9996267262370019 0.9996385606845307 0.9996504725231271 0.9996627158548124 0.9996755320910943 0.9996892238756171 0.9997041340305494 0.9997206859944309 0.9997394092842375 0.9997608056858219 0.9997854095622186 0.9998137795877926 0.9998461021494073 0.999882173842268 0.9999212415013696 0.9999618065763273 1.0 1.0
0.0 0.0015 0.0035 0.0075 0.015 0.035 0.07499999 0.15 0.25 0.35 0.45 0.55 0.65 0.75 0.85 0.95 1.05 1.15 1.25 1.35 1.45 1.55 1.65 1.75 1.85 1.95 2.1 2.3 2.5 2.7 2.9 3.1 3.300001 3.500001 3.700001 3.9 4.25 4.75 5.25 5.75 6.25 6.75 7.25 7.75 8.25 8.75 9.25 9.75 10.25 10.75 11.25 11.75 12.25 12.75 13.25 13.75 14.25 14.75 15.25 15.75 16.25 16.75 17.25 17.75 18.25 18.75 19.25 19.75 20.5 21.5 21.99978
0.0007252987925276847 0.001527822510430675 0.0025620222936123724 0.003982348637399785 0.012271568856377849 0.026502955162393295 0.04398009623995612 0.06073363585578506 0.07944196619223028 0.09750059575070054 0.11610181360460198 0.1381264733821521 0.16093845099814405 0.1846270686266023 0.21685830556957056 0.24786386438183902 0.28268969857572557 0.31738961477072586 0.3544969754601734 0.39297211114673725 0.43330219267023434 0.47023654905509477 0.5053588078189216 0.5388748627768886 0.5704141791879681 0.6020544040337835 0.6314277342682186 0.6830974293453718 0.7242249807855419 0.7637551591164724 0.8021930544017787 0.8363359760189055 0.8668080995205607 0.8935998690616793 0.9166004013878029 0.9362076096223635 0.9552963044898699 0.9689304907653343 0.9785768311336089 0.9857978722412775 0.9914604678196794 0.9950365486566951 0.997105993403684 0.9982161758523825 0.9987754622216307 0.9991616397037718 0.9994466087008647 0.9995801984480117 0.9995992899951297 0.9996107981009533 0.9996207552270535 0.9996305021084481 0.999640235566539 0.9996501568541918 0.9996604183009229 0.999671250471709 0.9996828875733836 0.9996955990711089 0.9997096901234651 0.999725653460763 0.9997438815977993 0.9997648018081516 0.9997888507923284 0.9998161034823356 0.9998463358878757 0.999878888607296 0.9999125139018387 0.9999459973895742 0.9999761084536078 1.0 1.0
0.0 0.0015 0.0035 0.0075 0.015 0.035 0.07499999 0.15 0.25 0.35 0.45 0.55 0.65 0.75 0.85 0.95 1.05 1.15 1.25 1.35 1.45 1.55 1.65 1.75 1.85 1.95 2.1 2.3 2.5 2.7 2.9 3.1 3.300001 3.500001 3.700001 3.9 4.25 4.75 5.25 5.75 6.25 6.75 7.25 7.75 8.25 8.75 9.25 9.75 10.25 10.75 11.25 11.75 12.25 12.75 13.25 13.75 14.25 14.75 15.25 15.75 16.25 16.75 17.25 17.75 18.25 18.75 19.25 19.75 20.5 21.5 22.5 23.5 23.99976
0.0007229926322906452 0.001521770277367158 0.0025479019894164854 0.003952956984523038 0.01231501932736209 0.026181605189113083 0.04500542342778357 0.06224207986974978 0.08407003508677342 0.1053526225036871 0.12425518766926298 0.14629802939138845 0.16985067830151054 0.1940789900914578 0.22532971774770844 0.2556624867782323 0.289866127054956 0.3241133501292186 0.3598572181275852 0.3963723656485202 0.4348716799294765 0.4706631781620034 0.5047719303345758 0.5372777518973669 0.5682018028490335 0.5997938913099305 0.629396697050917 0.6808109930367513 0.7225582618781321 0.7608666990480245 0.7991253041782346 0.8331481697457015 0.864037607019382 0.89107369035256 0.9146848166269876 0.9346260673578326 0.9535327447190158 0.9673001214332785 0.9772301364386169 0.9848501239425727 0.9909143010938933 0.9948243790491572 0.9970812928492447 0.9982811000667171 0.9988638346112029 0.9992136760907508 0.9994524303296088 0.9995677103908435 0.9995854389727324 0.9995970652506171 0.9996061219890781 0.9996149009924381 0.9996237659471622 0.9996328931595896 0.9996424627244602 0.9996526647741567 0.9996636632460522 0.9996757602570056 0.9996891713896813 0.9997044066858524 0.9997218268530708 0.9997418266944942 0.9997647958973204 0.9997907776881728 0.99981954670578 0.9998504516366411 0.9998822915253618 0.9999138820919865 0.9999420954774945 0.9999655315926093 0.9999847986861067 1.0 1.0
0.0 0.0015 0.0035 0.0075 0.015 0.035 0.07499999 0.15 0.25 0.35 0.45 0.55 0.65 0.75 0.85 0.95 1.05 1.15 1.25 1.35 1.45 1.55 1.65 1.75 1.85 1.95 2.1 2.3 2.5 2.7 2.9 3.1 3.300001 3.500001 3.700001 3.9 4.25 4.75 5.25 5.75 6.25 6.75 7.25 7.75 8.25 8.75 9.25 9.75 10.25 10.75 11.25 11.75 12.25 12.75 13.25 13.75 14.25 14.75 15.25 15.75 16.25 16.75 17.25 17.75 18.25 18.75 19.25 19.75 20.5 21.5 22.5 23.5 24.5 25.5 25.99974
0.0020945272744327514 0.004277098709440897 0.00672240820006628 0.009605617118301164 0.019996462634575544 0.03609953868478318 0.058272963030961904 0.0781671490731498 0.10121248196978892 0.1228586979784991 0.14399962263416255 0.16679808927822007 0.19161053307587775 0.21689279120870142 0.24779327378281668 0.2779857689193239 0.3112140625737162 0.34458751422500583 0.3788020721783793 0.41405282801321147 0.45025725283637263 0.4842377841438163 0.5170623506154847 0.548485062577357 0.5779987235477185 0.6082373740283368 0.636942235836544 0.6879648154756586 0.7288684082574945 0.7660602500625283 0.8026837391546633 0.8355374108693403 0.8653858141532706 0.8918782772557053 0.9148198046541772 0.934362038186848 0.9527276066201515 0.9663171039345403 0.9762994226246067 0.9840617204932812 0.9902835793496402 0.9943250952912479 0.996817383013493 0.998165645613485 0.9988473816588097 0.9992018663885065 0.9994421645899348 0.9995451585673276 0.999563313963247 0.9995749632647187 0.999583653501132 0.9995920593610704 0.999600571011683 0.9996093491241573 0.9996186027183245 0.9996285198095715 0.9996393367139006 0.99965131782795 0.9996647524911351 0.9996800076088238 0.9996975098177714 0.9997176407840909 0.9997406790728143 0.9997667580429483 0.9997956197816962 0.9998265926911787 0.9998584507650649 0.9998900003361828 0.9999180668838303 0.9999412726317627 0.9999602638828734 0.9999758704407681 0.999989055708202 1.0 1.0
0.0 0.0015 0.0035 0.0075 0.015 0.035 0.07499999 0.15 0.25 0.35 0.45 0.55 0.65 0.75 0.85 0.95 1.05 1.15 1.25 1.35 1.45 1.55 1.65 1.75 1.85 1.95 2.1 2.3 2.5 2.7 2.9 3.1 3.300001 3.500001 3.700001 3.9 4.25 4.75 5.25 5.75 6.25 6.75 7.25 7.75 8.25 8.75 9.25 9.75 10.25 10.75 11.25 11.75 12.25 12.75 13.25 13.75 14.25 14.75 15.25 15.75 16.25 16.75 17.25 17.75 18.25 18.75 19.25 19.75 20.5 21.5 22.5 23.5 24.5 25.5 26.5 27.5 27.99972
0.004026049286055128 0.008166328638345396 0.012649284126794455 0.017703152445631764 0.03030858486453383 0.049056568899353704 0.07526067140528386 0.09855479551304425 0.12330973696421302 0.14646465748543738 0.16813376058036444 0.19078730443925096 0.221166920789293 0.24769985251047186 0.2792422539657824 0.3099116056514556 0.34202686838111457 0.37517346265520163 0.4079639776236911 0.44166535498718745 0.47567521774848165 0.5084804671408237 0.5394366947776476 0.5692163403884585 0.5974407777179035 0.6256997776619424 0.6525125071858039 0.7025684387735915 0.7424698991937538 0.7779399855464878 0.8126555850226852 0.8437780788357723 0.8717205152302299 0.8965578319545177 0.9181319347344667 0.9363366044679026 0.9544654458249259 0.9674467373025062 0.9770585269833455 0.9844738218816033 0.9903509319924373 0.9942435777111868 0.9967002811690022 0.9981143489824104 0.9988144366160837 0.9991869347261186 0.9994355113315361 0.9995360574461514 0.9995549982902007 0.9995662874213802 0.9995746104333506 0.9995826388349691 0.9995907457055978 0.9995991215458684 0.9996079526376482 0.9996174465128757 0.9996278404379623 0.9996394041638023 0.9996524253475997 0.9996673426939338 0.9996845172821269 0.9997043339103299 0.9997271663297819 0.9997529079776295 0.9997814163534005 0.9998119973922933 0.9998433314024328 0.9998743346302255 0.9999018512839581 0.9999245369841737 0.9999430445455364 0.999958203627047 0.9999709702787505 0.9999819589870591 0.9999916267847382 1.0 1.0
0.0 0.0015 0.0035 0.0075 0.015 0.035 0.07499999 0.15 0.25 0.35 0.45 0.55 0.65 0.75 0.85 0.95 1.05 1.15 1.25 1.35 1.45 1.55 1.65 1.75 1.85 1.95 2.1 2.3 2.5 2.7 2.9 3.1 3.300001 3.500001 3.700001 3.9 4.25 4.75 5.25 5.75 6.25 6.75 7.25 7.75 8.25 8.75 9.25 9.75 10.25 10.75 11.25 11.75 12.25 12.75 13.25 13.75 14.25 14.75 15.25 15.75 16.25 16.75 17.25 17.75 18.25 18.75 19.25 19.75 20.5 21.5 22.5 23.5 24.5 25.5 26.5 27.5 28.5 29.5 29.9997
0.0058225113390576325 0.011775729952622677 0.018121062773179774 0.025122200168963077 0.039206105884442066 0.05952636862989502 0.08766340013906877 0.11284739626403607 0.1375093401770526 0.16259331602762847 0.18488495004784425 0.20895958331828363 0.2434758853832135 0.2736863801377519 0.3049108178566585 0.3367094657862239 0.3688886812630206 0.4024979916804421 0.4349226422259252 0.467215602964507 0.49998095613823235 0.5309942941065273 0.5608682600913649 0.5894410332924312 0.6163287558214552 0.6428111723132063 0.6680345154331101 0.7167045089096874 0.756876313132999 0.7904696745362128 0.8231056990273943 0.8523191290484546 0.8786796505911225 0.902068826611019 0.9224425421653112 0.939687112924456 0.9568242601418694 0.9691711795892793 0.9782730245588995 0.9852345575210261 0.9907059970876474 0.9943572839698019 0.9966662396653492 0.9980459626835944 0.998771154762791 0.9991575864289425 0.99943235229838 0.9995415512532975 0.9995655116386152 0.9995778631066544 0.9995857233505724 0.9995932158836462 0.9996007665308453 0.9996085514015806 0.9996167480828699 0.9996255641708601 0.9996352248863486 0.9996459801581569 0.9996581220802178 0.9996720722884089 0.9996881867336522 0.9997068227073787 0.9997283340735806 0.9997527217462417 0.9997797511362321 0.9998087612810626 0.9998385729895297 0.9998679409589483 0.9998939539991508 0.9999152994773254 0.9999326744583144 0.9999468716096472 0.999958798547527 0.9999690389114286 0.9999780254116651 0.999986066791904 0.9999934113357963 0.9999999999999999 1.0
0.0 0.0015 0.0035 0.0075 0.015 0.035 0.07499999 0.15 0.25 0.35 0.45 0.55 0.65 0.75 0.85 0.95 1.05 1.15 1.25 1.35 1.45 1.55 1.65 1.75 1.85 1.95 2.1 2.3 2.5 2.7 2.9 3.1 3.300001 3.500001 3.700001 3.9 4.25 4.75 5.25 5.75 6.25 6.75 7.25 7.75 8.25 8.75 9.25 9.75 10.25 10.75 11.25 11.75 12.25 12.75 13.25 13.75 14.25 14.75 15.25 15.75 16.25 16.75 17.25 17.75 18.25 18.75 19.25 19.75 20.5 21.5 22.5 23.5 24.5 25.5 26.5 27.5 28.5 29.5 30.5 31.5 32.5 33.5 34.5 34.99965
0.008370063141460738 0.01686990657446712 0.025751553767940277 0.03527606376394328 0.050075936666541684 0.07040642442904149 0.09922923046219384 0.12746187074497176 0.1523530072797433 0.17749395171548468 0.20083296562316716 0.2242765878032371 0.2609898783959799 0.29193239881351135 0.3254422440765758 0.35742207757275307 0.39008917038717766 0.4232488124921395 0.45537226200123604 0.4871960944148269 0.5182923301300725 0.5480856236488417 0.5773830512480433 0.6056524583057921 0.632751050496541 0.6580984476195321 0.6822269238148138 0.7269886123403456 0.7678438496999431 0.7991755212570272 0.829510859525691 0.8571321644034282 0.8820188787661595 0.9041712565899814 0.9236256313965232 0.9404596451725883 0.9569538538707539 0.9690148425683314 0.9779041000808497 0.9847535336312386 0.989991647208279 0.9935774610217456 0.9959701653488344 0.9975256060989307 0.9984132007166393 0.9989558405175891 0.999350554928846 0.9995392201760518 0.9996062120487254 0.9996363788813236 0.9996437506421149 0.9996498334443348 0.9996559124817325 0.9996621479833457 0.9996686959950764 0.9996757141464419 0.999683393711323 0.9996919490156656 0.9997016200818214 0.9997127424719732 0.9997256259622607 0.999740577535086 0.9997578961651344 0.9997776156162873 0.999799532707667 0.9998231088605503 0.9998473846428818 0.9998714058515255 0.9998926850147088 0.9999101397460658 0.999924289591052 0.9999357977410155 0.999945404267363 0.9999536141791537 0.9999607783966545 0.9999671598747644 0.9999729606290588 0.9999783066615615 0.9999832788113698 0.9999879123064627 0.9999922400591541 0.9999962928304313 0.9999999999999999 1.0
0.0 0.0015 0.0035 0.0075 0.015 0.035 0.07499999 0.15 0.25 0.35 0.45 0.55 0.65 0.75 0.85 0.95 1.05 1.15 1.25 1.35 1.45 1.55 1.65 1.75 1.85 1.95 2.1 2.3 2.5 2.7 2.9 3.1 3.300001 3.500001 3.700001 3.9 4.25 4.75 5.25 5.75 6.25 6.75 7.25 7.75 8.25 8.75 9.25 9.75 10.25 10.75 11.25 11.75 12.25 12.75 13.25 13.75 14.25 14.75 15.25 15.75 16.25 16.75 17.25 17.75 18.25 18.75 19.25 19.75 20.5 21.5 22.5 23.5 24.5 25.5 26.5 27.5 28.5 29.5 30.5 31.5 32.5 33.5 34.5 35.5 36.5 37.5 38.5 39.5 39.9996
0.007981732321687711 0.016062652549446416 0.024441119827728407 0.0333341974793016 0.04658693816991182 0.06417141139738054 0.08834201613676572 0.11670960574861768 0.14250508294561404 0.16671185657161566 0.19108829212616557 0.2147178788108204 0.2502789705467107 0.28204293528567764 0.31489637598468284 0.3473980678215536 0.3807840260535498 0.41444422839064504 0.4470940808363704 0.4793215134156969 0.5103345684294637 0.5403990046134758 0.5698128554117463 0.5987409188179245 0.6269633631575103 0.6536711690780835 0.6783830343113216 0.7202337090547417 0.7630534887337839 0.7942026733149418 0.8244207552929592 0.8524307471988419 0.8774632987816198 0.8997236650635411 0.9197210439644832 0.937543713629996 0.9541618699717536 0.9666238681893056 0.9760198509502775 0.9832650592782077 0.988787937651694 0.9926296401118132 0.9952521783489441 0.9970139501181609 0.9980745082426935 0.9987566220787187 0.9992255010087723 0.9994888505057955 0.9996033482909399 0.9996512147137018 0.9996594616744237 0.9996650962929887 0.9996706775294896 0.9996763801219236 0.9996823419575421 0.9996887185004325 0.9996956815641703 0.999703430615544 0.9997121860165634 0.9997222650745831 0.9997339502311807 0.9997475392015992 0.9997633172912284 0.9997813286997509 0.9998014014469141 0.9998230492907525 0.999845388540664 0.9998675303542149 0.9998872036829235 0.999903361644353 0.9999164620847867 0.9999271083139815 0.9999359941472491 0.9999435693697718 0.9999501675929349 0.9999560250585111 0.9999613314902663 0.9999662010467225 0.999970714444955 0.9999749033687266 0.9999788015625328 0.9999824378917815 0.9999858392217582 0.9999890304630826 0.9999920347080813 0.9999948733065493 0.9999974928915749 1.0 1.0
0.0 0.0015 0.0035 0.0075 0.015 0.035 0.07499999 0.15 0.25 0.35 0.45 0.55 0.65 0.75 0.85 0.95 1.05 1.15 1.25 1.35 1.45 1.55 1.65 1.75 1.85 1.95 2.1 2.3 2.5 2.7 2.9 3.1 3.300001 3.500001 3.700001 3.9 4.25 4.75 5.25 5.75 6.25 6.75 7.25 7.75 8.25 8.75 9.25 9.75 10.25 10.75 11.25 11.75 12.25 12.75 13.25 13.75 14.25 14.75 15.25 15.75 16.25 16.75 17.25 17.75 18.25 18.75 19.25 19.75 20.5 21.5 22.5 23.5 24.5 25.5 26.5 27.5 28.5 29.5 30.5 31.5 32.5 33.5 34.5 35.5 36.5 37.5 38.5 39.5 41.0 43.0 44.99955
0.000587574124178746 0.00131564075357924 0.0024651667459756658 0.0043790358199765796 0.01078382161320218 0.022495724963703268 0.04257956994757534 0.07292335098183016 0.10146577160799178 0.12932757762943237 0.15565051084104284 0.1816369251334537 0.21744113959150688 0.25004121849669325 0.2832414088644309 0.31680058010652645 0.3510046920119109 0.38583423440730563 0.4206052936376534 0.455383645505586 0.488314418690862 0.52013180185007 0.5510150644313714 0.5814731757124371 0.6114368240663521 0.6399711943782967 0.666012934849787 0.7063052152687364 0.7517826872899125 0.7851172705502841 0.8162085153671206 0.8451221975430535 0.8710302238738928 0.894638559561678 0.9157315193251134 0.9344472844399941 0.9517748439003408 0.9649360342698738 0.974697507491885 0.9823301240524984 0.9880813679741669 0.9921705250806818 0.9949238035750732 0.9967847315728929 0.9979855344363177 0.9987181191861855 0.9991994045382095 0.9994709793627307 0.9995864262354783 0.999643781882987 0.9996527388362191 0.9996585523627383 0.9996642583465306 0.9996700618180496 0.9996760916296775 0.9996825153857994 0.9996894991596622 0.99969724555084 0.9997059777424562 0.999716021598602 0.9997276671357935 0.9997412188926821 0.9997569751886566 0.9997749922654221 0.9997951147361291 0.9998168695264308 0.9998393673133799 0.9998617015684559 0.9998816155202398 0.9998980108533139 0.9999113204693786 0.9999221418122436 0.9999311732229896 0.999938868234221 0.9999455639173291 0.9999515006610109 0.9999568700785292 0.9999617919617168 0.9999663434357408 0.9999705592116619 0.9999744713960275 0.9999781104063974 0.9999815027930236 0.9999846750903729 0.9999876523333444 0.9999904563051409 0.9999931070526237 0.9999956229810205 0.9999979186307216 1.0 1.0
0.0 0.0015 0.0035 0.0075 0.015 0.035 0.07499999 0.15 0.25 0.35 0.45 0.55 0.65 0.75 0.85 0.95 1.05 1.15 1.25 1.35 1.45 1.55 1.65 1.75 1.85 1.95 2.1 2.3 2.5 2.7 2.9 3.1 3.300001 3.500001 3.700001 3.9 4.25 4.75 5.25 5.75 6.25 6.75 7.25 7.75 8.25 8.75 9.25 9.75 10.25 10.75 11.25 11.75 12.25 12.75 13.25 13.75 14.25 14.75 15.25 15.75 16.25 16.75 17.25 17.75 18.25 18.75 19.25 19.75 20.5 21.5 22.5 23.5 24.5 25.5 26.5 27.5 28.5 29.5 30.5 31.5 32.5 33.5 34.5 35.5 36.5 37.5 38.5 39.5 41.0 43.0 45.0 47.0 49.0 49.9995
0.0004689167662963604 0.001042429767785415 0.001929679949692123 0.0034423439645788153 0.008770825608833096 0.01810733303285243 0.03380019481468544 0.060895394341286185 0.08906582665847401 0.1179012685385067 0.14652630272006684 0.17282876452296833 0.20757990099867626 0.2410145935535012 0.2734960546883166 0.30669607645828717 0.34234260217700224 0.3780445932154739 0.412771163515621 0.4482361547681786 0.4827816691640297 0.5142654404818953 0.5454100869125866 0.5765397065008245 0.6065564304799693 0.6356530235678636 0.6625857672945217 0.7009204707020767 0.7460860225531973 0.7808725407025376 0.8122408669473293 0.8412961601465696 0.8673052635283255 0.8914320554920099 0.9129711039495367 0.9320052160550207 0.9497500506012971 0.9632955207643135 0.9734783744117658 0.9813575365412047 0.9874372454532853 0.9916400251730306 0.9945639791246252 0.996582029829114 0.9979080081379651 0.998695129459657 0.9992047922590127 0.9994773263797931 0.9996023776251145 0.9996509550039974 0.9996600117393715 0.9996657704816285 0.9996713907599871 0.9996770828066729 0.9996829686390084 0.9996892126908494 0.9996959729195142 0.9997034410049805 0.9997118313110583 0.9997214625280431 0.9997326128918014 0.9997455723629648 0.9997606372351342 0.9997778753524293 0.999797143688662 0.9998179997336307 0.9998396008994178 0.999861075086791 0.9998802845599147 0.999896134496866 0.9999090237949084 0.9999195159925385 0.9999282780773744 0.9999357449664361 0.9999422409013369 0.9999479976655382 0.9999532003348643 0.9999579646574772 0.9999623651135546 0.9999664353300436 0.999970206732506 0.9999737086248802 0.9999769682054317 0.9999800106784187 0.9999828593019477 0.9999855353720215 0.9999880586851491 0.9999904467247903 0.9999926131902898 0.999994613291734 0.9999964924446438 0.9999982882799335 1.0 1.0
0.0 0.0015 0.0035 0.0075 0.015 0.035 0.07499999 0.15 0.25 0.35 0.45 0.55 0.65 0.75 0.85 0.95 1.05 1.15 1.25 1.35 1.45 1.55 1.65 1.75 1.85 1.95 2.1 2.3 2.5 2.7 2.9 3.1 3.300001 3.500001 3.700001 3.9 4.25 4.75 5.25 5.75 6.25 6.75 7.25 7.75 8.25 8.75 9.25 9.75 10.25 10.75 11.25 11.75 12.25 12.75 13.25 13.75 14.25 14.75 15.25 15.75 16.25 16.75 17.25 17.75 18.25 18.75 19.25 19.75 20.5 21.5 22.5 23.5 24.5 25.5 26.5 27.5 28.5 29.5 30.5 31.5 32.5 33.5 34.5 35.5 36.5 37.5 38.5 39.5 41.0 43.0 45.0 47.0 49.0 51.0 53.0 54.99945
0.005007007420720251 0.01006302073180097 0.01526157050772378 0.02081343292088678 0.029285227529358842 0.03989748340374626 0.05383292634892921 0.07514431475989096 0.09937162943937208 0.12670021358271064 0.15511960353797133 0.18272410240233022 0.2155829497973986 0.24829431845294936 0.2809022309306287 0.31317400557031555 0.34734337683516336 0.382781649490415 0.4170642193723508 0.45134768928513797 0.4850893406253549 0.5171241545108726 0.5477447672885302 0.5777725755353839 0.6077396080147426 0.6376172847995693 0.6647973954324491 0.7012957781105843 0.7447099662711972 0.7800153027906889 0.8108283642704066 0.8394771199826514 0.8652830098254934 0.8892497892585035 0.9111482820048767 0.930542194161871 0.9481670404152968 0.9620065827047559 0.9724398934978581 0.9805810120345045 0.9867318591903181 0.99112695616216 0.9942130324736443 0.9963893528634831 0.9978407596677404 0.9986862603341995 0.999209780332159 0.9994953465419097 0.9996184653937825 0.9996669232127244 0.9996747503389191 0.9996803101926587 0.9996857433788986 0.9996912192455488 0.999696860054695 0.9997028148324983 0.9997092420317586 0.9997163236323979 0.9997242596781156 0.9997333388419646 0.9997438332174824 0.9997560267565078 0.9997702013897573 0.9997864245248045 0.9998045790944791 0.9998242523477904 0.9998446527312894 0.9998649506375916 0.9998831585775168 0.9998982143725499 0.9999104782403018 0.9999204742829482 0.9999288308009735 0.9999359570241951 0.9999421588052021 0.9999476553094019 0.9999526218691204 0.9999571680670611 0.999961364468801 0.9999652428596401 0.9999688330669165 0.9999721629915868 0.9999752586082252 0.9999781439966049 0.9999808414048567 0.9999833713126299 0.9999857525416226 0.9999880022871609 0.9999900348726238 0.9999919024998006 0.999993647959632 0.9999953070954516 0.9999969088187768 0.9999984768746322 1.0 1.0
0.0 0.0015 0.0035 0.0075 0.015 0.035 0.07499999 0.15 0.25 0.35 0.45 0.55 0.65 0.75 0.85 0.95 1.05 1.15 1.25 1.35 1.45 1.55 1.65 1.75 1.85 1.95 2.1 2.3 2.5 2.7 2.9 3.1 3.300001 3.500001 3.700001 3.9 4.25 4.75 5.25 5.75 6.25 6.75 7.25 7.75 8.25 8.75 9.25 9.75 10.25 10.75 11.25 11.75 12.25 12.75 13.25 13.75 14.25 14.75 15.25 15.75 16.25 16.75 17.25 17.75 18.25 18.75 19.25 19.75 20.5 21.5 22.5 23.5 24.5 25.5 26.5 27.5 28.5 29.5 30.5 31.5 32.5 33.5 34.5 35.5 36.5 37.5 38.5 39.5 41.0 43.0 45.0 47.0 49.0 51.0 53.0 55.0 57.0 59.0 59.9994
0.00038905698527991076 0.000844840717856693 0.0015007877777364037 0.0026080592993740605 0.0067183675366361195 0.01349692270602603 0.024491461625645354 0.04459509965083762 0.06948637919233615 0.09738012816021054 0.12593136666824933 0.15501276365203986 0.18926939017053218 0.2221565043274368 0.25553108389021406 0.28923318842107704 0.32423825291659614 0.35985760969757535 0.3955742904138523 0.43166935370945747 0.466451145647529 0.49934661951411663 0.531484157212131 0.563218021769422 0.5939582681483807 0.6242240928708166 0.6529224557636654 0.6896755290482868 0.7332523861339274 0.7707597361811325 0.8030709086273484 0.8329605464140497 0.8598640113290489 0.8848671711096706 0.9076524055800409 0.9275663074706773 0.945842942329471 0.960270129300373 0.971125553868293 0.9795647214533367 0.9860071122037001 0.9906448221642017 0.993892871886938 0.9961839918225927 0.9977387080224378 0.9986717677482094 0.9992140897641902 0.9994944194545478 0.9996165457051612 0.9996603128513584 0.9996696100845919 0.9996753842856989 0.9996809917480052 0.9996866236226153 0.9996924056141911 0.9996984788131636 0.9997050037454754 0.9997121512484624 0.9997201279728464 0.9997292219382753 0.9997397013710757 0.999751847297364 0.9997659422720743 0.9997820632240527 0.9998000980778918 0.9998196459741274 0.9998399262394817 0.9998601193296534 0.9998782729108867 0.9998933223399992 0.9999056113246655 0.9999156494656318 0.9999240553488864 0.9999312318668967 0.9999374814492378 0.9999430224404672 0.9999480301179996 0.9999526139387344 0.9999568443421706 0.9999607528479918 0.999964369203103 0.9999677213003096 0.9999708351945824 0.999973735086793 0.9999764433725058 0.9999789806745067 0.9999813659566509 0.9999836165563906 0.9999856439161009 0.9999875005360598 0.9999892295322018 0.9999908660998804 0.9999924387873418 0.999993970949728 0.9999954815557733 0.9999969859814885 0.9999984968558902 1.0 1.0
0.0 0.0015 0.0035 0.0075 0.015 0.035 0.07499999 0.15 0.25 0.35 0.45 0.55 0.65 0.75 0.85 0.95 1.05 1.15 1.25 1.35 1.45 1.55 1.65 1.75 1.85 1.95 2.1 2.3 2.5 2.7 2.9 3.1 3.300001 3.500001 3.700001 3.9 4.25 4.75 5.25 5.75 6.25 6.75 7.25 7.75 8.25 8.75 9.25 9.75 10.25 10.75 11.25 11.75 12.25 12.75 13.25 13.75 14.25 14.75 15.25 15.75 16.25 16.75 17.25 17.75 18.25 18.75 19.25 19.75 20.5 21.5 22.5 23.5 24.5 25.5 26.5 27.5 28.5 29.5 30.5 31.5 32.5 33.5 34.5 35.5 36.5 37.5 38.5 39.5 41.0 43.0 45.0 47.0 49.0 51.0 53.0 55.0 57.0 59.0 61.0 63.0 65.0 67.0 69.0 69.9993
0.00040781143793835534 0.0008628339328990034 0.00145948367516575 0.0024061631763351472 0.005849725946494835 0.011369254226981549 0.02002622671189552 0.03539856529332377 0.05767697393114243 0.08299244535599948 0.10995572602594542 0.13854888010973082 0.1734967979345275 0.2078779105820608 0.24190478233497278 0.2755101949633058 0.3116000822272849 0.3481555770885422 0.38413018138579347 0.41976395552463286 0.4544350527172197 0.48835532968588063 0.5218340890177672 0.5532805047555122 0.584485329782795 0.6159101237936944 0.6461624080876142 0.6822303774367088 0.7240749514747236 0.7631642033703352 0.797119134339557 0.8278415842355771 0.8554963817020884 0.8807035634889158 0.9042928016579181 0.9255454782069634 0.9442134862887317 0.9591517366166967 0.9702710107715609 0.9790471808417844 0.9856657855969418 0.9903915167690466 0.9937665909916592 0.9961406714087098 0.9977061388980218 0.9986621894596468 0.9992273730073967 0.9994918034357404 0.9996066223745405 0.999655964833601 0.9996642763800764 0.9996706656003592 0.9996769325937113 0.9996832226239107 0.9996896541168089 0.9996963663466031 0.9997035097603626 0.9997112465868583 0.9997197742189631 0.9997293554248323 0.9997402459628376 0.9997526998471322 0.9997669650529244 0.9997830983002235 0.9998009735774739 0.9998201904219918 0.9998399777575827 0.9998595429521444 0.9998769912249719 0.9998913658557894 0.9999030612189711 0.9999126015344361 0.9999205913384267 0.999927420759955 0.9999333793721938 0.9999386729106461 0.9999434662368651 0.999947861469905 0.9999519237382243 0.9999556810645026 0.9999591600398438 0.9999623857250469 0.9999653816835162 0.9999681699154408 0.9999707712198028 0.9999732053918365 0.9999754905977415 0.9999776435063223 0.9999795760345473 0.9999813384356537 0.9999829718468691 0.99998450959593 0.9999859785339273 0.9999874001690494 0.999988791662102 0.9999901666755813 0.9999915360812336 0.9999929085359773 0.9999942910545323 0.9999956893253545 0.9999971079985961 0.9999985509905213 1.0 1.0
0.0 0.0015 0.0035 0.0075 0.015 0.035 0.07499999 0.15 0.25 0.35 0.45 0.55 0.65 0.75 0.85 0.95 1.05 1.15 1.25 1.35 1.45 1.55 1.65 1.75 1.85 1.95 2.1 2.3 2.5 2.7 2.9 3.1 3.300001 3.500001 3.700001 3.9 4.25 4.75 5.25 5.75 6.25 6.75 7.25 7.75 8.25 8.75 9.25 9.75 10.25 10.75 11.25 11.75 12.25 12.75 13.25 13.75 14.25 14.75 15.25 15.75 16.25 16.75 17.25 17.75 18.25 18.75 19.25 19.75 20.5 21.5 22.5 23.5 24.5 25.5 26.5 27.5 28.5 29.5 30.5 31.5 32.5 33.5 34.5 35.5 36.5 37.5 38.5 39.5 41.0 43.0 45.0 47.0 49.0 51.0 53.0 55.0 57.0 59.0 61.0 63.0 65.0 67.0 69.0 71.0 73.0 75.0 77.0 79.0 79.9992
0.0003196114379313781 0.000676757309267613 0.001146513973186555 0.0019196123143799446 0.004778796563566307 0.009400925045445421 0.016561707607748916 0.029111497495086278 0.048036436871641386 0.07124536250128077 0.09581297081849889 0.12239983894732988 0.15555854621369786 0.19092770187681504 0.22674889708416737 0.2616728562326141 0.29776214502159715 0.33478413374533184 0.3725005817467846 0.40950350655603857 0.44511661372568 0.4787259453111906 0.5117765793296164 0.5444396581189019 0.5766452029606521 0.6092665742339778 0.6399272926642248 0.6758972696530609 0.7164819127251121 0.7559892032082566 0.791665029824054 0.8231538713795742 0.8511092621728031 0.876719341942826 0.9005457885542753 0.9224163940879602 0.9418848797982575 0.9575158494727242 0.9689590232461843 0.9782133865820732 0.9851838030547646 0.9901599659107414 0.9936762058709379 0.9961037514618394 0.9976456465259333 0.9986355518568866 0.999202781066817 0.999496604772605 0.9996105317245237 0.9996460731880042 0.9996544982061264 0.9996606498566091 0.9996667657435212 0.9996729833934423 0.9996794409156918 0.999686277901413 0.9996936538547984 0.9997017178739739 0.9997106707544058 0.9997207798071395 0.9997322927132156 0.9997454481794833 0.9997604808502626 0.9997774076083566 0.9997960494527656 0.9998159366952559 0.999836262824022 0.9998561047793094 0.9998734935667718 0.9998876164809125 0.999898995956237 0.9999082313821962 0.9999159440592554 0.9999225299840451 0.9999282755648246 0.9999333838614199 0.9999380148608658 0.9999422678287146 0.9999462055676617 0.9999498548004861 0.9999532406182967 0.9999563866803268 0.9999593151473366 0.9999620467815107 0.9999646008965088 0.999966995424066 0.9999692469472898 0.999971370717312 0.9999732796894646 0.9999750203330798 0.9999766306760882 0.9999781424511665 0.9999795818532983 0.9999809696996126 0.9999823224150453 0.9999836528798094 0.9999849711386735 0.99998628499702 0.9999876005086823 0.9999889223688779 0.9999902542355474 0.9999915989857603 0.9999929588872063 0.9999943358912315 0.9999957315928776 0.9999971474023749 0.9999985601283463 1.0 1.0
0.0 0.0015 0.0035 0.0075 0.015 0.035 0.07499999 0.15 0.25 0.35 0.45 0.55 0.65 0.75 0.85 0.95 1.05 1.15 1.25 1.35 1.45 1.55 1.65 1.75 1.85 1.95 2.1 2.3 2.5 2.7 2.9 3.1 3.300001 3.500001 3.700001 3.9 4.25 4.75 5.25 5.75 6.25 6.75 7.25 7.75 8.25 8.75 9.25 9.75 10.25 10.75 11.25 11.75 12.25 12.75 13.25 13.75 14.25 14.75 15.25 15.75 16.25 16.75 17.25 17.75 18.25 18.75 19.25 19.75 20.5 21.5 22.5 23.5 24.5 25.5 26.5 27.5 28.5 29.5 30.5 31.5 32.5 33.5 34.5 35.5 36.5 37.5 38.5 39.5 41.0 43.0 45.0 47.0 49.0 51.0 53.0 55.0 57.0 59.0 61.0 63.0 65.0 67.0 69.0 71.0 73.0 75.0 77.0 79.0 81.0 83.0 85.0 87.0 89.0 91.0 93.0 95.0 97.0 99.0 99.999
0.0027708211389604644 0.0055597307006964095 0.00840282020800985 0.01152271344283848 0.016322275332303727 0.02232765009670883 0.029833037266382468 0.0405787816814238 0.05544262522810955 0.07465389537965202 0.09604658381245125 0.11922790474226497 0.14765088654868389 0.17846313954476 0.2125461982966102 0.24825898847303546 0.2845796279508864 0.3213178135401233 0.3577796370725454 0.39446336667201704 0.43099548945758615 0.4667201578990601 0.5024374484322432 0.5353179583225492 0.5679440391215036 0.5996708014166696 0.6309203251360928 0.6667075301335551 0.7050178626568073 0.7438893344589278 0.7807095469968034 0.8144147598104514 0.8445845826968545 0.8714659999192708 0.896381765035546 0.9196178765541405 0.9396904380313649 0.9560789154518714 0.9682233573632967 0.9776570453510159 0.9848074580981888 0.9899137987679687 0.9935004158044797 0.9960335043429596 0.9976768802134863 0.9986163306904878 0.9991737619430668 0.9994338636588271 0.9995513796847405 0.9995984704809776 0.9996114968388979 0.9996228227646219 0.9996324583797693 0.9996411774780237 0.999650091329635 0.9996593404327299 0.9996691075118306 0.9996795603348836 0.9996908556280675 0.9997032616561433 0.9997169715496624 0.999732204203301 0.9997491585027135 0.9997677657212625 0.9997878349702095 0.9998088442750903 0.9998299568037675 0.9998503114656746 0.9998677766977838 0.9998816344171481 0.9998925671555688 0.999901293782301 0.9999084924793592 0.9999145899441375 0.9999198832671021 0.9999245759179142 0.9999288255094398 0.9999327284731155 0.999936345337903 0.9999397021188758 0.9999428225223741 0.999945728297334 0.9999484395698862 0.9999509750273857 0.9999533519686017 0.9999555864542868 0.9999576933071775 0.9999596861621837 0.9999614877436626 0.9999631400939806 0.9999646779428425 0.9999661295688842 0.9999675176830138 0.9999688602548714 0.9999701712690228 0.9999714613991766 0.9999727385937325 0.9999740085826986 0.9999752753009593 0.9999765412429504 0.9999778078340634 0.9999790765917053 0.999980348728797 0.9999816250149166 0.9999829059101377 0.9999841916637363 0.9999854823928224 0.9999867781442398 0.9999880789397372 0.9999893848111018 0.9999906958202341 0.999992012089263 0.999993333793853 0.9999946612133942 0.9999959946925235 0.9999973346612007 0.9999986620673578 1.0 1.0
0.0 0.0015 0.0035 0.0075 0.015 0.035 0.07499999 0.15 0.25 0.35 0.45 0.55 0.65 0.75 0.85 0.95 1.05 1.15 1.25 1.35 1.45 1.55 1.65 1.75 1.85 1.95 2.1 2.3 2.5 2.7 2.9 3.1 3.300001 3.500001 3.700001 3.9 4.25 4.75 5.25 5.75 6.25 6.75 7.25 7.75 8.25 8.75 9.25 9.75 10.25 10.75 11.25 11.75 12.25 12.75 13.25 13.75 14.25 14.75 15.25 15.75 16.25 16.75 17.25 17.75 18.25 18.75 19.25 19.75 20.5 21.5 22.5 23.5 24.5 25.5 26.5 27.5 28.5 29.5 30.5 31.5 32.5 33.5 34.5 35.5 36.5 37.5 38.5 39.5 41.0 43.0 45.0 47.0 49.0 51.0 53.0 55.0 57.0 59.0 61.0 63.0 65.0 67.0 69.0 71.0 73.0 75.0 77.0 79.0 81.0 83.0 85.0 87.0 89.0 91.0 93.0 95.0 97.0 99.0 101.0 103.0 105.0 107.0 109.0 111.0 113.0 115.0 117.0 119.0 119.9988
0.0025199480782668805 0.005054865827864437 0.007632940476900003 0.010500272535766263 0.014833207513669906 0.020210559569794142 0.02686821479573571 0.03625771317552695 0.04913846853896517 0.06559364496926898 0.0846274550890497 0.10588757559088159 0.13188612628246085 0.16021812541140795 0.1910233501319787 0.22341515889539348 0.25851862058988856 0.2953969163782892 0.33245282681423277 0.3698408720392244 0.4067142591798472 0.44287054060309916 0.47895856114319124 0.5149610212254898 0.5507306273288294 0.5860918952951539 0.619144377370411 0.6544952826358713 0.6914955617303332 0.7301050591879479 0.7683411585361325 0.8041865418895418 0.8360253608017397 0.8646198703233033 0.8909285350645941 0.9158335481123431 0.9370188969551431 0.9543281525329088 0.967416870940533 0.9771109253490624 0.9844151347069185 0.9897141375860645 0.9934707581138488 0.9959425400857962 0.9974368775130803 0.9984203781019393 0.9990513263131429 0.9993323077087324 0.9994706168705122 0.999517686371283 0.9995423127844816 0.9995591965727868 0.9995730373403482 0.9995854572929926 0.9995966262733423 0.9996083020715749 0.9996205768782317 0.9996337194758663 0.9996478674429677 0.999663264780236 0.9996802081029394 0.999698763302857 0.999719220092471 0.9997413495719909 0.9997649153423033 0.9997892983683828 0.9998134674933179 0.9998365253549366 0.9998558430996514 0.9998707539012965 0.9998821885110752 0.9998910813787205 0.9998982751383902 0.9999042767954505 0.9999094284212933 0.999913959750861 0.9999180405245119 0.9999217753918899 0.9999252290005677 0.9999284307001686 0.9999314060054346 0.9999341773972908 0.9999367650898217 0.9999391873881927 0.999941461080661 0.9999436015067508 0.9999456227276928 0.9999475375945998 0.9999492745571126 0.9999508731809776 0.9999523662586891 0.9999537806139618 0.9999551379062042 0.9999564553821545 0.9999577465712733 0.9999590218942109 0.9999602892065079 0.9999615542690082 0.9999628211398679 0.9999640925069126 0.9999653699739749 0.9999666542807606 0.9999679455022629 0.9999692431936358 0.9999705465214316 0.999971854360752 0.9999731653770583 0.9999744780892341 0.9999757909241263 0.9999771022506316 0.9999784106234266 0.9999797154613134 0.9999810163398984 0.9999823129131904 0.9999836049170084 0.9999848921758003 0.9999861746060509 0.9999874522145776 0.9999887250985308 0.9999899934488024 0.9999912575432081 0.9999925177481923 0.999993774525645 0.9999950284209715 0.9999962800665011 0.9999975301797827 0.9999987641030487 1.0 1.0
0.0 0.0015 0.0035 0.0075 0.015 0.035 0.07499999 0.15 0.25 0.35 0.45 0.55 0.65 0.75 0.85 0.95 1.05 1.15 1.25 1.35 1.45 1.55 1.65 1.75 1.85 1.95 2.1 2.3 2.5 2.7 2.9 3.1 3.300001 3.500001 3.700001 3.9 4.25 4.75 5.25 5.75 6.25 6.75 7.25 7.75 8.25 8.75 9.25 9.75 10.25 10.75 11.25 11.75 12.25 12.75 13.25 13.75 14.25 14.75 15.25 15.75 16.25 16.75 17.25 17.75 18.25 18.75 19.25 19.75 20.5 21.5 22.5 23.5 24.5 25.5 26.5 27.5 28.5 29.5 30.5 31.5 32.5 33.5 34.5 35.5 36.5 37.5 38.5 39.5 41.0 43.0 45.0 47.0 49.0 51.0 53.0 55.0 57.0 59.0 61.0 63.0 65.0 67.0 69.0 71.0 73.0 75.0 77.0 79.0 81.0 83.0 85.0 87.0 89.0 91.0 93.0 95.0 97.0 99.0 101.0 103.0 105.0 107.0 109.0 111.0 113.0 115.0 117.0 119.0 121.0 123.0 125.0 127.0 129.0 131.0 133.0 135.0 137.0 139.0 139.9986
0.0023900042165870797 0.004791972139094487 0.007229922411612159 0.00994534679799075 0.013935880470931871 0.018825311460322337 0.024830376010063278 0.03321138272873747 0.04465115938609943 0.05916761908340251 0.07584054949272558 0.09505500860342957 0.11884490537295513 0.14503389449466936 0.17386119745298886 0.20412942606540807 0.23618528042386366 0.2700602531990214 0.30569476271423446 0.34272863457613373 0.37982898316736596 0.41661598407163963 0.453502147413018 0.4902253559214472 0.5264472256754061 0.5628005049576583 0.5987516254672081 0.637428519960031 0.675509843311673 0.7132150792603111 0.7509717386171507 0.7871401673266261 0.821730225489525 0.8534057115471261 0.8819135612756503 0.908341438533178 0.9309820896763579 0.949884113422596 0.96407786886399 0.9747138297533183 0.982745218702545 0.9884356021709149 0.992469090443071 0.9951316931115813 0.9969035672588858 0.9981253097148908 0.9988094261401664 0.999148919235303 0.9993352456651586 0.9994093820436053 0.999440492065164 0.9994668883620276 0.9994878493221934 0.9995020223749321 0.9995140049413654 0.9995268752326737 0.9995405983700661 0.999555737502146 0.9995723999671636 0.9995909422200437 0.9996118387912953 0.9996350263446836 0.9996609587606489 0.999689556210973 0.9997200495376158 0.9997516776530825 0.9997830525990573 0.9998125616700877 0.9998369326110172 0.999854694828166 0.999867886449983 0.9998776814425253 0.999885432709871 0.9998917179276048 0.9998970261005826 0.9999016299781407 0.9999057383242279 0.99990946677572 0.9999128952485588 0.9999160605514477 0.9999189953525498 0.9999217234424286 0.9999242682607543 0.9999266494049158 0.9999288845774786 0.9999309893230143 0.999932978010602 0.9999348633601227 0.9999365769017735 0.999938157360135 0.9999396368542225 0.9999410416185711 0.999942392869942 0.9999437075424444 0.99994499896125 0.9999462774320942 0.9999475507588429 0.9999488246943914 0.9999501033231375 0.9999513893838029 0.9999526845413762 0.9999539896134388 0.9999553047543837 0.9999566296098086 0.9999579634375744 0.9999593052078092 0.9999606536853688 0.9999620074894883 0.9999633651516792 0.9999647251508192 0.999966085946487 0.9999674460087878 0.9999688038323897 0.9999701579540676 0.9999715069667395 0.9999728495229754 0.999974184347278 0.9999755102395926 0.9999768260735517 0.9999781308105111 0.9999794238521982 0.9999807052582643 0.9999819751866118 0.9999832338898837 0.9999844817084466 0.99998571907039 0.9999869464897728 0.9999881645683768 0.9999893739886894 0.9999905755174123 0.9999917700089709 0.99999295840025 0.9999941417158581 0.9999953210716356 0.999996497669392 0.9999976728109415 0.9999988351483956 1.0 1.0
0.0 0.0015 0.0035 0.0075 0.015 0.035 0.07499999 0.15 0.25 0.35 0.45 0.55 0.65 0.75 0.85 0.95 1.05 1.15 1.25 1.35 1.45 1.55 1.65 1.75 1.85 1.95 2.1 2.3 2.5 2.7 2.9 3.1 3.300001 3.500001 3.700001 3.9 4.25 4.75 5.25 5.75 6.25 6.75 7.25 7.75 8.25 8.75 9.25 9.75 10.25 10.75 11.25 11.75 12.25 12.75 13.25 13.75 14.25 14.75 15.25 15.75 16.25 16.75 17.25 17.75 18.25 18.75 19.25 19.75 20.5 21.5 22.5 23.5 24.5 25.5 26.5 27.5 28.5 29.5 30.5 31.5 32.5 33.5 34.5 35.5 36.5 37.5 38.5 39.5 41.0 43.0 45.0 47.0 49.0 51.0 53.0 55.0 57.0 59.0 61.0 63.0 65.0 67.0 69.0 71.0 73.0 75.0 77.0 79.0 81.0 83.0 85.0 87.0 89.0 91.0 93.0 95.0 97.0 99.0 101.0 103.0 105.0 107.0 109.0 111.0 113.0 115.0 117.0 119.0 121.0 123.0 125.0 127.0 129.0 131.0 133.0 135.0 137.0 139.0 141.0 143.0 145.0 147.0 149.0 151.0 153.0 155.0 157.0 159.0 159.9984
0.0021458880680109075 0.004302026268264511 0.006487808853457434 0.008938262420647042 0.01258420213259262 0.017039306607200964 0.02247656407912503 0.030028804852870426 0.04029785915932191 0.05328204709551624 0.06812623085704869 0.085177656375032 0.10659480281720041 0.13051282534101383 0.15704584838129346 0.18522770072026568 0.21529369590057515 0.24686092501328313 0.279631618447739 0.3140814520786781 0.3499347038867727 0.38654997784010353 0.42364699347995055 0.46092195170610856 0.4982355931032037 0.5357625004516207 0.5725870085891613 0.6127585190684236 0.654002842821677 0.695104093325802 0.7347830925784702 0.7713645323780658 0.8060548191466613 0.839375431086271 0.8700512038005648 0.8988005182799609 0.9237164939695011 0.9441517779921637 0.9601007349545487 0.9715870233387127 0.9802428205187319 0.9867334588736129 0.9911189935722076 0.9941396625045696 0.9961466216894653 0.9974542968392178 0.9983261403251334 0.9989150075166984 0.9991408465882413 0.9992454883794603 0.9993109428472418 0.9993412991478153 0.9993594767875442 0.9993763741596041 0.999393244398961 0.9994109042653551 0.9994301092792531 0.9994507468417537 0.9994732014236215 0.9994982058257708 0.999525960002057 0.9995567877651269 0.9995910083873493 0.9996278640054737 0.999666996119127 0.9997070382861587 0.9997467791603237 0.9997842827669641 0.9998150713020296 0.9998373210265414 0.9998536662099571 0.9998651571639312 0.9998739624161755 0.9998808482203746 0.9998865233866123 0.9998913279454094 0.9998955266676339 0.9998993039249066 0.9999027216829449 0.9999058609221526 0.9999087519534273 0.9999114251421503 0.9999139123610749 0.9999162336419088 0.9999184089437156 0.9999204555195528 0.9999223883886605 0.9999242201730127 0.9999258861809084 0.9999274245070983 0.9999288666284236 0.999930238103019 0.9999315595401154 0.9999328473864171 0.9999341145926137 0.9999353711927201 0.9999366248016913 0.9999378810494721 0.9999391439424044 0.9999404161774131 0.9999416994017115 0.9999429944307333 0.9999443014261126 0.9999456200464204 0.9999469495670283 0.9999482889763623 0.9999496370558119 0.9999509924432931 0.9999523536913656 0.9999537192981053 0.9999550877470592 0.9999564575308548 0.9999578271711778 0.999959195236932 0.9999605603551377 0.9999619212163785 0.9999632765893309 0.9999646253189483 0.9999659663319086 0.9999672986438796 0.9999686213558862 0.9999699336561265 0.9999712348236046 0.9999725242244976 0.9999738013121557 0.9999750656289191 0.9999763168079334 0.999977554564069 0.9999787786975535 0.9999799891012366 0.9999811862200655 0.9999823708386001 0.9999835438231257 0.9999847061198363 0.9999858587493862 0.9999870028196036 0.999988139516409 0.9999892701110805 0.9999903881655035 0.9999914945931817 0.9999925902894582 0.9999936761315148 0.9999947529838203 0.9999958216963151 0.9999968831044099 0.9999979263241501 0.9999989652760286 1.0 1.0
0.0 0.0015 0.0035 0.0075 0.015 0.035 0.07499999 0.15 0.25 0.35 0.45 0.55 0.65 0.75 0.85 0.95 1.05 1.15 1.25 1.35 1.45 1.55 1.65 1.75 1.85 1.95 2.1 2.3 2.5 2.7 2.9 3.1 3.300001 3.500001 3.700001 3.9 4.25 4.75 5.25 5.75 6.25 6.75 7.25 7.75 8.25 8.75 9.25 9.75 10.25 10.75 11.25 11.75 12.25 12.75 13.25 13.75 14.25 14.75 15.25 15.75 16.25 16.75 17.25 17.75 18.25 18.75 19.25 19.75 20.5 21.5 22.5 23.5 24.5 25.5 26.5 27.5 28.5 29.5 30.5 31.5 32.5 33.5 34.5 35.5 36.5 37.5 38.5 39.5 41.0 43.0 45.0 47.0 49.0 51.0 53.0 55.0 57.0 59.0 61.0 63.0 65.0 67.0 69.0 71.0 73.0 75.0 77.0 79.0 81.0 83.0 85.0 87.0 89.0 91.0 93.0 95.0 97.0 99.0 101.0 103.0 105.0 107.0 109.0 111.0 113.0 115.0 117.0 119.0 121.0 123.0 125.0 127.0 129.0 131.0 133.0 135.0 137.0 139.0 141.0 143.0 145.0 147.0 149.0 151.0 153.0 155.0 157.0 159.0 161.0 163.0 165.0 167.0 169.0 171.0 173.0 175.0 177.0 179.0 181.0 183.0 185.0 187.0 189.0 191.0 193.0 195.0 197.0 198.25 198.75 199.25 199.75 199.998
0.0005363834017630614 0.0010821951829308115 0.0016568641492857542 0.002510317795058101 0.00443874746344385 0.007172485366365225 0.010849003985983572 0.016589044247237842 0.0249189809234393 0.03577863558859542 0.04839680346876585 0.06308428212882974 0.08173208642764343 0.10318957029707133 0.12779991232705357 0.1541321558027864 0.18238191065122586 0.2122911167356788 0.24349243558970754 0.2760532577420235 0.30963640165398193 0.34405287628157705 0.37978067179151687 0.4167398465744524 0.45435848717939187 0.4929984767398514 0.5318131323267504 0.5734762728314503 0.6159880800226569 0.6586095088862396 0.701322934500452 0.7434537648929175 0.7843134836400955 0.8223970483171583 0.8559945363212739 0.8876023156271315 0.9143039385505 0.9371002107127862 0.9551090810789548 0.9678514588784184 0.977039004409216 0.9835154821880612 0.9883658453929448 0.9917372583055293 0.9942446628383599 0.9959544927386814 0.9971367370106784 0.9977984095720727 0.9981980844290292 0.9984136753711667 0.9985850121185568 0.9986516017052074 0.9987089124572439 0.9987591911706972 0.9987969226184311 0.9988328391188662 0.9988711607344345 0.9989123393421879 0.9989599039321398 0.9990179408538418 0.9990810539056035 0.9991487328421252 0.9992213124224728 0.9992976237557322 0.9993781372213083 0.9994623648911727 0.9995453355455143 0.9996250968999817 0.999695970258197 0.9997474172903267 0.9997845402586194 0.9998136286278451 0.999832132029863 0.9998440989702368 0.9998538138118437 0.9998612616765028 0.9998669901766368 0.9998720032079506 0.9998763132452265 0.9998800006878642 0.9998833214024223 0.9998863325745235 0.9998889999271288 0.9998914748743382 0.9998937620894266 0.999895870423004 0.999897848915843 0.999899713550543 0.9999013947544421 0.9999029420489925 0.9999043918628477 0.9999057714822093 0.9999071030622144 0.9999084035105801 0.9999096860002187 0.9999109607703704 0.9999122355290775 0.9999135159853648 0.9999148062135649 0.9999161089642336 0.9999174259235649 0.9999187579289333 0.9999201051539176 0.9999214672475454 0.9999228434620925 0.9999242327465491 0.999925633832455 0.9999270452949383 0.9999284656080314 0.9999298931885438 0.9999313264265796 0.9999327637160584 0.9999342034756968 0.9999356441661752 0.9999370843073054 0.9999385224818452 0.9999399573526662 0.9999413876627523 0.9999428122428315 0.9999442300170969 0.9999456400012993 0.9999470413103779 0.9999484331584595 0.9999498148550439 0.9999511858126339 0.9999525455448272 0.9999538936625022 0.9999552298795402 0.9999565540051952 0.9999578659498167 0.9999591657210344 0.9999604534237585 0.9999617292601799 0.9999629935240472 0.9999642466044819 0.9999654889821639 0.9999667212236084 0.9999679439907038 0.9999691496269093 0.999970338452678 0.9999715107808334 0.9999726669108463 0.9999738071364656 0.9999749317380876 0.9999760409865717 0.9999771351413322 0.9999782144560613 0.999979279169191 0.9999803295134317 0.9999813658473857 0.9999823888539231 0.9999833992197295 0.9999843976124152 0.9999853846862388 0.9999863610840141 0.9999873274294799 0.999988284338746 0.9999892324126616 0.999990172242539 0.9999911044082461 0.9999920294782054 0.9999929480170249 0.9999938605740526 0.9999947676929146 0.9999956699115143 0.9999965593291563 0.9999974455193775 0.9999981795611266 0.9999987786501469 0.9999993317903857 1.0 1.0
