3.436708 4.0 5.0 6.0 7.0 8.0 9.0 10.0 11.0 12.0 13.0 14.0 15.0 16.0 17.0 18.0 19.0 20.0 22.0 24.0 26.0 28.0 30.0 35.0 40.0 45.0 50.0 55.0 60.0 65.0 70.0 75.0 80.0 85.0 90.0 95.0 100.0 110.0 120.0 130.0 140.0 150.0 160.0 180.0 200.0 220.0 250.0
0.0 1.000084 1.001884 1.090002 1.191804 1.365497 1.610845 1.822305 1.975655 2.001485 1.813545 1.516147 1.196642 0.9972847 0.8912666 0.871551 0.920812 0.9826599 1.19097 1.389407 1.457176 1.438995 1.374865 1.31561 1.355582 1.310953 1.297624 1.302601 1.305267 1.303832 1.288579 1.284944 1.282313 1.282629 1.285222 1.304758 1.311836 1.312825 1.297447 1.297846 1.317957 1.310978 1.219233 1.2425 1.236274 1.219676 1.149627
0.0 1.0000000000000001e-11
1.0 1.0
0.0 0.375 0.625 0.875 1.125 1.375 1.625 1.875 2.125 2.375 2.625 2.875 3.125 3.375 3.625 3.875 4.125 4.375 4.625 4.875 5.125
3.572450181851289e-09 3.853945196180454e-08 1.3510770687749565e-07 3.2092371633623663e-07 6.13271231217836e-07 1.0173337517861536e-06 1.5209237774207995e-06 2.1208538079595174e-06 2.8071938428968333e-06 3.6203088842874787e-06 4.6681289376255005e-06 5.961876503482168e-06 0.9999362627767553 0.9999381129793496 0.9999402694769594 0.9999427483720856 0.9999455641722288 0.999948786747393 0.9999523892475765 1.0 1.0
0.0 0.375 0.625 0.875 1.125 1.375 1.625 1.875 2.125 2.375 2.625 2.875 3.125 3.375 3.625 3.875 4.125 4.375 4.625 4.875 5.125 5.375 5.625 5.875 6.125
5.0559244363355866e-09 0.0018064008545367295 0.0018080513493527223 0.0018083351568210818 0.0018087927917700619 0.0018094341291985617 0.0018102664266057722 0.0018112755814932659 0.001812436021363893 0.0018137152687212749 0.0018150613985712003 0.0018164715859139843 0.9569503651019281 0.9569519843742477 0.9981082547859028 0.9999168113342742 0.9999193326839932 0.9999221738336765 0.9999253459083228 0.9999288594329312 0.9999327247325003 0.9999370332070199 0.9999417377564953 1.0 1.0
0.0 0.375 0.625 0.875 1.125 1.375 1.625 1.875 2.125 2.375 2.625 2.875 3.125 3.375 3.625 3.875 4.125 4.375 4.625 4.875 5.125 5.375 5.625 5.875 6.125 6.375 6.625 6.875 7.125
1.0568623648446227e-09 0.07452266652663468 0.08246537801089204 0.08246544343438367 0.0825482036738 0.08256007672228163 0.08256029439800379 0.08257925817057864 0.08257958868553637 0.08257996987548763 0.0825803953979332 0.08258085764037408 0.6956245292421347 0.6956250417045692 0.9254365623154417 0.9999597777851437 0.9999603410825717 0.9999609587649927 0.9999616413024053 0.9999623879623099 0.9999818879098161 0.999982764372204 0.9999837067845835 0.9999847162119544 0.9999857941518167 0.9999869439816695 0.9999881675015131 1.0 1.0
0.0 0.375 0.625 0.875 1.125 1.375 1.625 1.875 2.125 2.375 2.625 2.875 3.125 3.375 3.625 3.875 4.125 4.375 4.625 4.875 5.125 5.375 5.625 5.875 6.125 6.375 6.625 6.875 7.125 7.375 7.625 7.875 8.125
3.444325059837632e-10 0.12262240247472916 0.1437167028411966 0.14410324034791183 0.1530661530036229 0.15583433305171399 0.15583662837425385 0.16007097094781633 0.16092707921268934 0.16092943954773034 0.16092960108798315 0.16092977970248626 0.5999732873299092 0.5999734917896627 0.8730812465343141 0.9957041986646202 0.995704421122624 0.9957046453851278 0.9957048706993817 0.9957050983503857 0.9990899859091905 0.9990902392991949 0.9998930125631413 0.9999939995648959 0.9999943111049012 0.9999946426549069 0.999994994842413 0.9999953685074197 0.9999957647399265 0.9999961851299338 0.9999966312749414 0.9999999999999999 1.0
0.0 0.375 0.625 0.875 1.125 1.375 1.625 1.875 2.125 2.375 2.625 2.875 3.125 3.375 3.625 3.875 4.125 4.375 4.625 4.875 5.125 5.375 5.625 5.875 6.125 6.375 6.625 6.875 7.125 7.375 7.625 7.875 8.125 8.375 8.625 8.875 9.125
1.9695568280791297e-06 0.12410815974819138 0.17736415917869255 0.18062965970962483 0.21640006791056413 0.22751313072535065 0.22905844315965979 0.25280204019770086 0.26603432747948313 0.26789379470538066 0.2678939494372743 0.26794177848166767 0.5985758353655363 0.5985775833996588 0.846465138480893 0.9705713286722563 0.9705714830393996 0.970571639739545 0.9705717973264412 0.9705719545860871 0.9845023000157846 0.9845024543991778 0.9923596216919471 0.9999646712507089 0.9999648291951053 0.9999649978270119 0.9999876569230434 0.9999963322310955 0.9999965745453204 0.9999967902147707 0.9999970191904833 0.9999972624299591 0.9999975210901991 0.9999977966429549 0.9999980906507278 1.0 1.0
0.0 0.375 0.625 0.875 1.125 1.375 1.625 1.875 2.125 2.375 2.625 2.875 3.125 3.375 3.625 3.875 4.125 4.375 4.625 4.875 5.125 5.375 5.625 5.875 6.125 6.375 6.625 6.875 7.125 7.375 7.625 7.875 8.125 8.375 8.625 8.875 9.125 9.375 9.625 9.875
5.2767640707700305e-05 0.10414911113244858 0.19099284992638826 0.19903124928092128 0.25069938601084985 0.2685057078020385 0.2763245613703735 0.32432315138824896 0.36274333896432764 0.37275694287599553 0.3745614599346079 0.3776382885253892 0.6214807900709011 0.6224649797595286 0.8293070311465861 0.9333624735603663 0.9333844760902499 0.9333857067676848 0.9333862607472851 0.9333863899391901 0.9537716596993604 0.9537717857961837 0.9713051628938293 0.9964350001985635 0.9964351202912286 0.9964352381268342 0.9981373942376917 0.9992253801619015 0.9997950116747185 0.9999811493304347 0.9999929727920458 0.9999974995863509 0.9999976743942081 0.9999978398115676 0.999998016526225 0.999998205561207 0.9999984080657941 0.9999986253737713 1.0 1.0
0.0 0.375 0.625 0.875 1.125 1.375 1.625 1.875 2.125 2.375 2.625 2.875 3.125 3.375 3.625 3.875 4.125 4.375 4.625 4.875 5.125 5.375 5.625 5.875 6.125 6.375 6.625 6.875 7.125 7.375 7.625 7.875 8.125 8.375 8.625 8.875 9.125 9.375 9.625 9.875 10.125 10.375 10.625 10.875
0.00021137308141021608 0.0881181603686778 0.1929370594080835 0.20315607153918122 0.2545655779156282 0.27620075615625883 0.290684456348506 0.3433978754823745 0.3907612293857957 0.4110501478950782 0.41846625140094607 0.43125652518394164 0.6232417332796358 0.6299618332532436 0.8258816570381845 0.9155142766583657 0.9168181749142551 0.9174478691909912 0.9176623708529337 0.91770594045603 0.936556867042526 0.9365577331190263 0.9540101219510397 0.9823579418773155 0.9823580545537198 0.9823581652121609 0.9881489044994974 0.9927502056235689 0.9959815370113477 0.9978999119362443 0.9989061134906966 0.9995467554240445 0.9998805681911171 0.9999901110142357 0.999997069399384 0.9999978306548103 0.9999979705660919 0.9999981197601041 0.9999982802230569 0.999998452736783 0.9999986380036062 0.9999988362770537 1.0 1.0
0.0 0.375 0.625 0.875 1.125 1.375 1.625 1.875 2.125 2.375 2.625 2.875 3.125 3.375 3.625 3.875 4.125 4.375 4.625 4.875 5.125 5.375 5.625 5.875 6.125 6.375 6.625 6.875 7.125 7.375 7.625 7.875 8.125 8.375 8.625 8.875 9.125 9.375 9.625 9.875 10.125 10.375 10.625 10.875 11.125 11.375 11.625 11.875
0.00039932696481954395 0.07580297926297482 0.1881166496471606 0.19928659692478642 0.24389155109651992 0.26730551005965786 0.2838692390598057 0.3309118798496892 0.3751133534774535 0.40037627153522715 0.41285256208892795 0.43290075666831124 0.5925113185966616 0.607645799786171 0.8159312283341106 0.8998348024115732 0.906896827153658 0.911670650118195 0.9144544108206684 0.9157171273878518 0.9312067094636413 0.931372426544571 0.9445292879558218 0.96647132058871 0.966471532292721 0.9664716471218936 0.9731765255693879 0.9793408886176136 0.9847462276472392 0.9892889794846803 0.9929798287628347 0.9959150697042376 0.9979853619820522 0.9992129185304895 0.9998559611465418 0.9999743582813251 0.9999968280918146 0.9999978516261355 0.9999979862380071 0.9999981190712737 0.9999982592720109 0.9999984097050407 0.9999985702188329 0.9999987401450041 0.99999891836058 0.9999991031684718 1.0 1.0
0.0 0.375 0.625 0.875 1.125 1.375 1.625 1.875 2.125 2.375 2.625 2.875 3.125 3.375 3.625 3.875 4.125 4.375 4.625 4.875 5.125 5.375 5.625 5.875 6.125 6.375 6.625 6.875 7.125 7.375 7.625 7.875 8.125 8.375 8.625 8.875 9.125 9.375 9.625 9.875 10.125 10.375 10.625 10.875 11.125 11.375 11.625 11.875 12.125 12.375 12.625 12.875
0.0005582587782067593 0.06621593009207866 0.18518487754461802 0.19628096132917544 0.2346009292481559 0.2592578220816138 0.2752433052188568 0.3169596208649113 0.35704010504363837 0.3835053149753324 0.39895302305020625 0.4211626629948653 0.5581292075509742 0.5775184754905551 0.7993838354671976 0.879077223349591 0.8925488525134685 0.9039180825175676 0.9130312979965954 0.9185031573806782 0.9328150435123844 0.9337495575319843 0.943711844938594 0.9600975047423362 0.9601014082315777 0.9601029074399213 0.9654676594364369 0.9706873409520493 0.9757374276434126 0.9806099422845377 0.9852430326159838 0.9895355554144424 0.9933207791546477 0.9965097890255433 0.9991089968162945 0.9998183605092706 0.9999810794148429 0.9999954220670598 0.9999971223915235 0.99999773006359 0.999998008006148 0.999998164093203 0.9999982975431913 0.9999984392354796 0.9999985880910167 0.9999987431300293 0.9999989029596286 0.9999990664917611 0.9999992334005858 0.9999994040612076 1.0 1.0
0.0 0.375 0.625 0.875 1.125 1.375 1.625 1.875 2.125 2.375 2.625 2.875 3.125 3.375 3.625 3.875 4.125 4.375 4.625 4.875 5.125 5.375 5.625 5.875 6.125 6.375 6.625 6.875 7.125 7.375 7.625 7.875 8.125 8.375 8.625 8.875 9.125 9.375 9.625 9.875 10.125 10.375 10.625 10.875 11.125 11.375 11.625 11.875 12.125 12.375 12.625 12.875 13.125 13.375 13.625 13.875
0.0007683025257727931 0.05955202529190979 0.187694281518497 0.199117375450927 0.23395475289517298 0.2593525555721598 0.27458634780084623 0.3131107910668641 0.35144921290123265 0.3782062125055989 0.39515132687664867 0.4178521489214873 0.5401094953610772 0.5604833113428479 0.7921390664300355 0.8663905537695091 0.8825303038831969 0.8976646454231291 0.9115485893142653 0.9212652279731944 0.9364122468811964 0.9390021088801236 0.9477115007594319 0.9611194918861916 0.961193481297895 0.9612292427801926 0.9654537624825777 0.9696251692897769 0.9737701809613264 0.9779268846225634 0.9820887277573421 0.9862324639391075 0.9903194633341237 0.9942962554098732 0.9980951766837897 0.9995581412076023 0.9999273274739766 0.9999834132607438 0.9999918336691542 0.9999950587575781 0.9999966062843235 0.9999973043973968 0.9999976152142493 0.9999978288958025 0.9999980004959464 0.999998156227497 0.9999983096879254 0.99999846751378 0.9999986294239531 0.9999987958898754 0.9999989680294764 0.9999991476244403 0.9999993370609334 0.9999995390104814 1.0 1.0
0.0 0.375 0.625 0.875 1.125 1.375 1.625 1.875 2.125 2.375 2.625 2.875 3.125 3.375 3.625 3.875 4.125 4.375 4.625 4.875 5.125 5.375 5.625 5.875 6.125 6.375 6.625 6.875 7.125 7.375 7.625 7.875 8.125 8.375 8.625 8.875 9.125 9.375 9.625 9.875 10.125 10.375 10.625 10.875 11.125 11.375 11.625 11.875 12.125 12.375 12.625 12.875 13.125 13.375 13.625 13.875 14.125 14.375 14.625 14.875
0.0010855764463822176 0.05496975966608937 0.19280468780128104 0.20500815592060576 0.23895127072200464 0.2657905815712922 0.2809294922254097 0.31741936369194085 0.3561065772593923 0.3834564651066535 0.4012096040305639 0.4240884062267089 0.5368631137037198 0.5571448194244042 0.7961107130796353 0.8648448276765694 0.8812859673152941 0.8971517948359807 0.9123835683700207 0.9241290405176035 0.9397391367991081 0.9437050008576626 0.9521604481026066 0.9643967665438713 0.9647473227274339 0.9649469262662445 0.9685698067495239 0.9720734800605888 0.9755216357522629 0.9789989822805348 0.982538750173614 0.9861628663272686 0.9898689019238177 0.9936355879243933 0.9974363774267833 0.9993833977232455 0.9998617492382663 0.9999665943687934 0.9999818704063416 0.9999882985187178 0.9999919748131793 0.9999941785837677 0.9999953339480755 0.9999960438307007 0.9999965149287807 0.9999968347172721 0.9999970690288907 0.9999972717266081 0.9999974585059395 0.9999976412435783 0.9999978274688591 0.9999980226785142 0.9999982292165652 0.9999984498542654 0.9999986876880449 0.9999989462158013 0.9999992294869815 0.9999995419790146 1.0 1.0
0.0 0.375 0.625 0.875 1.125 1.375 1.625 1.875 2.125 2.375 2.625 2.875 3.125 3.375 3.625 3.875 4.125 4.375 4.625 4.875 5.125 5.375 5.625 5.875 6.125 6.375 6.625 6.875 7.125 7.375 7.625 7.875 8.125 8.375 8.625 8.875 9.125 9.375 9.625 9.875 10.125 10.375 10.625 10.875 11.125 11.375 11.625 11.875 12.125 12.375 12.625 12.875 13.125 13.375 13.625 13.875 14.125 14.375 14.625 14.875 15.125 15.375 15.625 15.875
0.0029369891568454204 0.052720739606699256 0.20156825229860068 0.21347345450318417 0.24961439981273595 0.27659523819077064 0.2924964299183944 0.32835766507469677 0.35536359023876396 0.39282156677831337 0.41241447936433145 0.430766642576324 0.5375731333757608 0.5585689531160198 0.8041842112835982 0.8674806010049084 0.8837038224411018 0.8998975831775702 0.9154265916539293 0.928314950511206 0.9439413843473341 0.9488012956829465 0.9574075279398074 0.9694857438431929 0.9702616142915631 0.9707697333724611 0.9711403115200806 0.9744282527958997 0.9775661340310353 0.9806784302495576 0.9838156655375079 0.9869938133175299 0.9902469785995374 0.9935917306799338 0.9970374332892343 0.9993086669648962 0.9998070560281735 0.9999533715781196 0.9999717260422054 0.999979651438618 0.9999846450359842 0.9999881044086386 0.9999901694241761 0.9999915620036863 0.9999925955216864 0.9999933940876644 0.9999940095226081 0.9999944932569323 0.9999948714489947 0.9999951725880701 0.9999954325142132 0.9999956822987349 0.9999959336422928 0.9999961963925769 0.9999964778603073 0.9999967840517915 0.999997119303388 0.9999974886349576 0.9999978978224701 0.9999983536108158 0.999998864054305 0.9999994385191722 1.0 1.0
0.0 0.375 0.625 0.875 1.125 1.375 1.625 1.875 2.125 2.375 2.625 2.875 3.125 3.375 3.625 3.875 4.125 4.375 4.625 4.875 5.125 5.375 5.625 5.875 6.125 6.375 6.625 6.875 7.125 7.375 7.625 7.875 8.125 8.375 8.625 8.875 9.125 9.375 9.625 9.875 10.125 10.375 10.625 10.875 11.125 11.375 11.625 11.875 12.125 12.375 12.625 12.875 13.125 13.375 13.625 13.875 14.125 14.375 14.625 14.875 15.125 15.375 15.625 15.875 16.125 16.375 16.625 16.875
0.003979464911552291 0.05045282659793521 0.2011875051487796 0.21322874411124898 0.24923704931442087 0.27522916439208167 0.29108620075556685 0.3268604411534288 0.3700001328462059 0.4001763316669873 0.4346740872244188 0.4585207393470643 0.5586862728150145 0.5797127596604464 0.8256368901889584 0.8846180398096019 0.9000228331099337 0.9151999467846297 0.9290987570075011 0.9394214783419267 0.9514065683038502 0.9549485544711972 0.9619161081219573 0.9726634301273422 0.973296196423083 0.973800833029204 0.9768459224602442 0.9796963603527421 0.9824879438723723 0.9852848103829527 0.9880836959028769 0.9909279189539582 0.9938406781038543 0.9968300017954275 0.9992910268929628 0.9997632481287215 0.9999445764600723 0.9999635537451179 0.9999715477195324 0.999976649275189 0.9999803773032979 0.999982735360923 0.9999844223659735 0.9999857884662721 0.999986958850418 0.9999879528117238 0.9999887894431043 0.9999894855504325 0.9999900641243631 0.9999905530778256 0.9999909782295908 0.9999913531992046 0.9999916934298337 0.999992020840004 0.9999923563963509 0.9999927092295062 0.9999930906569439 0.9999935096464723 0.9999939735627161 0.9999944896876356 0.9999950665832336 0.9999957143620911 0.9999964450831552 0.9999972731926129 0.9999982162728792 0.9999992953757589 1.0 1.0
0.0 0.375 0.625 0.875 1.125 1.375 1.625 1.875 2.125 2.375 2.625 2.875 3.125 3.375 3.625 3.875 4.125 4.375 4.625 4.875 5.125 5.375 5.625 5.875 6.125 6.375 6.625 6.875 7.125 7.375 7.625 7.875 8.125 8.375 8.625 8.875 9.125 9.375 9.625 9.875 10.125 10.375 10.625 10.875 11.125 11.375 11.625 11.875 12.125 12.375 12.625 12.875 13.125 13.375 13.625 13.875 14.125 14.375 14.625 14.875 15.125 15.375 15.625 15.875 16.125 16.375 16.625 16.875 17.125 17.375 17.625 17.875
0.007200654084211861 0.04940954902626628 0.19682902579223266 0.20839090029297733 0.24602219859169247 0.2692948618071593 0.2840704827831526 0.3233659260256748 0.3630416083355964 0.394127350143362 0.46790185838134296 0.4925641040768453 0.5829048168196647 0.6083347690811974 0.8418534426004094 0.8952117599148632 0.9089077754205269 0.9229038724368411 0.9354195912530865 0.9457201057583846 0.9562980856413504 0.9600525493825462 0.966274010716431 0.9760481870392215 0.9766796616374903 0.9771868930263985 0.979861214371099 0.9823367975135386 0.9847390174733273 0.987134688690194 0.98951111812922 0.9919046338635211 0.9943460875702234 0.9968456246448588 0.9992894129767818 0.9997260144884832 0.9999344740651452 0.9999539956216627 0.9999621237805723 0.9999672523537858 0.9999710443070167 0.9999735147569945 0.9999752887234112 0.9999767436804154 0.9999780136989725 0.9999791249404336 0.9999801017496333 0.9999809661857063 0.9999817327707489 0.999982416380627 0.9999830294374034 0.9999835812118356 0.9999840824825914 0.9999845486599532 0.9999849964137224 0.9999854387731401 0.9999858878591887 0.9999863587760532 0.9999868673831273 0.9999874237515399 0.9999880415678908 0.9999887336155385 0.9999895130015032 0.9999903945439432 0.9999913960718185 0.9999925390947925 0.999993849340159 0.9999953577438978 0.9999971015521251 0.9999991245995938 1.0 1.0
0.0 0.375 0.625 0.875 1.125 1.375 1.625 1.875 2.125 2.375 2.625 2.875 3.125 3.375 3.625 3.875 4.125 4.375 4.625 4.875 5.125 5.375 5.625 5.875 6.125 6.375 6.625 6.875 7.125 7.375 7.625 7.875 8.125 8.375 8.625 8.875 9.125 9.375 9.625 9.875 10.125 10.375 10.625 10.875 11.125 11.375 11.625 11.875 12.125 12.375 12.625 12.875 13.125 13.375 13.625 13.875 14.125 14.375 14.625 14.875 15.125 15.375 15.625 15.875 16.125 16.375 16.625 16.875 17.125 17.375 17.625 17.875 18.125 18.375 18.625 18.875
0.013376777115475514 0.05032893534404238 0.1914213460250713 0.2033784660119916 0.247480049653322 0.2677519450783166 0.28069350563749607 0.32752535401656885 0.36093188024949246 0.3935294316957636 0.5207544581933253 0.5482038555701573 0.6237285879871407 0.6592281200425245 0.8653916599414114 0.9118838013247701 0.923117245748669 0.9353573559076599 0.9456641965237724 0.954657341514075 0.9634835146520241 0.9669521400196125 0.9721467552747671 0.9805107049237562 0.9810689614512589 0.9815075665206608 0.9837135703460096 0.9857413145738095 0.9876914315501647 0.9896232658070774 0.9915299479546761 0.9934337534902132 0.9953648103320202 0.9973333094382961 0.99934075731821 0.9997240619745268 0.9999202748527439 0.9999396549380285 0.9999480255771218 0.9999534623739186 0.9999575615586903 0.9999604228942557 0.9999625215501167 0.999964199883376 0.999965613890466 0.9999668012341157 0.99996781450121 0.9999687078440336 0.9999695042377322 0.9999702241054964 0.9999708857212372 0.9999715029546038 0.9999720841812435 0.999972636747465 0.9999731689030793 0.9999736920588996 0.9999742163497609 0.9999747529322875 0.999975313778521 0.9999759089050106 0.9999765493148606 0.9999772498063902 0.9999780277600742 0.9999788990790726 0.999979885122796 0.9999810080811735 0.9999822928621922 0.9999837688208855 0.9999854709874922 0.9999874407218052 0.9999897260478936 0.999992381138176 0.9999954644233635 0.9999990331840247 1.0 1.0
0.0 0.375 0.625 0.875 1.125 1.375 1.625 1.875 2.125 2.375 2.625 2.875 3.125 3.375 3.625 3.875 4.125 4.375 4.625 4.875 5.125 5.375 5.625 5.875 6.125 6.375 6.625 6.875 7.125 7.375 7.625 7.875 8.125 8.375 8.625 8.875 9.125 9.375 9.625 9.875 10.125 10.375 10.625 10.875 11.125 11.375 11.625 11.875 12.125 12.375 12.625 12.875 13.125 13.375 13.625 13.875 14.125 14.375 14.625 14.875 15.125 15.375 15.625 15.875 16.125 16.375 16.625 16.875 17.125 17.375 17.625 17.875 18.125 18.375 18.625 18.875 19.125 19.375 19.625
0.019818175108976772 0.053002069917074034 0.18619783945957283 0.20105997170754708 0.256971895118877 0.27537090309809154 0.28716751194480145 0.3421952599756494 0.36952112679602034 0.4046728294040823 0.5776151857877859 0.6080648023161735 0.6680573390204683 0.7154358591101836 0.8872750413341277 0.9276505995367993 0.9363607621913309 0.9473442478093508 0.9552156708919304 0.9632040616416344 0.9706995915231947 0.973770323530427 0.9780356188928707 0.9848391616125033 0.9853518333616877 0.9857315601774918 0.9874672931481702 0.9890678813510623 0.9905808119724724 0.9920702712974603 0.9935360081111476 0.9949870078269026 0.9964492314194536 0.9979313350718159 0.9994346256063108 0.9997584491586738 0.9999106550776125 0.9999283543145557 0.9999360955199643 0.9999413210924043 0.999945404306213 0.9999485009398629 0.9999509221892556 0.9999529156866173 0.9999546021312288 0.9999560161604463 0.9999571896596234 0.9999581713391987 0.9999590056275964 0.9999597251272059 0.9999603671516418 0.9999609622254059 0.9999615239620718 0.999962062607167 0.9999625877093818 0.9999631118294601 0.9999636442812881 0.9999641924952718 0.9999647641290463 0.9999653674537674 0.9999660111218305 0.9999667060503526 0.9999674642597762 0.999968299714619 0.9999692287956057 0.9999702730087497 0.9999714576926695 0.9999728100618893 0.9999743654253547 0.9999761618212902 0.9999782420647904 0.9999806539043554 0.9999834482974719 0.999986674956913 0.9999903746830048 0.9999945677496712 0.9999992402201678 1.0 1.0
0.0 0.75 1.25 1.75 2.25 2.75 3.25 3.75 4.25 4.75 5.25 5.75 6.25 6.75 7.25 7.75 8.25 8.75 9.25 9.75 10.25 10.75 11.25 11.75 12.25 12.75 13.25 13.75 14.25 14.75 15.25 15.75 16.25 16.75 17.25 17.75 18.25 18.75 19.25 19.75 20.25 20.75
0.04758746792054148 0.2319734852196919 0.2809934862687498 0.3630986714461573 0.4207106667919622 0.6578321451770694 0.8957621134649736 0.9395929955547763 0.957368240380021 0.9709124887203449 0.9819158602048897 0.988810824264867 0.9896311359137796 0.9922370569442447 0.9946187553758159 0.9969419747099479 0.9993014604010151 0.9998851001193662 0.999918070218842 0.9999276901941779 0.9999338686357251 0.9999382623693412 0.999941618395878 0.9999440518511774 0.9999457804808074 0.9999470728412183 0.9999481619836942 0.9999491863456224 0.9999502571929044 0.999951443124839 0.9999528164007867 0.9999544528224352 0.9999564691227444 0.9999590308030886 0.9999623665277957 0.999966798715104 0.9999727045715725 0.9999803498535759 0.9999895911276138 0.999999623487061 1.0 1.0
0.0 0.75 1.25 1.75 2.25 2.75 3.25 3.75 4.25 4.75 5.25 5.75 6.25 6.75 7.25 7.75 8.25 8.75 9.25 9.75 10.25 10.75 11.25 11.75 12.25 12.75 13.25 13.75 14.25 14.75 15.25 15.75 16.25 16.75 17.25 17.75 18.25 18.75 19.25 19.75 20.25 20.75 21.25 21.75 22.25 22.75
0.0500155249563426 0.23129742247303903 0.28749091003620914 0.38744033858148763 0.45320094101297576 0.70743141033296 0.8983400269188371 0.9352249616767431 0.9521367901025173 0.9694303519158292 0.9807731082155927 0.9892415633983432 0.9921886375033315 0.9948340502889697 0.9964472987170294 0.9979248545686729 0.9993886794164512 0.9998815062193301 0.9999103155485017 0.9999171139124265 0.9999218181496357 0.9999254390510253 0.9999284145921581 0.9999307442297801 0.9999325066588617 0.9999338662188957 0.9999349833697212 0.9999359784164981 0.999936956432771 0.9999379941711208 0.9999391699113894 0.9999405634248054 0.9999422743882477 0.99994443221407 0.9999472095289532 0.9999508317833529 0.9999555566744683 0.9999615703437075 0.9999687460642365 0.9999764656538797 0.9999838510909952 0.9999902862434223 0.9999956121324589 0.9999999450196091 1.0 1.0
0.0 0.75 1.25 1.75 2.25 2.75 3.25 3.75 4.25 4.75 5.25 5.75 6.25 6.75 7.25 7.75 8.25 8.75 9.25 9.75 10.25 10.75 11.25 11.75 12.25 12.75 13.25 13.75 14.25 14.75 15.25 15.75 16.25 16.75 17.25 17.75 18.25 18.75 19.25 19.75 20.25 20.75 21.25 21.75 22.25 22.75 23.25 23.75 24.25 24.75
0.0495957693515972 0.22742038690839 0.287455095809049 0.40224706077227396 0.4755590508944163 0.7228104961233031 0.8881710095695454 0.9233784784593804 0.9416728677437244 0.9631765089180645 0.9760152073945373 0.9863453441535955 0.9915953477807039 0.9955469345543808 0.9971360179024629 0.9983139210882158 0.9993689638191647 0.9998822425438227 0.9999154328262025 0.9999208163968601 0.9999246032299544 0.999927614777839 0.9999301887370325 0.9999322905820949 0.9999339460354524 0.9999352654319679 0.9999363762718686 0.9999373814141168 0.999938362945022 0.9999393849503192 0.9999405076573793 0.999941792666802 0.9999433262614446 0.9999452189196414 0.9999476223678412 0.9999507332545076 0.9999547641124709 0.9999598531254763 0.9999658678179031 0.999972265682254 0.9999783205979971 0.9999835497828555 0.9999878445826347 0.9999913152143457 0.9999941288583896 0.9999964373385706 0.9999983608688032 0.999999989677416 1.0 1.0
0.0 0.75 1.25 1.75 2.25 2.75 3.25 3.75 4.25 4.75 5.25 5.75 6.25 6.75 7.25 7.75 8.25 8.75 9.25 9.75 10.25 10.75 11.25 11.75 12.25 12.75 13.25 13.75 14.25 14.75 15.25 15.75 16.25 16.75 17.25 17.75 18.25 18.75 19.25 19.75 20.25 20.75 21.25 21.75 22.25 22.75 23.25 23.75 24.25 24.75 25.25 25.75 26.25 26.75
0.04621622207909994 0.21434132284189847 0.27500140119885524 0.41569277946087324 0.4916434127690931 0.7264377149150206 0.8783014334647425 0.9140700492147373 0.9332660276945104 0.9578577554413635 0.9721390244978999 0.9837606422389499 0.9900748151717321 0.9950346078527325 0.9969671807574432 0.9981703942319029 0.9991538855255919 0.999854296112579 0.9999136481472494 0.9999197596833947 0.9999236713478825 0.999926620482515 0.9999291442548458 0.999931236515995 0.9999329115690139 0.9999342649056955 0.9999354144545932 0.9999364597027371 0.9999374826368939 0.9999385479686496 0.9999397159283773 0.9999410481429926 0.9999426237038656 0.99994454402147 0.9999469430564629 0.9999499948446452 0.9999538902417144 0.9999587471864552 0.9999644325469279 0.9999704354289948 0.9999760796605224 0.9999809244353924 0.9999848795563963 0.9999880552122744 0.9999906130438732 0.9999926989668679 0.999994427078272 0.9999958824137141 0.9999971271014326 0.9999982066032351 0.9999991548095772 0.9999999973032765 1.0 1.0
0.0 0.75 1.25 1.75 2.25 2.75 3.25 3.75 4.25 4.75 5.25 5.75 6.25 6.75 7.25 7.75 8.25 8.75 9.25 9.75 10.25 10.75 11.25 11.75 12.25 12.75 13.25 13.75 14.25 14.75 15.25 15.75 16.25 16.75 17.25 17.75 18.25 18.75 19.25 19.75 20.25 20.75 21.25 21.75 22.25 22.75 23.25 23.75 24.25 24.75 25.25 25.75 26.25 26.75 27.25 27.75 28.25 28.75
0.04349265618764248 0.20028944143040908 0.2632615077509595 0.4250034942110871 0.503740289221584 0.7239523743489029 0.8687672423908988 0.9056897988242145 0.9264812078937195 0.9530131199910511 0.9688528806237648 0.9816556075324779 0.9886391058575635 0.9942515380899087 0.9966019511185563 0.9978836787762214 0.9989225398822974 0.9998025817584174 0.9999058414874289 0.9999139903743077 0.9999187175246379 0.9999220380010152 0.9999248125123423 0.9999270973670603 0.9999289229519055 0.9999303971581828 0.999931648705497 0.9999327885606095 0.9999339041798987 0.9999350644137421 0.9999363324878033 0.9999377732267791 0.9999394692746227 0.9999415256004447 0.9999440788066224 0.9999473025287298 0.9999513816517673 0.9999564167309017 0.9999622443633491 0.9999683313661057 0.9999740044594184 0.9999788404717129 0.9999827669458468 0.9999859050302842 0.9999884214382673 0.9999904644916042 0.9999921494024128 0.9999935615273824 0.9999947633718457 0.9999958007917785 0.9999967077857905 0.9999975099588453 0.9999982267394492 0.9999988730910776 0.9999994607689222 0.9999999991321796 1.0 1.0
0.0 0.75 1.25 1.75 2.25 2.75 3.25 3.75 4.25 4.75 5.25 5.75 6.25 6.75 7.25 7.75 8.25 8.75 9.25 9.75 10.25 10.75 11.25 11.75 12.25 12.75 13.25 13.75 14.25 14.75 15.25 15.75 16.25 16.75 17.25 17.75 18.25 18.75 19.25 19.75 20.25 20.75 21.25 21.75 22.25 22.75 23.25 23.75 24.25 24.75 25.25 25.75 26.25 26.75 27.25 27.75 28.25 28.75 29.25 29.75 30.25 30.75
0.04403758284408824 0.1888666875077916 0.2600132467013979 0.4450000239098898 0.5261126969433703 0.7283877903729415 0.8671235680252392 0.9041906711379388 0.9252066475220578 0.9513961289139261 0.9674819582898633 0.9805668952707403 0.9882991520230957 0.9941083935869246 0.9968051219536405 0.9980568144035038 0.9990901535650417 0.999811436158279 0.9998963480327895 0.9999055575461335 0.9999109833926858 0.9999147732989021 0.9999179176469618 0.9999205083521233 0.999922579468052 0.9999242487619705 0.9999256556372395 0.9999269337585837 0.9999281825684295 0.9999294786006528 0.9999308917153464 0.9999324932289801 0.9999343724608847 0.9999366421448402 0.9999394471520077 0.9999429693506271 0.9999473989997131 0.9999528287299367 0.9999590654972826 0.999965529663805 0.9999715115396695 0.9999765790306703 0.9999806701820293 0.9999839228589686 0.9999865188837378 0.9999886174459806 0.9999903412697106 0.9999917806502865 0.9999930011962033 0.9999940508810221 0.9999949651687942 0.9999957706473377 0.9999964875628448 0.9999971315113217 0.9999977147058928 0.9999982468506262 0.9999987356868032 0.9999991874819539 0.9999996073875641 0.9999999996787381 1.0 1.0
0.0 0.75 1.25 1.75 2.25 2.75 3.25 3.75 4.25 4.75 5.25 5.75 6.25 6.75 7.25 7.75 8.25 8.75 9.25 9.75 10.25 10.75 11.25 11.75 12.25 12.75 13.25 13.75 14.25 14.75 15.25 15.75 16.25 16.75 17.25 17.75 18.25 18.75 19.25 19.75 20.25 20.75 21.25 21.75 22.25 22.75 23.25 23.75 24.25 24.75 25.25 25.75 26.25 26.75 27.25 27.75 28.25 28.75 29.25 29.75 30.25 30.75 31.25 31.75 32.25 32.75 33.25 33.75 34.25 34.75 35.25
0.05828036221400609 0.17669497974476145 0.2875242167364479 0.5152229202072306 0.6082371233672608 0.7626830703137212 0.8846382387722923 0.9221939100254133 0.9447139051391475 0.9595566020595042 0.9732637045503666 0.9842203733334451 0.9899812787415383 0.9947237007258144 0.997494519127521 0.9986416852090898 0.9996102712863211 0.9998363744108718 0.9998749807004507 0.9998895928442443 0.9998972091504453 0.9999021538396388 0.9999058290895777 0.9999088936889052 0.9999113833899509 0.9999134031701578 0.9999151046115813 0.9999166480645517 0.9999181559041267 0.9999197204030135 0.9999214231926106 0.9999233472267617 0.9999255968191142 0.999928299449261 0.9999316160335592 0.9999357447741143 0.9999408834613754 0.9999471040476776 0.9999541428004152 0.9999613239861522 0.9999678764701594 0.9999733633309772 0.9999777497630851 0.9999812062332609 0.9999839414871512 0.9999861342761119 0.9999879207811164 0.9999894004531247 0.9999906452702005 0.9999917075949956 0.999992625958518 0.9999934290840699 0.9999941387225285 0.9999947715819848 0.9999953406656248 0.9999958562185387 0.9999963264198182 0.999996757865737 0.9999971559392131 0.9999975250701804 0.9999978689429603 0.9999981906449735 0.9999984927876633 0.9999987775919139 0.9999990469642077 0.9999993025496252 0.9999995457735256 0.999999777880654 0.9999999999660153 1.0 1.0
0.0 0.75 1.25 1.75 2.25 2.75 3.25 3.75 4.25 4.75 5.25 5.75 6.25 6.75 7.25 7.75 8.25 8.75 9.25 9.75 10.25 10.75 11.25 11.75 12.25 12.75 13.25 13.75 14.25 14.75 15.25 15.75 16.25 16.75 17.25 17.75 18.25 18.75 19.25 19.75 20.25 20.75 21.25 21.75 22.25 22.75 23.25 23.75 24.25 24.75 25.25 25.75 26.25 26.75 27.25 27.75 28.25 28.75 29.25 29.75 30.25 30.75 31.25 31.75 32.25 32.75 33.25 33.75 34.25 34.75 35.25 35.75 36.25 36.75 37.25 37.75 38.25 38.75 39.25 39.75 40.25
0.0631489689095462 0.19172410747922258 0.3098528003678396 0.536326475513714 0.6374417709123564 0.7661443089351232 0.882161162468544 0.9205791483871452 0.9434983564189665 0.9635810439960288 0.9769454271507555 0.98737268038789 0.9923446766647979 0.995794990663567 0.9973273095065707 0.9984064318740361 0.9992676604295235 0.9996404441239475 0.9997574184849496 0.9998241525879423 0.9998673593129876 0.9998927649302404 0.999900589526124 0.9999038866755489 0.9999064571529351 0.999908579447298 0.9999103965142344 0.9999120629764491 0.9999136984501649 0.9999153986861291 0.9999172508317572 0.9999193437107727 0.9999217896461675 0.9999247251719867 0.9999283196882401 0.999932779122991 0.999938301863493 0.9999449395813139 0.9999523774399105 0.9999598808550677 0.9999666553596699 0.9999722785239513 0.9999767412339513 0.9999802351562155 0.9999829832552604 0.9999851732054382 0.9999869468121401 0.9999884070987132 0.9999896283643127 0.999990664498391 0.9999915550411996 0.9999923294080859 0.9999930098036913 0.99999361323868 0.9999941529120473 0.9999946392081386 0.9999950803945077 0.9999954831206842 0.9999958527952131 0.9999961938585068 0.9999965099886444 0.9999968042586864 0.9999970792537585 0.9999973371685354 0.9999975798748093 0.9999978089808046 0.9999980258750208 0.9999982317644001 0.9999984277037273 0.9999986146183248 0.9999987933241682 0.9999989645443911 0.999999128922696 0.9999992870347015 0.9999994393956791 0.9999995864713845 0.9999997286816688 0.9999998664071827 0.9999999999955671 1.0 1.0
0.0 0.75 1.25 1.75 2.25 2.75 3.25 3.75 4.25 4.75 5.25 5.75 6.25 6.75 7.25 7.75 8.25 8.75 9.25 9.75 10.25 10.75 11.25 11.75 12.25 12.75 13.25 13.75 14.25 14.75 15.25 15.75 16.25 16.75 17.25 17.75 18.25 18.75 19.25 19.75 20.25 20.75 21.25 21.75 22.25 22.75 23.25 23.75 24.25 24.75 25.25 25.75 26.25 26.75 27.25 27.75 28.25 28.75 29.25 29.75 30.25 30.75 31.25 31.75 32.25 32.75 33.25 33.75 34.25 34.75 35.25 35.75 36.25 36.75 37.25 37.75 38.25 38.75 39.25 39.75 40.25 40.75 41.25 41.75 42.25 42.75 43.25 43.75 44.25 44.75 45.25
0.061588937144287904 0.17607051411880345 0.32099093558280417 0.5350185480765542 0.637934662946063 0.760691045387105 0.8773411561700072 0.917628978704894 0.9387036741610301 0.9604759958339263 0.9749113752098229 0.9856028370149875 0.990948016442543 0.9948817439865176 0.9968063371977058 0.9980316255433844 0.9989654454217103 0.999552028791756 0.9997077292614995 0.9998027901557804 0.9998585066569858 0.9998851108430699 0.9998897803470482 0.999893130640299 0.9998959525173949 0.999898311938872 0.999900343835723 0.9999022136401481 0.9999040533608372 0.9999059701179491 0.9999080622183496 0.9999104302314985 0.9999132015223571 0.9999165301380009 0.9999206060796154 0.9999256579516382 0.9999319007004807 0.9999393734447916 0.9999476932444356 0.9999560191257666 0.9999634783151304 0.9999696311786975 0.999974489859226 0.9999782777247177 0.9999812452685303 0.999983600901838 0.9999855010889293 0.9999870591965767 0.9999883568224687 0.9999894530568963 0.9999903912086883 0.999991203448939 0.9999919140528578 0.9999925415747446 0.9999931004044896 0.999993601843208 0.9999940548783963 0.9999944667276773 0.9999948432500866 0.9999951892470647 0.999995508689747 0.9999958048880146 0.9999960806219204 0.9999963382447676 0.9999965797578438 0.9999968068805143 0.9999970210924845 0.9999972236760624 0.9999974157491449 0.9999975982894402 0.999997772157662 0.9999979381135057 0.9999980968305953 0.9999982489093686 0.9999983948853235 0.9999985352393257 0.9999986704037932 0.9999988007683663 0.999998926687123 0.999999048480125 0.9999991664396025 0.9999992808330466 0.9999993919042403 0.999999499878412 0.9999996049617207 0.9999997073448634 0.9999998072046212 0.999999904705406 0.9999999999992598 1.0 1.0
0.0 0.75 1.25 1.75 2.25 2.75 3.25 3.75 4.25 4.75 5.25 5.75 6.25 6.75 7.25 7.75 8.25 8.75 9.25 9.75 10.25 10.75 11.25 11.75 12.25 12.75 13.25 13.75 14.25 14.75 15.25 15.75 16.25 16.75 17.25 17.75 18.25 18.75 19.25 19.75 20.25 20.75 21.25 21.75 22.25 22.75 23.25 23.75 24.25 24.75 25.25 25.75 26.25 26.75 27.25 27.75 28.25 28.75 29.25 29.75 30.25 30.75 31.25 31.75 32.25 32.75 33.25 33.75 34.25 34.75 35.25 35.75 36.25 36.75 37.25 37.75 38.25 38.75 39.25 39.75 40.25 40.75 41.25 41.75 42.25 42.75 43.25 43.75 44.25 44.75 45.25 45.75 46.25 46.75 47.25 47.75 48.25 48.75 49.25 49.75
0.06319376534485562 0.16621273921108942 0.3400802880097393 0.5479012992946835 0.6463349283812576 0.7643336683340624 0.871537005289512 0.9119475366980766 0.9344834246608206 0.9570682928413733 0.9730125246005406 0.9843739080443931 0.9903920686185166 0.9944411243718341 0.9965899900994277 0.99786238845939 0.9988218648138855 0.9994881752739344 0.9996709860967697 0.9997754414660713 0.9998396279370521 0.9998753374352537 0.9998811368663504 0.9998846696109817 0.9998876739975031 0.9998902011570119 0.999892390334449 0.9998944098142065 0.9998964008373654 0.9998984792161443 0.9999007520096631 0.9999033300217379 0.9999063526933134 0.9999099891804807 0.9999144470921031 0.999919974181635 0.9999268006189626 0.9999349552887973 0.9999439967708527 0.9999529934300257 0.9999610083184891 0.9999675901126269 0.9999727705340419 0.999976798393575 0.9999799462442687 0.9999824389174953 0.9999844445480652 0.9999860847148239 0.9999874468352872 0.9999885941721309 0.9999895730595272 0.9999904179270205 0.9999911546986393 0.9999918032429386 0.9999923789307114 0.9999928938342196 0.9999933575354505 0.999993777730632 0.9999941606624727 0.9999945114415031 0.9999948342885018 0.9999951327191507 0.9999954096817536 0.9999956676686486 0.9999959087966722 0.9999961348814349 0.9999963474832269 0.9999965479534403 0.9999967374665477 0.9999969170484725 0.9999970876013459 0.9999972499200134 0.9999974047085397 0.9999975525920728 0.9999976941281904 0.9999978298161855 0.9999979601048027 0.9999980853979122 0.9999982060606993 0.9999983224227594 0.9999984347842868 0.9999985434186549 0.9999986485760258 0.9999987504838669 0.9999988493521078 0.9999989453726256 0.9999990387233707 0.9999991295673356 0.9999992180561648 0.9999993043301557 0.9999993885198052 0.99999947074581 0.9999995511216458 0.9999996297530515 0.9999997067385444 0.9999997821714841 0.9999998561385246 0.9999999287221939 0.9999999999998616 1.0
0.0 0.75 1.25 1.75 2.25 2.75 3.25 3.75 4.25 4.75 5.25 5.75 6.25 6.75 7.25 7.75 8.25 8.75 9.25 9.75 10.25 10.75 11.25 11.75 12.25 12.75 13.25 13.75 14.25 14.75 15.25 15.75 16.25 16.75 17.25 17.75 18.25 18.75 19.25 19.75 20.25 20.75 21.25 21.75 22.25 22.75 23.25 23.75 24.25 24.75 25.25 25.75 26.25 26.75 27.25 27.75 28.25 28.75 29.25 29.75 30.25 30.75 31.25 31.75 32.25 32.75 33.25 33.75 34.25 34.75 35.25 35.75 36.25 36.75 37.25 37.75 38.25 38.75 39.25 39.75 40.25 40.75 41.25 41.75 42.25 42.75 43.25 43.75 44.25 44.75 45.25 45.75 46.25 46.75 47.25 47.75 48.25 48.75 49.25 49.75 50.25 50.75 51.25 51.75 52.25 52.75 53.25 53.75 54.25
0.0653522434484976 0.16371532480159104 0.34976578399583186 0.5539137390733109 0.6522371140256814 0.7687385336065797 0.8696105534740183 0.9100663105338905 0.9367424388355972 0.955816180348367 0.9720849305641839 0.9836850548494774 0.9895041388881273 0.9938806811271007 0.9964864469783558 0.9978958558777982 0.9989792618025138 0.9994847413228752 0.9996522212688428 0.9997574767927359 0.9998239697819725 0.9998670032073128 0.9998746640642294 0.9998783143371576 0.9998814418590554 0.9998840855618165 0.9998863835762125 0.9998885073884567 0.9998906049913785 0.9998927988655408 0.9998952024297737 0.999897934157856 0.9999011443454853 0.9999050140621104 0.9999097649200483 0.9999156612947389 0.9999229446568626 0.9999316346789018 0.9999412402200453 0.9999507561765265 0.9999591975301315 0.9999661074248999 0.9999715342417123 0.9999757470082149 0.99997903488924 0.9999816347652224 0.9999837235903962 0.9999854290345228 0.9999868428508842 0.9999880314353986 0.9999890434322789 0.9999899149800298 0.9999906733206498 0.9999913392883818 0.9999919290342819 0.9999924552292874 0.999992927943024 0.9999933552541177 0.9999937437143829 0.9999940986854746 0.9999944245949921 0.9999947251218445 0.9999950033594133 0.9999952619146897 0.9999955030032803 0.9999957285180809 0.9999959400871056 0.9999961391189245 0.9999963268351937 0.9999965043042167 0.9999966724615983 0.9999968321324467 0.9999969840458313 0.9999971288492402 0.9999972671183902 0.9999973993701358 0.9999975260660835 0.9999976476229179 0.9999977644155005 0.9999978767840982 0.9999979850364484 0.9999980894529229 0.9999981902896253 0.9999982877799404 0.999998382137632 0.9999984735589089 0.9999985622250055 0.999998648302183 0.9999987319432773 0.9999988132907975 0.999998892475894 0.9999989696214547 0.999999044840558 0.9999991182390532 0.9999991899150443 0.9999992599604398 0.9999993284614679 0.9999993954986776 0.9999994611479703 0.9999995254795682 0.9999995885611116 0.9999996504550771 0.9999997112213603 0.9999997709152094 0.9999998295908397 0.999999887298336 0.999999944086234 0.9999999999999718 1.0
0.0 0.75 1.25 1.75 2.25 2.75 3.25 3.75 4.25 4.75 5.25 5.75 6.25 6.75 7.25 7.75 8.25 8.75 9.25 9.75 10.25 10.75 11.25 11.75 12.25 12.75 13.25 13.75 14.25 14.75 15.25 15.75 16.25 16.75 17.25 17.75 18.25 18.75 19.25 19.75 20.25 20.75 21.25 21.75 22.25 22.75 23.25 23.75 24.25 24.75 25.25 25.75 26.25 26.75 27.25 27.75 28.25 28.75 29.25 29.75 30.25 30.75 31.25 31.75 32.25 32.75 33.25 33.75 34.25 34.75 35.25 35.75 36.25 36.75 37.25 37.75 38.25 38.75 39.25 39.75 40.25 40.75 41.25 41.75 42.25 42.75 43.25 43.75 44.25 44.75 45.25 45.75 46.25 46.75 47.25 47.75 48.25 48.75 49.25 49.75 50.25 50.75 51.25 51.75 52.25 52.75 53.25 53.75 54.25 54.75 55.25 55.75 56.25 56.75 57.25 57.75 58.25 58.75 59.25
0.06173823463109645 0.1668441011959308 0.35507863301445464 0.5574216392594002 0.6537097608511757 0.7682082365395799 0.8661745614736389 0.9064468749383569 0.9334665930423068 0.9561053545948046 0.9719590852437575 0.9839184914059765 0.9900394519019237 0.994191310167567 0.9964316155009726 0.997930293505895 0.9990398962582854 0.9994402023141666 0.9996114374022703 0.9997222120179854 0.9998004116857511 0.9998537529761736 0.9998678135667305 0.9998722207640548 0.999875476666157 0.9998782333235111 0.9998806400162707 0.9998828709973931 0.9998850768046924 0.9998873851422317 0.999889916229965 0.9998927955813587 0.9998961835893353 0.9999002733769111 0.9999052998688438 0.9999115433275143 0.9999192568055134 0.9999284513331405 0.9999385890544455 0.9999485946698763 0.9999574378773161 0.9999646573628449 0.9999703176588687 0.9999747068211381 0.999978129445699 0.9999808338122184 0.9999830046472836 0.9999847752577314 0.9999862414009923 0.9999874723875497 0.9999885189928608 0.9999894189570433 0.9999902007475471 0.9999908861363276 0.9999914919987117 0.9999920315710589 0.9999925153986442 0.9999929519330482 0.9999933480254266 0.999993709283192 0.9999940403339157 0.9999943450263477 0.9999946265876234 0.9999948877387218 0.9999951307918824 0.9999953577222506 0.9999955702266365 0.9999957697709364 0.9999959576267268 0.9999961349042542 0.9999963025756279 0.9999964614954383 0.9999966124213743 0.9999967560224698 0.9999968928961139 0.9999970235747501 0.9999971485361863 0.9999972682097794 0.9999973829821056 0.9999974932031447 0.9999975991904043 0.9999977012320126 0.99999779958981 0.9999978945045047 0.9999979861951563 0.9999980748638151 0.9999981606955222 0.9999982438603711 0.9999983245160844 0.9999984028074995 0.9999984788691448 0.9999985528262708 0.9999986247943348 0.9999986948805473 0.999998763185418 0.9999988298027561 0.9999988948196699 0.9999989583175981 0.9999990203733403 0.9999990810585421 0.9999991404402101 0.9999991985812271 0.9999992555418988 0.9999993113773771 0.9999993661407515 0.999999419882019 0.9999994726480845 0.9999995244837906 0.9999995754312484 0.999999625530507 0.9999996748196572 0.9999997233348823 0.9999997711107167 0.9999998181800448 0.9999998645742052 0.9999999103232478 0.9999999554559854 0.9999999999999936 1.0
0.0 0.75 1.25 1.75 2.25 2.75 3.25 3.75 4.25 4.75 5.25 5.75 6.25 6.75 7.25 7.75 8.25 8.75 9.25 9.75 10.25 10.75 11.25 11.75 12.25 12.75 13.25 13.75 14.25 14.75 15.25 15.75 16.25 16.75 17.25 17.75 18.25 18.75 19.25 19.75 20.25 20.75 21.25 21.75 22.25 22.75 23.25 23.75 24.25 24.75 25.25 25.75 26.25 26.75 27.25 27.75 28.25 28.75 29.25 29.75 30.25 30.75 31.25 31.75 32.25 32.75 33.25 33.75 34.25 34.75 35.25 35.75 36.25 36.75 37.25 37.75 38.25 38.75 39.25 39.75 40.25 40.75 41.25 41.75 42.25 42.75 43.25 43.75 44.25 44.75 45.25 45.75 46.25 46.75 47.25 47.75 48.25 48.75 49.25 49.75 50.25 50.75 51.25 51.75 52.25 52.75 53.25 53.75 54.25 54.75 55.25 55.75 56.25 56.75 57.25 57.75 58.25 58.75 59.25 59.75 60.25 60.75 61.25 61.75 62.25 62.75 63.25 63.75 64.25
0.05985028919922143 0.17169670992232744 0.35767168412861494 0.5617225656136722 0.6607369944405983 0.7724020453453043 0.866164473877236 0.9065485752905282 0.9308055731898431 0.9544192386452891 0.9704291933234124 0.9822472342115484 0.9887120434619839 0.9934034390206231 0.9959704677140492 0.9976553444055399 0.9989077143307681 0.9994666387442459 0.9996435397174326 0.9997510067419416 0.9998174024114356 0.9998555909029715 0.9998610501757023 0.9998652233448545 0.9998687956556759 0.9998717486673568 0.9998743056470707 0.999876670911368 0.9998790068794445 0.9998814504335019 0.9998841295674876 0.9998871783107111 0.9998907677646365 0.9998951040378846 0.9999004377112438 0.9999070656400392 0.9999152534419659 0.9999250029708893 0.9999357253156105 0.9999462689168224 0.9999555536920233 0.9999631133940992 0.9999690304170616 0.9999736138054002 0.9999771848494138 0.9999800045372844 0.9999822663095534 0.9999841095974867 0.9999856345252581 0.9999869135584004 0.9999879997895552 0.9999889326957534 0.9999897420469813 0.9999904506251833 0.9999910760987252 0.9999916323406985 0.9999921303707877 0.9999925790365646 0.9999929855124877 0.9999933556686155 0.9999936943502308 0.9999940055869158 0.9999942927552798 0.9999945587030662 0.9999948058475093 0.9999950362484594 0.9999952516840819 0.9999954536848459 0.9999956435778097 0.9999958225190645 0.9999959915225716 0.9999961514776715 0.9999963031701967 0.9999964472963768 0.9999965844757119 0.9999967152607567 0.9999968401458753 0.9999969595749654 0.9999970739486679 0.9999971836290016 0.9999972889429675 0.9999973901871841 0.9999974876330371 0.999997581527708 0.9999976720977806 0.9999977595502698 0.9999978440751968 0.9999979258481637 0.9999980050313838 0.9999980817731663 0.9999981562120362 0.9999982284757043 0.9999982986836417 0.9999983669460504 0.9999984333664382 0.9999984980400728 0.9999985610560429 0.9999986224993174 0.9999986824476556 0.999998740973667 0.9999987981473867 0.9999988540326701 0.9999989086902826 0.9999989621779003 0.999999014549079 0.9999990658544399 0.9999991161418741 0.9999991654566985 0.999999213841655 0.9999992613371682 0.9999993079816542 0.9999993538113664 0.9999993988608072 0.99999944316278 0.9999994867483883 0.9999995296473456 0.9999995718878716 0.999999613496899 0.999999654500073 0.9999996949220087 0.9999997347862399 0.999999774115219 0.9999998129305231 0.9999998512529048 0.9999998891022419 0.999999926497691 0.9999999634576878 0.9999999999999986 1.0
0.0 1.5 2.5 3.5 4.5 5.5 6.5 7.5 8.5 9.5 10.5 11.5 12.5 13.5 14.5 15.5 16.5 17.5 18.5 19.5 20.5 21.5 22.5 23.5 24.5 25.5 26.5 27.5 28.5 29.5 30.5 31.5 32.5 33.5 34.5 35.5 36.5 37.5 38.5 39.5 40.5 41.5 42.5 43.5 44.5 45.5 46.5 47.5 48.5 49.5 50.5 51.5 52.5 53.5 54.5 55.5 56.5 57.5 58.5 59.5 60.5 61.5 62.5 63.5 64.5 65.5 66.5 67.5 68.5
0.16174744943173688 0.5961671174502109 0.7927131868147744 0.9141209174102672 0.9596305198944153 0.9849151492116682 0.9950530352456437 0.9986494424431127 0.9994434608929794 0.9997111597956051 0.9998396140659609 0.9998523779951212 0.9998592411538535 0.999864507591947 0.9998699336967 0.9998767087858451 0.9998863655274473 0.9999011535006546 0.9999229014356407 0.9999463162940109 0.9999630270334017 0.9999731415790495 0.9999793608721412 0.9999834238006307 0.9999862399521428 0.9999882908775181 0.9999898457034933 0.9999910635562909 0.9999920435898579 0.9999928501658981 0.9999935266825707 0.9999941033362433 0.9999946017141251 0.9999950376185893 0.9999954228646659 0.9999957664495477 0.9999960753394652 0.9999963550090437 0.9999966098304174 0.9999968433272343 0.9999970583800226 0.999997257364543 0.9999974422620368 0.9999976147381302 0.9999977762044444 0.9999979278672343 0.9999980707652195 0.9999982057955253 0.9999983337374615 0.9999984552752212 0.9999985710086894 0.9999986814674939 0.9999987871204099 0.9999988883847625 0.9999989856326966 0.9999990791974455 0.9999991693784113 0.9999992564450557 0.999999340641116 0.9999994221871982 0.9999995012840206 0.9999995781145752 0.9999996528461812 0.9999997256325388 0.9999997966149183 0.9999998659242134 0.9999999336815901 0.9999999999999997 1.0
0.0 1.5 2.5 3.5 4.5 5.5 6.5 7.5 8.5 9.5 10.5 11.5 12.5 13.5 14.5 15.5 16.5 17.5 18.5 19.5 20.5 21.5 22.5 23.5 24.5 25.5 26.5 27.5 28.5 29.5 30.5 31.5 32.5 33.5 34.5 35.5 36.5 37.5 38.5 39.5 40.5 41.5 42.5 43.5 44.5 45.5 46.5 47.5 48.5 49.5 50.5 51.5 52.5 53.5 54.5 55.5 56.5 57.5 58.5 59.5 60.5 61.5 62.5 63.5 64.5 65.5 66.5 67.5 68.5 69.5 70.5 71.5 72.5 73.5
0.16458064125767874 0.5962927190896365 0.7922465755264754 0.9131326675193735 0.9554684337629873 0.9829014952918257 0.9943572893442173 0.9982466987308526 0.9996125956462567 0.9997929409282357 0.999834696554402 0.9998453186494023 0.9998529230376102 0.9998584371768877 0.9998640986267 0.9998711747598283 0.9998812835137094 0.9998967993358874 0.9999196311159044 0.9999441231292638 0.9999615316607439 0.9999720539036397 0.9999785217571425 0.999982745503324 0.9999856710206273 0.9999877992471247 0.9999894103444869 0.9999906702061733 0.9999916821194778 0.9999925132567488 0.9999932089313172 0.9999938006551478 0.9999943110134748 0.9999947565090609 0.9999951494702751 0.9999954992773278 0.9999958131880575 0.9999960969007228 0.9999963549512024 0.9999965909943909 0.9999968080119979 0.9999970084586579 0.999997194377735 0.9999973674879062 0.9999975292416051 0.9999976808780543 0.9999978234633095 0.9999979579194822 0.9999980850474671 0.9999982055475062 0.9999983200354224 0.9999984290545259 0.999998533087626 0.9999986325629852 0.9999987278630847 0.9999988193305779 0.9999989072732679 0.9999989919683293 0.9999990736660961 0.9999991525933078 0.9999992289555997 0.9999993029400998 0.9999993747175934 0.9999994444442551 0.9999995122630556 0.9999995783057093 0.9999996426932165 0.9999997055373776 0.9999997669419846 0.9999998270034691 0.9999998858117697 0.9999999434509803 0.9999999999999999 1.0
0.0 1.5 2.5 3.5 4.5 5.5 6.5 7.5 8.5 9.5 10.5 11.5 12.5 13.5 14.5 15.5 16.5 17.5 18.5 19.5 20.5 21.5 22.5 23.5 24.5 25.5 26.5 27.5 28.5 29.5 30.5 31.5 32.5 33.5 34.5 35.5 36.5 37.5 38.5 39.5 40.5 41.5 42.5 43.5 44.5 45.5 46.5 47.5 48.5 49.5 50.5 51.5 52.5 53.5 54.5 55.5 56.5 57.5 58.5 59.5 60.5 61.5 62.5 63.5 64.5 65.5 66.5 67.5 68.5 69.5 70.5 71.5 72.5 73.5 74.5 75.5 76.5 77.5 78.5
0.1681540101482505 0.6016134383977657 0.7978726881596805 0.9081735171235876 0.953759878628988 0.9822476890343308 0.9936786094207276 0.9977508884948542 0.9995784451026353 0.9997759184102878 0.9998297595307102 0.9998400127423095 0.9998470642841063 0.9998527587348862 0.9998586303672196 0.9998659789461286 0.9998765021254363 0.9998926924909859 0.9999165355732617 0.9999420407624735 0.9999601072317695 0.9999710166243677 0.999977722573241 0.9999821010628875 0.9999851326735228 0.9999873364612397 0.9999890029695288 0.9999903043715075 0.9999913480146537 0.9999922037579767 0.9999929187609964 0.999993525863659 0.9999940485514096 0.9999945040144581 0.9999949050915291 0.9999952615479887 0.9999955809214246 0.9999958691428222 0.9999961309192443 0.9999963700352038 0.9999965895738157 0.9999967920707363 0.9999969796312435 0.9999971540223824 0.9999973167369275 0.9999974690475851 0.999997612047105 0.999997746676466 0.9999978737573985 0.9999979940064774 0.9999981080535514 0.9999982164544269 0.9999983197019254 0.9999984182347728 0.9999985124447545 0.9999986026830031 0.9999986892648766 0.9999987724747283 0.99999885256981 0.9999989297827645 0.9999990043248782 0.9999990763884666 0.9999991461490417 0.9999992137667217 0.9999992793881822 0.9999993431478489 0.9999994051695231 0.9999994655671416 0.9999995244457514 0.9999995819025939 0.9999996380278646 0.9999996929052544 0.9999997466128165 0.9999997992232926 0.9999998508050881 0.999999901422055 0.9999999511346848 0.9999999999999999 1.0
0.0 1.5 2.5 3.5 4.5 5.5 6.5 7.5 8.5 9.5 10.5 11.5 12.5 13.5 14.5 15.5 16.5 17.5 18.5 19.5 20.5 21.5 22.5 23.5 24.5 25.5 26.5 27.5 28.5 29.5 30.5 31.5 32.5 33.5 34.5 35.5 36.5 37.5 38.5 39.5 40.5 41.5 42.5 43.5 44.5 45.5 46.5 47.5 48.5 49.5 50.5 51.5 52.5 53.5 54.5 55.5 56.5 57.5 58.5 59.5 60.5 61.5 62.5 63.5 64.5 65.5 66.5 67.5 68.5 69.5 70.5 71.5 72.5 73.5 74.5 75.5 76.5 77.5 78.5 79.5 80.5 81.5 82.5 83.5
0.17108510095124954 0.6024687785678158 0.801096484263733 0.9081893356061181 0.9568500432744022 0.9820353270630894 0.9932092841482812 0.9974737808407784 0.9995262803404049 0.9997449509624701 0.9998227964186427 0.9998335696476657 0.9998409199762305 0.9998468521844683 0.9998529623239989 0.9998606130873423 0.9998715891174396 0.9998885070822366 0.9999134267988761 0.9999399885072993 0.9999587277955228 0.9999700272087697 0.9999769704588478 0.9999815031095377 0.9999846396112834 0.9999869175573622 0.9999886380773 0.9999899797537148 0.9999910538330158 0.9999919330411313 0.999992666362087 0.9999932879220867 0.9999938221295566 0.9999942868514424 0.9999946954268923 0.9999950579981313 0.999995382397349 0.9999956747622036 0.9999959399624395 0.9999961819136088 0.9999964037985226 0.9999966082246543 0.9999967973641746 0.9999969730299398 0.9999971367514795 0.9999972898303592 0.9999974333814312 0.9999975683675718 0.9999976956235634 0.999997815879976 0.9999979297783655 0.9999980378828884 0.9999981406950652 0.9999982386612711 0.9999983321801175 0.9999984216089649 0.9999985072690254 0.9999985894502473 0.9999986684146809 0.9999987444000598 0.9999988176224069 0.9999988882783143 0.9999989565472218 0.9999990225930467 0.9999990865661366 0.9999991486043552 0.9999992088342768 0.9999992673724889 0.9999993243265687 0.9999993797957346 0.9999994338718237 0.9999994866399424 0.9999995381791184 0.9999995885628428 0.9999996378596133 0.9999996861332598 0.9999997334435959 0.9999997798468525 0.99999982539557 0.9999998701394661 0.9999999141256535 0.9999999573984223 1.0 1.0
0.0 1.5 2.5 3.5 4.5 5.5 6.5 7.5 8.5 9.5 10.5 11.5 12.5 13.5 14.5 15.5 16.5 17.5 18.5 19.5 20.5 21.5 22.5 23.5 24.5 25.5 26.5 27.5 28.5 29.5 30.5 31.5 32.5 33.5 34.5 35.5 36.5 37.5 38.5 39.5 40.5 41.5 42.5 43.5 44.5 45.5 46.5 47.5 48.5 49.5 50.5 51.5 52.5 53.5 54.5 55.5 56.5 57.5 58.5 59.5 60.5 61.5 62.5 63.5 64.5 65.5 66.5 67.5 68.5 69.5 70.5 71.5 72.5 73.5 74.5 75.5 76.5 77.5 78.5 79.5 80.5 81.5 82.5 83.5 84.5 85.5 86.5 87.5 88.5
0.1699075628042024 0.5995709676560751 0.7966395894373071 0.9059486850355751 0.9574986700775721 0.9839835641458299 0.9937872544428636 0.997959882611576 0.9995337350416452 0.9997393001536443 0.9998175230443991 0.9998286224472844 0.9998361413181794 0.9998422373047112 0.9998485218128156 0.9998563960277801 0.9998677138318659 0.9998851926546144 0.9999109494578848 0.9999383346683175 0.9999575995420156 0.9999692081137205 0.9999763429869162 0.9999810017893934 0.9999842253715827 0.999986565584386 0.9999883318457783 0.9999897078058897 0.9999908081334875 0.999991707579719 0.9999924566719676 0.9999930906278336 0.9999936346540489 0.9999941071590246 0.9999945219824314 0.9999948895962434 0.9999952180833662 0.9999955137755907 0.9999957816919127 0.9999960258629358 0.9999962495608807 0.9999964554688381 0.9999966458044536 0.9999968224251681 0.99999698689223 0.999997140532538 0.9999972844809537 0.9999974197171904 0.9999975470885969 0.9999976673340268 0.9999977811033676 0.9999978889687151 0.999997991436743 0.999998088958358 0.999998181936512 0.9999982707324946 0.9999983556713579 0.9999984370462563 0.9999985151227868 0.9999985901417004 0.9999986623219411 0.9999987318632485 0.9999987989477865 0.9999988637424211 0.999998926400239 0.9999989870615251 0.9999990458553887 0.9999991029006321 0.9999991583070529 0.9999992121759856 0.9999992646011704 0.9999993156694034 0.9999993654611882 0.9999994140513867 0.9999994615095444 0.9999995079003247 0.9999995532843762 0.9999995977181166 0.9999996412544919 0.9999996839429758 0.9999997258302212 0.9999997669600604 0.9999998073738301 0.9999998471105885 0.9999998862072244 0.9999999246989983 0.9999999626193271 1.0 1.0
0.0 1.5 2.5 3.5 4.5 5.5 6.5 7.5 8.5 9.5 10.5 11.5 12.5 13.5 14.5 15.5 16.5 17.5 18.5 19.5 20.5 21.5 22.5 23.5 24.5 25.5 26.5 27.5 28.5 29.5 30.5 31.5 32.5 33.5 34.5 35.5 36.5 37.5 38.5 39.5 40.5 41.5 42.5 43.5 44.5 45.5 46.5 47.5 48.5 49.5 50.5 51.5 52.5 53.5 54.5 55.5 56.5 57.5 58.5 59.5 60.5 61.5 62.5 63.5 64.5 65.5 66.5 67.5 68.5 69.5 70.5 71.5 72.5 73.5 74.5 75.5 76.5 77.5 78.5 79.5 80.5 81.5 82.5 83.5 84.5 85.5 86.5 87.5 88.5 89.5 90.5 91.5 92.5 93.5
0.170599466235021 0.603448600689795 0.7986295642900619 0.9084075284987592 0.957293500460427 0.9829807555064421 0.9932239439799792 0.9977323584926413 0.9995022230470396 0.9997273576333858 0.9998143986757352 0.9998258733332482 0.9998335159166215 0.9998396945391215 0.9998460637728219 0.9998540524800009 0.9998655568747279 0.9998833602408477 0.9999096219993322 0.9999374802337929 0.9999570253975295 0.9999687957992326 0.9999760297129737 0.9999807545221536 0.9999840238249456 0.9999863965507364 0.9999881862751915 0.9999895793117239 0.9999906921021473 0.9999916006120195 0.9999923562270295 0.9999929947978846 0.9999935419951806 0.9999940166217364 0.9999944327256719 0.9999948009841667 0.9999951296368167 0.999995425132473 0.9999956925677035 0.9999959360633915 0.999996158939469 0.9999963639189533 0.9999965532494999 0.999996728806507 0.9999968921658299 0.9999970446656432 0.9999971874465969 0.9999973214919727 0.999997447650475 0.9999975666633636 0.9999976791796477 0.9999977857692183 0.9999978869386932 0.9999979831377122 0.9999980747676191 0.9999981621882993 0.9999982457234977 0.9999983256654857 0.9999984022786421 0.999998475803361 0.9999985464578961 0.999998614441617 0.9999986799368539 0.9999987431103091 0.9999988041153353 0.9999988630924789 0.999998920171216 0.999998975471147 0.9999990291025379 0.9999990811671902 0.9999991317595248 0.9999991809671253 0.9999992288709552 0.9999992755464429 0.9999993210636986 0.9999993654880575 0.9999994088802961 0.9999994512972845 0.9999994927922021 0.9999995334147558 0.9999995732112879 0.9999996122255358 0.9999996504987412 0.9999996880694318 0.9999997249739656 0.9999997612467464 0.9999997969203331 0.9999998320253313 0.9999998665911526 0.999999900645689 0.999999934215205 0.9999999673252051 1.0 1.0
0.0 1.5 2.5 3.5 4.5 5.5 6.5 7.5 8.5 9.5 10.5 11.5 12.5 13.5 14.5 15.5 16.5 17.5 18.5 19.5 20.5 21.5 22.5 23.5 24.5 25.5 26.5 27.5 28.5 29.5 30.5 31.5 32.5 33.5 34.5 35.5 36.5 37.5 38.5 39.5 40.5 41.5 42.5 43.5 44.5 45.5 46.5 47.5 48.5 49.5 50.5 51.5 52.5 53.5 54.5 55.5 56.5 57.5 58.5 59.5 60.5 61.5 62.5 63.5 64.5 65.5 66.5 67.5 68.5 69.5 70.5 71.5 72.5 73.5 74.5 75.5 76.5 77.5 78.5 79.5 80.5 81.5 82.5 83.5 84.5 85.5 86.5 87.5 88.5 89.5 90.5 91.5 92.5 93.5 94.5 95.5 96.5 97.5 98.5
0.17010271951372208 0.6090851449109465 0.8021682726222753 0.909211287656644 0.9586944732611085 0.9829966908494034 0.9934946242920673 0.9981966416518576 0.9994510758723723 0.9997053435190524 0.9998081355204347 0.999821542413253 0.9998294804417858 0.9998358014618941 0.9998423101090586 0.999850479231799 0.9998622646240811 0.9998805405757237 0.9999075240633706 0.9999360902067204 0.9999560816243347 0.9999681135402527 0.999975512461089 0.9999803463642539 0.9999836912950378 0.9999861183050451 0.9999879479943582 0.9999893706158574 0.9999905059374956 0.9999914317802313 0.9999922008395766 0.9999928498998528 0.9999934053191242 0.9999938864134723 0.9999943076173335 0.999994679906001 0.9999950117493843 0.9999953097728064 0.999995579230085 0.9999958243268788 0.9999960484713336 0.999996254449861 0.9999964445638545 0.9999966207219193 0.9999967845396968 0.9999969373778408 0.9999970803951863 0.9999972145878104 0.9999973408161585 0.9999974598278311 0.9999975722781989 0.9999976787415795 0.9999977797271877 0.9999978756869471 0.9999979670241713 0.9999980540999653 0.9999981372389766 0.9999982167347113 0.9999982928523561 0.9999983658327923 0.9999984358954174 0.9999985032403146 0.9999985680505323 0.9999986304938192 0.9999986907242526 0.9999987488836488 0.999998805102431 0.9999988595013651 0.9999989121916693 0.9999989632765315 0.9999990128514364 0.9999990610050329 0.9999991078195676 0.9999991533715367 0.9999991977321196 0.9999992409677214 0.9999992831402985 0.9999993243075758 0.9999993645234799 0.9999994038384662 0.9999994422998426 0.9999994799520964 0.9999995168367848 0.9999995529928615 0.9999995884571093 0.9999996232641417 0.9999996574468357 0.9999996910357897 0.9999997240600829 0.9999997565472758 0.9999997885236266 0.9999998200139829 0.9999998510418905 0.9999998816299183 0.9999999117995503 0.9999999415714026 0.999999970965223 0.9999999999999999 1.0
0.0 1.5 2.5 3.5 4.5 5.5 6.5 7.5 8.5 9.5 10.5 11.5 12.5 13.5 14.5 15.5 16.5 17.5 18.5 19.5 20.5 21.5 22.5 23.5 24.5 25.5 26.5 27.5 28.5 29.5 30.5 31.5 32.5 33.5 34.5 35.5 36.5 37.5 38.5 39.5 40.5 41.5 42.5 43.5 44.5 45.5 46.5 47.5 48.5 49.5 50.5 51.5 52.5 53.5 54.5 55.5 56.5 57.5 58.5 59.5 60.5 61.5 62.5 63.5 64.5 65.5 66.5 67.5 68.5 69.5 70.5 71.5 72.5 73.5 74.5 75.5 76.5 77.5 78.5 79.5 80.5 81.5 82.5 83.5 84.5 85.5 86.5 87.5 88.5 89.5 90.5 91.5 92.5 93.5 94.5 95.5 96.5 97.5 98.5 99.5 100.5 101.5 102.5 103.5 104.5 105.5 106.5 107.5
0.1751936961834284 0.6127710122654375 0.8079203712335992 0.9123741119257452 0.959020903285831 0.9843456512598043 0.9945333159830361 0.9984938620526327 0.9993639330394114 0.9996708670206559 0.9997857727197288 0.9998076598458313 0.9998186278254326 0.9998254079261997 0.999832311023299 0.9998409808236631 0.9998535318005386 0.9998730694998383 0.9999019497651868 0.9999323983452512 0.9999535993064754 0.9999663428967601 0.9999741824582861 0.9999793065622757 0.9999828523891618 0.9999854238271179 0.999987360391265 0.9999888642441134 0.9999900620363208 0.9999910365873028 0.9999918440442491 0.999992523656356 0.9999931035836823 0.9999936044829558 0.9999940418034903 0.9999944272924197 0.9999947700203022 0.9999950770315029 0.9999953540054526 0.9999956054350141 0.9999958349538486 0.9999960455278329 0.9999962395997096 0.9999964191956717 0.9999965860156331 0.9999967414908715 0.9999968868373199 0.9999970230947212 0.9999971511581675 0.9999972718031153 0.99999738570605 0.9999974934593856 0.9999975955851687 0.9999976925449752 0.9999977847513307 0.9999978725721694 0.9999979563375768 0.9999980363451194 0.99999811286376 0.9999981861375552 0.9999982563885923 0.9999983238194907 0.9999983886159033 0.9999984509478212 0.9999985109717499 0.9999985688315781 0.9999986246601017 0.9999986785803278 0.9999987307058015 0.9999987811420197 0.9999988299868661 0.9999988773311551 0.9999989232596105 0.9999989678513006 0.9999990111795293 0.9999990533130327 0.9999990943158706 0.9999991342480781 0.9999991731657751 0.9999992111217103 0.999999248164934 0.9999992843419957 0.9999993196961815 0.9999993542682765 0.9999993880967815 0.9999994212176957 0.9999994536651702 0.9999994854711799 0.9999995166659601 0.999999547278006 0.9999995773342898 0.9999996068603703 0.9999996358803918 0.9999996644173028 0.9999996924926376 0.9999997201270608 0.999999747340149 0.9999997741503911 0.999999800575624 0.9999998266328141 0.9999998523380578 0.9999998777067991 0.9999999027537204 0.9999999274930694 0.9999999519385496 0.9999999761033211 1.0 1.0
0.0 1.5 2.5 3.5 4.5 5.5 6.5 7.5 8.5 9.5 10.5 11.5 12.5 13.5 14.5 15.5 16.5 17.5 18.5 19.5 20.5 21.5 22.5 23.5 24.5 25.5 26.5 27.5 28.5 29.5 30.5 31.5 32.5 33.5 34.5 35.5 36.5 37.5 38.5 39.5 40.5 41.5 42.5 43.5 44.5 45.5 46.5 47.5 48.5 49.5 50.5 51.5 52.5 53.5 54.5 55.5 56.5 57.5 58.5 59.5 60.5 61.5 62.5 63.5 64.5 65.5 66.5 67.5 68.5 69.5 70.5 71.5 72.5 73.5 74.5 75.5 76.5 77.5 78.5 79.5 80.5 81.5 82.5 83.5 84.5 85.5 86.5 87.5 88.5 89.5 90.5 91.5 92.5 93.5 94.5 95.5 96.5 97.5 98.5 99.5 100.5 101.5 102.5 103.5 104.5 105.5 106.5 107.5 108.5 109.5 110.5 111.5 112.5 113.5 114.5 115.5 116.5 117.5
0.1789811855780089 0.6156693833762534 0.8107348273307186 0.90665898183653 0.9525100294575852 0.9802711972839151 0.9928250050166331 0.9974026652896077 0.9993215044252454 0.9996609047095997 0.9997741278391088 0.9997971951873555 0.9998063721953009 0.9998135203756787 0.9998208455546961 0.9998300530030083 0.999843425628281 0.9998643293571856 0.9998953232941447 0.9999279339261749 0.999950562209718 0.999964155238935 0.999972523779501 0.9999779982953453 0.9999817884696482 0.9999845371454317 0.9999866061860966 0.9999882113870421 0.999989487387514 0.9999905238024707 0.9999913807957607 0.9999921004827319 0.9999927131250745 0.9999932409462178 0.9999937005892193 0.999994104722676 0.9999944631334814 0.9999947834807545 0.9999950718318683 0.9999953330394138 0.9999955710244675 0.9999957889857739 0.9999959895533632 0.9999961749062166 0.9999963468659623 0.999996506960066 0.9999966564872006 0.9999967965423041 0.9999969280841282 0.9999970519297908 0.9999971687896398 0.9999972792835955 0.999997383956403 0.9999974832886366 0.999997577706287 0.9999976675891509 0.999997753277258 0.9999978350763198 0.999997913262086 0.999997988084268 0.9999980597696975 0.999998128525378 0.999998194540118 0.9999982579875825 0.9999983190270548 0.9999983778053985 0.999998434457928 0.9999984891100441 0.9999985418778861 0.9999985928690958 0.9999986421836883 0.9999986899151422 0.9999987361501808 0.9999987809698622 0.9999988244499058 0.9999988666613467 0.999998907670317 0.9999989475389173 0.9999989863255446 0.9999990240847823 0.9999990608679453 0.9999990967235161 0.9999991316967085 0.9999991658303393 0.9999991991647199 0.9999992317377645 0.9999992635852085 0.9999992947409349 0.9999993252368656 0.9999993551029619 0.9999993843677683 0.9999994130581953 0.999999441199737 0.9999994688165801 0.9999994959314948 0.999999522566162 0.9999995487412822 0.9999995744762481 0.9999995997895811 0.9999996246990401 0.9999996492212941 0.9999996733722497 0.9999996971672687 0.9999997206207325 0.9999997437465863 0.9999997665579042 0.9999997890675423 0.9999998112873757 0.9999998332290623 0.9999998549038237 0.999999876322119 0.9999998974945162 0.999999918430712 0.9999999391402937 0.999999959632522 0.9999999799162217 1.0 1.0
0.0 1.5 2.5 3.5 4.5 5.5 6.5 7.5 8.5 9.5 10.5 11.5 12.5 13.5 14.5 15.5 16.5 17.5 18.5 19.5 20.5 21.5 22.5 23.5 24.5 25.5 26.5 27.5 28.5 29.5 30.5 31.5 32.5 33.5 34.5 35.5 36.5 37.5 38.5 39.5 40.5 41.5 42.5 43.5 44.5 45.5 46.5 47.5 48.5 49.5 50.5 51.5 52.5 53.5 54.5 55.5 56.5 57.5 58.5 59.5 60.5 61.5 62.5 63.5 64.5 65.5 66.5 67.5 68.5 69.5 70.5 71.5 72.5 73.5 74.5 75.5 76.5 77.5 78.5 79.5 80.5 81.5 82.5 83.5 84.5 85.5 86.5 87.5 88.5 89.5 90.5 91.5 92.5 93.5 94.5 95.5 96.5 97.5 98.5 99.5 100.5 101.5 102.5 103.5 104.5 105.5 106.5 107.5 108.5 109.5 110.5 111.5 112.5 113.5 114.5 115.5 116.5 117.5 118.5 119.5 120.5 121.5 122.5 123.5 124.5 125.5 126.5 127.5
0.17815998388819865 0.6107659762742114 0.8067068248303352 0.904346996488307 0.9553652106050176 0.982093510054259 0.9928575139442715 0.9974924848764842 0.9992145468897657 0.999603491120294 0.9997500399036491 0.9997860648187102 0.999796242521826 0.9998037261241753 0.99981138404467 0.9998210188958584 0.9998350630181282 0.9998571057795717 0.99988986693968 0.9999242718482366 0.9999480752164128 0.9999623701538073 0.9999711791229571 0.9999769473916295 0.9999809434221946 0.9999838418452603 0.9999860229131098 0.9999877137315959 0.9999890569919808 0.9999901462897997 0.9999910452676208 0.9999917985526755 0.9999924382521312 0.9999929879783317 0.9999934654342721 0.9999938841114758 0.9999942544389727 0.999994584585952 0.9999948809202645 0.9999951487468188 0.9999953922444149 0.9999956148207841 0.9999958192737731 0.999996007918766 0.9999961826845231 0.9999963451926848 0.9999964968122247 0.999996638705191 0.999996771868092 0.9999968971558555 0.999997015310145 0.9999971269746067 0.9999972327129486 0.9999973330209198 0.9999974283364392 0.9999975190484176 0.9999976055036178 0.9999976880113387 0.9999977668528895 0.9999978422807191 0.9999979145236431 0.9999979837897847 0.9999980502690794 0.9999981141354535 0.999998175548457 0.9999982346548981 0.9999982915902581 0.9999983464797814 0.9999983994395638 0.9999984505773153 0.9999984999932314 0.999998547780646 0.9999985940265769 0.9999986388123783 0.9999986822140678 0.9999987243027626 0.999998765145223 0.9999988048040713 0.9999988433381178 0.9999988808026878 0.9999989172497302 0.9999989527282539 0.9999989872844357 0.9999990209618389 0.9999990538014127 0.9999990858420374 0.9999991171203062 0.9999991476709605 0.999999177526782 0.9999992067185913 0.9999992352757937 0.9999992632261607 0.9999992905961571 0.9999993174107226 0.9999993436934903 0.9999993694668954 0.9999993947523925 0.9999994195702386 0.9999994439396017 0.999999467878996 0.9999994914058468 0.9999995145365992 0.9999995372871537 0.9999995596724308 0.9999995817069153 0.9999996034042204 0.9999996247774156 0.9999996458389159 0.9999996666004836 0.9999996870736629 0.9999997072693446 0.999999727197875 0.9999997468691647 0.9999997662929065 0.9999997854781398 0.9999998044337951 0.9999998231681493 0.9999998416894795 0.999999860005627 0.9999998781241064 0.9999998960521058 0.999999913796704 0.9999999313647625 0.9999999487628155 0.9999999659972888 0.9999999830743899 1.0 1.0
0.0 1.5 2.5 3.5 4.5 5.5 6.5 7.5 8.5 9.5 10.5 11.5 12.5 13.5 14.5 15.5 16.5 17.5 18.5 19.5 20.5 21.5 22.5 23.5 24.5 25.5 26.5 27.5 28.5 29.5 30.5 31.5 32.5 33.5 34.5 35.5 36.5 37.5 38.5 39.5 40.5 41.5 42.5 43.5 44.5 45.5 46.5 47.5 48.5 49.5 50.5 51.5 52.5 53.5 54.5 55.5 56.5 57.5 58.5 59.5 60.5 61.5 62.5 63.5 64.5 65.5 66.5 67.5 68.5 69.5 70.5 71.5 72.5 73.5 74.5 75.5 76.5 77.5 78.5 79.5 80.5 81.5 82.5 83.5 84.5 85.5 86.5 87.5 88.5 89.5 90.5 91.5 92.5 93.5 94.5 95.5 96.5 97.5 98.5 99.5 100.5 101.5 102.5 103.5 104.5 105.5 106.5 107.5 108.5 109.5 110.5 111.5 112.5 113.5 114.5 115.5 116.5 117.5 118.5 119.5 120.5 121.5 122.5 123.5 124.5 125.5 126.5 127.5 128.5 129.5 130.5 131.5 132.5 133.5 134.5 135.5 136.5 137.5
0.1780908364925656 0.6164265027085045 0.8099596766550532 0.9058705679642644 0.9562664174016593 0.9810375724432987 0.9920803623967459 0.9972806272810085 0.9990325071400535 0.9995575936602514 0.9997324943559721 0.9997777437578831 0.9997898224696284 0.9997975301233016 0.9998053567007357 0.9998152217207301 0.9998296522260771 0.9998523982466933 0.9998863015377183 0.999921871286057 0.9999464323097834 0.9999611862616224 0.9999702902566721 0.9999762597720614 0.999980399429761 0.9999834014488258 0.9999856608695941 0.9999874119675185 0.9999888021884594 0.9999899283703364 0.9999908564929667 0.9999916328756303 0.9999922908964807 0.9999928551428965 0.9999933440720193 0.9999937717717412 0.9999941491466738 0.9999944847458239 0.9999947853495882 0.999995056385769 0.9999953022421306 0.9999955264940089 0.9999957320785595 0.9999959214254429 0.9999960965581052 0.9999962591711014 0.9999964106943479 0.9999965523149044 0.9999966850989462 0.9999968099318675 0.999996927579267 0.9999970387032843 0.9999971438834006 0.9999972436255864 0.9999973383758057 0.9999974285286198 0.9999975144347013 0.9999975964070418 0.9999976747262883 0.9999977496449904 0.9999978213917389 0.9999978901732344 0.9999979561782085 0.9999980195787306 0.9999980805323854 0.9999981391842339 0.9999981956671392 0.9999982501049263 0.999998302611618 0.9999983532929608 0.9999984022472952 0.9999984495662101 0.9999984953350867 0.999998539633752 0.9999985825369143 0.9999986241143818 0.9999986644319326 0.9999987035512067 0.9999987415300323 0.9999987784231887 0.9999988142818609 0.9999988491544023 0.999998883086662 0.999998916121766 0.9999989483006625 0.9999989796616858 0.999999010241428 0.9999990400745207 0.9999990691936351 0.9999990976297003 0.9999991254123383 0.9999991525693196 0.9999991791273258 0.9999992051112964 0.9999992305454078 0.9999992554520946 0.9999992798532464 0.9999993037693375 0.9999993272199705 0.9999993502237682 0.999999372798373 0.9999993949607742 0.9999994167270896 0.9999994381125658 0.9999994591320137 0.9999994797993734 0.9999995001280398 0.9999995201306462 0.9999995398193896 0.999999559205814 0.9999995783012454 0.9999995971161387 0.9999996156607309 0.9999996339447146 0.9999996519775644 0.9999996697681016 0.9999996873248207 0.9999997046558896 0.9999997217693674 0.9999997386727681 0.9999997553732798 0.9999997718779811 0.999999788193624 0.999999804326634 0.9999998202832188 0.9999998360693678 0.9999998516909622 0.999999867153447 0.9999998824623764 0.9999998976229778 0.9999999126402609 0.9999999275191261 0.9999999422643656 0.9999999568806621 0.9999999713724806 0.9999999857441776 1.0 1.0
0.0 1.5 2.5 3.5 4.5 5.5 6.5 7.5 8.5 9.5 10.5 11.5 12.5 13.5 14.5 15.5 16.5 17.5 18.5 19.5 20.5 21.5 22.5 23.5 24.5 25.5 26.5 27.5 28.5 29.5 30.5 31.5 32.5 33.5 34.5 35.5 36.5 37.5 38.5 39.5 40.5 41.5 42.5 43.5 44.5 45.5 46.5 47.5 48.5 49.5 50.5 51.5 52.5 53.5 54.5 55.5 56.5 57.5 58.5 59.5 60.5 61.5 62.5 63.5 64.5 65.5 66.5 67.5 68.5 69.5 70.5 71.5 72.5 73.5 74.5 75.5 76.5 77.5 78.5 79.5 80.5 81.5 82.5 83.5 84.5 85.5 86.5 87.5 88.5 89.5 90.5 91.5 92.5 93.5 94.5 95.5 96.5 97.5 98.5 99.5 100.5 101.5 102.5 103.5 104.5 105.5 106.5 107.5 108.5 109.5 110.5 111.5 112.5 113.5 114.5 115.5 116.5 117.5 118.5 119.5 120.5 121.5 122.5 123.5 124.5 125.5 126.5 127.5 128.5 129.5 130.5 131.5 132.5 133.5 134.5 135.5 136.5 137.5 138.5 139.5 140.5 141.5 142.5 143.5 144.5 145.5 146.5
0.1802895508511526 0.6210762682983076 0.8135337964763429 0.9080160615136081 0.9562158291432492 0.981916012701529 0.9929922318950168 0.9977716618152946 0.9989572923104607 0.9995325791211035 0.9997032532684877 0.9997583945326171 0.999779833536694 0.9997880864881922 0.999796207303249 0.999806447555866 0.9998214770540664 0.9998452617225356 0.9998808157024079 0.9999181041025286 0.9999438206164548 0.9999592799587179 0.9999688347283354 0.9999751100919043 0.9999794677273904 0.9999826334095421 0.9999850173489155 0.999986865253229 0.9999883319884415 0.9999895194394783 0.9999904971259584 0.9999913139277908 0.9999920051296894 0.9999925967610399 0.9999931083953906 0.9999935545523788 0.9999939473576847 0.9999942958998445 0.9999946073923458 0.9999948876184065 0.9999951412580177 0.999995372126686 0.9999955833574874 0.999995777543876 0.9999959568443386 0.9999961230685153 0.9999962777393382 0.9999964221486288 0.9999965573952532 0.999996684420006 0.999996804033955 0.9999969169369731 0.9999970237391053 0.9999971249717972 0.9999972211020667 0.9999973125412255 0.999997399653818 0.9999974827589294 0.999997562152207 0.9999976380932143 0.9999977108156783 0.9999977805309783 0.9999978474309794 0.9999979116902141 0.9999979734682792 0.9999980329115815 0.9999980901545357 0.9999981453209821 0.9999981985254951 0.9999982498741458 0.9999982994655922 0.9999983473912973 0.9999983937368379 0.9999984385819032 0.9999984820012772 0.9999985240646202 0.9999985648376679 0.9999986043821225 0.9999986427559797 0.9999986800136379 0.9999987162066605 0.9999987513836683 0.9999987855904473 0.9999988188703853 0.9999988512645807 0.9999988828117337 0.999998913548691 0.9999989435102284 0.9999989727294863 0.999999001237861 0.9999990290653312 0.9999990562400226 0.9999990827889711 0.9999991087376858 0.9999991341105862 0.9999991589308922 0.9999991832207338 0.9999992070011506 0.9999992302923106 0.9999992531132912 0.9999992754822976 0.9999992974167725 0.999999318933286 0.9999993400477538 0.9999993607754385 0.9999993811306207 0.9999994011272543 0.99999942077853 0.9999994400970936 0.9999994590950455 0.9999994777839416 0.999999496174901 0.9999995142784983 0.9999995321048718 0.9999995496637237 0.9999995669645384 0.9999995840161461 0.9999996008269407 0.9999996174053166 0.9999996337591227 0.9999996498959899 0.9999996658232223 0.9999996815475788 0.9999996970760362 0.9999997124149175 0.9999997275704364 0.9999997425484798 0.9999997573549344 0.9999997719952509 0.9999997864747711 0.9999998007987276 0.9999998149719171 0.9999998289992453 0.9999998428853998 0.999999856634741 0.9999998702516296 0.9999998837403172 0.9999998971048374 0.9999999103491146 0.9999999234769643 0.9999999364920931 0.9999999493980984 0.9999999621984688 0.9999999748966925 0.9999999874961492 1.0 1.0
0.0 3.0 5.0 7.0 9.0 11.0 13.0 15.0 17.0 19.0 21.0 23.0 25.0 27.0 29.0 31.0 33.0 35.0 37.0 39.0 41.0 43.0 45.0 47.0 49.0 51.0 53.0 55.0 57.0 59.0 61.0 63.0 65.0 67.0 69.0 71.0 73.0 75.0 77.0 79.0 81.0 83.0 85.0 87.0 89.0 91.0 93.0 95.0 97.0 99.0 101.0 103.0 105.0 107.0 109.0 111.0 113.0 115.0 117.0 119.0 121.0 123.0 125.0 127.0 129.0 131.0 133.0 135.0 137.0 139.0 141.0 143.0 145.0 147.0 149.0 151.0 153.0 155.0 157.0
0.6910440750700619 0.9228280683360467 0.9823455491673543 0.9972571136857651 0.9994884416515185 0.9996857043611321 0.9997105924859647 0.9997389364501129 0.9998050274260162 0.9999086226814626 0.9999515547977132 0.99996902573121 0.9999778556939852 0.9999830128385288 0.9999863240880247 0.9999885969388067 0.9999902379215817 0.999991471598629 0.9999924307703024 0.9999931981243257 0.9999938272663048 0.9999943540920817 0.999994803065942 0.9999951918841942 0.9999955330279023 0.999995835660073 0.9999961066321055 0.9999963511584365 0.9999965732831679 0.9999967761951872 0.9999969624507176 0.9999971341323585 0.9999972929596871 0.9999974403705287 0.9999975775893085 0.9999977056614973 0.9999978254902094 0.9999979378636519 0.9999980434734234 0.9999981429301215 0.999998236776261 0.9999983254948844 0.9999984095195189 0.9999984892384822 0.9999985650024175 0.9999986371280607 0.9999987059017388 0.999998771583676 0.9999988344098767 0.9999988945958936 0.9999989523373659 0.9999990078137859 0.9999990611890385 0.9999991126127455 0.9999991622221504 0.9999992101437322 0.9999992564932058 0.9999993013768673 0.9999993448929403 0.9999993871315743 0.9999994281759229 0.9999994681026806 0.9999995069828913 0.9999995448822161 0.999999581861742 0.9999996179774425 0.9999996532820622 0.99999968782404 0.9999997216488544 0.999999754799024 0.9999997873141071 0.9999998192312402 0.9999998505851375 0.9999998814088992 0.9999999117337413 0.9999999415887268 0.999999971001843 1.0 1.0
0.0 3.0 5.0 7.0 9.0 11.0 13.0 15.0 17.0 19.0 21.0 23.0 25.0 27.0 29.0 31.0 33.0 35.0 37.0 39.0 41.0 43.0 45.0 47.0 49.0 51.0 53.0 55.0 57.0 59.0 61.0 63.0 65.0 67.0 69.0 71.0 73.0 75.0 77.0 79.0 81.0 83.0 85.0 87.0 89.0 91.0 93.0 95.0 97.0 99.0 101.0 103.0 105.0 107.0 109.0 111.0 113.0 115.0 117.0 119.0 121.0 123.0 125.0 127.0 129.0 131.0 133.0 135.0 137.0 139.0 141.0 143.0 145.0 147.0 149.0 151.0 153.0 155.0 157.0 159.0 161.0 163.0 165.0 167.0 169.0 171.0 173.0 175.0
0.6800160496620912 0.9105484151233483 0.9798482467277252 0.9971443287944789 0.9995887661930041 0.9996738170425067 0.9996964974298418 0.9997256056215853 0.9997944514852487 0.9999034442593031 0.9999487051765703 0.9999672534345572 0.9999766809542767 0.9999822050036287 0.9999857543902585 0.9999881864352622 0.9999899352503407 0.999991242106631 0.9999922485331074 0.999993047127009 0.9999936962966085 0.9999942353255828 0.9999946913196159 0.9999950834059832 0.9999954253358476 0.9999957271673101 0.9999959963802955 0.9999962386301742 0.9999964582537482 0.99999665863293 0.9999968424431798 0.9999970118344065 0.9999971685475487 0.9999973140461632 0.9999974495421533 0.9999975760627692 0.9999976944889322 0.9999978055828388 0.9999979100094013 0.9999980083547391 0.9999981011371671 0.9999981888187206 0.9999982718129257 0.9999983504915007 0.9999984251899836 0.9999984962117524 0.9999985638325808 0.999998628303854 0.9999986898541775 0.9999987486925928 0.9999988050109888 0.9999988589851747 0.9999989107762194 0.9999989605328639 0.9999990083915208 0.9999990544784191 0.9999990989101394 0.9999991417936143 0.9999991832285404 0.9999992233065743 0.9999992621126726 0.9999992997258959 0.9999993362194082 0.9999993716612822 0.9999994061142301 0.9999994396372126 0.9999994722846337 0.9999995041071458 0.9999995351524531 0.9999995654642402 0.999999595083779 0.9999996240496619 0.9999996523978011 0.9999996801616967 0.9999997073727049 0.9999997340606276 0.9999997602530957 0.9999997859761323 0.9999998112543129 0.9999998361107661 0.999999860567361 0.9999998846448139 0.9999999083627427 0.999999931739827 0.9999999547938623 0.9999999775418396 1.0 1.0
0.0 3.0 5.0 7.0 9.0 11.0 13.0 15.0 17.0 19.0 21.0 23.0 25.0 27.0 29.0 31.0 33.0 35.0 37.0 39.0 41.0 43.0 45.0 47.0 49.0 51.0 53.0 55.0 57.0 59.0 61.0 63.0 65.0 67.0 69.0 71.0 73.0 75.0 77.0 79.0 81.0 83.0 85.0 87.0 89.0 91.0 93.0 95.0 97.0 99.0 101.0 103.0 105.0 107.0 109.0 111.0 113.0 115.0 117.0 119.0 121.0 123.0 125.0 127.0 129.0 131.0 133.0 135.0 137.0 139.0 141.0 143.0 145.0 147.0 149.0 151.0 153.0 155.0 157.0 159.0 161.0 163.0 165.0 167.0 169.0 171.0 173.0 175.0 177.0 179.0 181.0 183.0 185.0 187.0 189.0 191.0 193.0 195.0
0.686763529589192 0.8938423068299044 0.9789748422934836 0.9971848685551837 0.9993040180643484 0.9996481682434049 0.9996722024951183 0.9997030895243274 0.9997770174245456 0.9998949198459685 0.9999440303836169 0.9999643002114764 0.999974665340707 0.9999807496770733 0.9999846668702801 0.9999873505544028 0.9999892759936622 0.9999907087907165 0.999991807915968 0.9999926735319472 0.9999933713004586 0.99999394561489 0.9999944272574866 0.9999948380071506 0.999995193554579 0.999995505374937 0.9999957819879508 0.9999960298061177 0.9999962536067714 0.9999964573123175 0.9999966438712098 0.9999968156249625 0.9999969744594144 0.9999971219127378 0.999997259256846 0.9999973875559661 0.9999975077120445 0.999997620498063 0.9999977265822193 0.9999978265488847 0.9999979209114994 0.9999980101252012 0.9999980945973035 0.9999981746929372 0.9999982507401562 0.9999983230366539 0.9999983918527185 0.9999984574344577 0.9999985200070222 0.9999985797762179 0.9999986369317304 0.9999986916468561 0.9999987440822631 0.9999987943851862 0.9999988426926505 0.9999988891309335 0.9999989338174469 0.9999989768601986 0.9999990183599423 0.9999990584104459 0.999999097098492 0.9999991345052206 0.9999991707058613 0.9999992057708073 0.9999992397656154 0.9999992727512753 0.999999304785015 0.9999993359200324 0.9999993662063015 0.9999993956903029 0.9999994244158311 0.999999452423725 0.9999994797524051 0.999999506437498 0.9999995325127493 0.9999995580097555 0.9999995829581784 0.9999996073858528 0.9999996313190017 0.9999996547822356 0.9999996777987683 0.9999997003904699 0.9999997225779212 0.9999997443805745 0.9999997658168336 0.9999997869040823 0.9999998076587635 0.9999998280964604 0.9999998482320307 0.9999998680795261 0.9999998876523271 0.999999906963276 0.999999926024544 0.9999999448478724 0.999999963444411 0.9999999818249876 1.0 1.0
0.0 3.0 5.0 7.0 9.0 11.0 13.0 15.0 17.0 19.0 21.0 23.0 25.0 27.0 29.0 31.0 33.0 35.0 37.0 39.0 41.0 43.0 45.0 47.0 49.0 51.0 53.0 55.0 57.0 59.0 61.0 63.0 65.0 67.0 69.0 71.0 73.0 75.0 77.0 79.0 81.0 83.0 85.0 87.0 89.0 91.0 93.0 95.0 97.0 99.0 101.0 103.0 105.0 107.0 109.0 111.0 113.0 115.0 117.0 119.0 121.0 123.0 125.0 127.0 129.0 131.0 133.0 135.0 137.0 139.0 141.0 143.0 145.0 147.0 149.0 151.0 153.0 155.0 157.0 159.0 161.0 163.0 165.0 167.0 169.0 171.0 173.0 175.0 177.0 179.0 181.0 183.0 185.0 187.0 189.0 191.0 193.0 195.0 197.0 199.0 201.0 203.0 205.0 207.0 209.0 211.0 213.0 215.0
0.6825178305338809 0.8926033693733586 0.9767593175665833 0.996473964358248 0.9992755349731272 0.9996204718885398 0.999646446761977 0.9996791378015616 0.9997582605416203 0.99988551060165 0.9999387414117216 0.9999608795872607 0.9999722759690262 0.9999790154194279 0.9999833687702531 0.9999863554855635 0.9999884971621664 0.9999900869160985 0.9999913012087452 0.999992251903781 0.9999930127731278 0.9999936339932808 0.9999941495544229 0.9999945856003727 0.9999949600369363 0.999995286003086 0.9999955732631863 0.9999958291560697 0.9999960592670063 0.9999962678931213 0.999996458377905 0.9999966333534439 0.9999967949163937 0.9999969447575456 0.9999970842570549 0.9999972145549918 0.9999973366044546 0.999997451212613 0.9999975590643139 0.9999976607617824 0.9999977568248907 0.9999978477099346 0.9999979338222431 0.9999980155236875 0.9999980931385843 0.9999981669601328 0.999998237253902 0.9999983042618551 0.9999983682044953 0.9999984292848889 0.9999984876881297 0.9999985435853624 0.9999985971348557 0.9999986484820017 0.9999986977622679 0.9999987451003911 0.999998790613061 0.999998834408383 0.9999988765869516 0.9999989172423865 0.9999989564624062 0.9999989943282909 0.9999990309164923 0.9999990662980973 0.9999991005399005 0.9999991337044044 0.9999991658500882 0.999999197031675 0.9999992273006693 0.9999992567053564 0.9999992852910707 0.9999993131004644 0.9999993401732387 0.9999993665473245 0.9999993922579967 0.9999994173386529 0.999999441820571 0.9999994657333662 0.9999994891048561 0.9999995119613027 0.9999995343274386 0.9999995562266286 0.9999995776809498 0.9999995987112187 0.9999996193370713 0.9999996395771241 0.9999996594490013 0.9999996789693076 0.9999996981537896 0.9999997170174426 0.9999997355744032 0.9999997538380574 0.9999997718211739 0.9999997895359044 0.9999998069938106 0.9999998242058106 0.9999998411823658 0.9999998579335091 0.9999998744687634 0.9999998907972223 0.9999999069276578 0.9999999228684929 0.9999999386277484 0.9999999542131768 0.9999999696322354 0.9999999848921669 0.9999999999999999 1.0
0.0 3.0 5.0 7.0 9.0 11.0 13.0 15.0 17.0 19.0 21.0 23.0 25.0 27.0 29.0 31.0 33.0 35.0 37.0 39.0 41.0 43.0 45.0 47.0 49.0 51.0 53.0 55.0 57.0 59.0 61.0 63.0 65.0 67.0 69.0 71.0 73.0 75.0 77.0 79.0 81.0 83.0 85.0 87.0 89.0 91.0 93.0 95.0 97.0 99.0 101.0 103.0 105.0 107.0 109.0 111.0 113.0 115.0 117.0 119.0 121.0 123.0 125.0 127.0 129.0 131.0 133.0 135.0 137.0 139.0 141.0 143.0 145.0 147.0 149.0 151.0 153.0 155.0 157.0 159.0 161.0 163.0 165.0 167.0 169.0 171.0 173.0 175.0 177.0 179.0 181.0 183.0 185.0 187.0 189.0 191.0 193.0 195.0 197.0 199.0 201.0 203.0 205.0 207.0 209.0 211.0 213.0 215.0 217.0 219.0 221.0 223.0 225.0 227.0 229.0 231.0 233.0 235.0 237.0 239.0 241.0 243.0
0.6865257860678822 0.9137717125385066 0.9782755432739533 0.9953362601044542 0.998950066983138 0.9995506693498494 0.9995915383903521 0.999628192809374 0.9997183899537763 0.9998653635945157 0.9999273648459879 0.9999534656518694 0.99996704679139 0.9999751487080636 0.9999804170655106 0.9999840474751179 0.9999866560136403 0.9999885914727064 0.999990065518301 0.9999912116546312 0.9999921222229573 0.9999928588790438 0.9999934649861016 0.9999939716352925 0.9999944014794007 0.9999947712474218 0.9999950934316999 0.999995377459254 0.9999956305063313 0.9999958580894437 0.999996064484734 0.9999962530361207 0.9999964263833839 0.9999965866289988 0.9999967354654765 0.9999968742685867 0.9999970041693568 0.9999971260938321 0.9999972408474331 0.9999973490982987 0.9999974514189275 0.9999975483060581 0.9999976401932958 0.9999977274632018 0.9999978104550844 0.9999978894727896 0.9999979647900742 0.9999980366540987 0.9999981052902626 0.9999981709038164 0.9999982336833544 0.9999982938021574 0.9999983514195363 0.9999984066837874 0.9999984597316547 0.9999985106902111 0.9999985596776636 0.9999986068044282 0.9999986521731307 0.9999986958796795 0.9999987380140736 0.9999987786601325 0.99999881789684 0.9999988557978069 0.9999988924326143 0.9999989278665447 0.9999989621605823 0.9999989953724874 0.9999990275567964 0.9999990587645532 0.9999990890438468 0.9999991184403481 0.9999991469967727 0.999999174753956 0.9999992017497779 0.999999228020802 0.9999992536011204 0.9999992785230519 0.9999993028172769 0.9999993265127018 0.9999993496368105 0.9999993722156081 0.9999993942737033 0.9999994158344152 0.9999994369199074 0.9999994575511619 0.9999994777481396 0.9999994975296997 0.9999995169137885 0.9999995359174383 0.9999995545568222 0.9999995728473338 0.9999995908035609 0.9999996084394737 0.999999625768209 0.9999996428023669 0.9999996595539022 0.9999996760342059 0.9999996922541047 0.9999997082239686 0.999999723953657 0.9999997394525192 0.9999997547295817 0.9999997697934415 0.9999997846521852 0.9999997993136842 0.9999998137854069 0.9999998280745265 0.9999998421879205 0.9999998561321709 0.9999998699135639 0.9999998835381446 0.9999998970117694 0.9999999103400532 0.9999999235283958 0.9999999365820091 0.9999999495059438 0.9999999623050896 0.9999999749840939 0.9999999875475775 1.0 1.0
