4.812014 5.0 6.0 7.0 8.0 9.0 10.0 11.0 12.0 13.0 14.0 15.0 16.0 17.0 18.0 19.0 20.0 23.0 27.0 30.0 35.0 40.0 50.0 60.0 70.0 80.0 90.0 100.0 110.0 120.0 130.0 140.0 150.0
0.9999633 0.9999633 1.000003 1.000006 1.000006 0.7917809 0.759495 0.6293127 0.5405329 0.4648051 0.3919983 0.3456249 0.2647324 0.2252234 0.2114045 0.2056084 0.2005406 0.1932494 0.2283565 0.2857997 0.3435568 0.3718883 0.4011166 0.399704 0.3847935 0.3694827 0.3519901 0.3393625 0.3324722 0.3210555 0.3156141 0.3125356 0.3098413
0.0 0.1
0.9999999999999999 1.0
0.0 0.375 0.625 0.875 1.125 1.375 1.625 1.875 2.125 2.375 2.625 2.875 3.125 3.375 3.625 3.875 4.125 4.375 4.625 4.875 5.125 5.375 5.625 5.875 6.125 6.375 6.625
9.590100490798605e-11 1.2047960616586062e-09 4.795246245409334e-09 1.293059666175728e-08 2.8071697436642918e-08 5.2932373708953385e-08 9.034287562353417e-08 1.4312312832470237e-07 2.1396538195024092e-07 3.0532638662588055e-07 4.193273924601817e-07 5.576571495395707e-07 7.214714079231961e-07 9.112706676366722e-07 1.1267211786629184e-06 1.3663474409264225e-06 4.546947603701998e-06 0.9999893481244548 0.9999893481244548 0.9999893481244548 0.9999893481244548 0.9999893481244548 0.9999893481244548 0.9999893481244548 0.9999893481244548 1.0 1.0
0.0 0.375 0.625 0.875 1.125 1.375 1.625 1.875 2.125 2.375 2.625 2.875 3.125 3.375 3.625 3.875 4.125 4.375 4.625 4.875 5.125 5.375 5.625 5.875 6.125 6.375 6.625 6.875 7.125 7.375 7.625
1.7424224865863105e-11 2.219889732910625e-10 8.93791468119326e-10 2.436773956240985e-09 5.346773933838935e-09 1.0188023896569546e-08 1.7570198839739356e-08 2.812652375847361e-08 4.2493273647874074e-08 6.129077350316531e-08 8.510554831983205e-08 1.1447404809374455e-07 1.4986704782127866e-07 1.9167479749943009e-07 2.4019154712593366e-07 2.9559829669939594e-07 3.579400462194705e-07 0.999996350241778 0.9999964258450275 0.9999975887575187 0.9999975887575187 0.9999975887575187 0.9999975887575187 0.9999975887575187 0.9999975887575187 0.9999975887575187 0.9999975887575187 0.9999975887575187 0.9999975887575187 1.0 1.0
0.0 0.375 0.625 0.875 1.125 1.375 1.625 1.875 2.125 2.375 2.625 2.875 3.125 3.375 3.625 3.875 4.125 4.375 4.625 4.875 5.125 5.375 5.625 5.875 6.125 6.375 6.625 6.875 7.125 7.375 7.625 7.875 8.125 8.375 8.625
1.4121123982123575e-11 1.8014286201497326e-10 7.262428226510901e-10 1.982757732079199e-09 4.3573275609158665e-09 8.316902275502483e-09 1.4370376839156972e-08 2.3052176213357005e-08 3.49072003588252e-08 5.047669923654726e-08 7.028589780866402e-08 9.483232103931297e-08 1.2457606889532926e-07 1.599300663469485e-07 2.0125206336838344e-07 2.4883680993838795e-07 3.029080560408337e-07 0.9999957308265578 0.9999957982178029 0.9999958722517975 0.9999959527585418 0.9999960394052855 0.9999961316252789 0.9999974272501854 0.9999974272501854 0.9999974272501854 0.9999974272501854 0.9999974272501854 0.9999974272501854 0.9999974272501854 0.9999974272501854 0.9999974272501854 0.9999974272501854 1.0 1.0
0.0 0.375 0.625 0.875 1.125 1.375 1.625 1.875 2.125 2.375 2.625 2.875 3.125 3.375 3.625 3.875 4.125 4.375 4.625 4.875 5.125 5.375 5.625 5.875 6.125 6.375 6.625 6.875 7.125 7.375 7.625 7.875 8.125 8.375 8.625 8.875 9.125 9.375
1.3448774483884358e-11 1.7148426841904992e-10 6.912117484737767e-10 1.8871642025774187e-09 4.148056615812491e-09 7.920356471045178e-09 1.3692431249533687e-08 2.1979880931491145e-08 3.331200549660493e-08 4.821957992450578e-08 6.722397919518521e-08 9.082765328936101e-08 1.1950565218880245e-07 1.5369790087662678e-07 1.9380389933750267e-07 2.401761475579024e-07 2.9311589552626507e-07 0.9999945047397109 0.9999945714919583 0.9999946453662054 0.9999947264179524 0.9999948146291989 0.9999949098989451 0.9999950120306913 0.9999951207024371 0.9999952354176828 0.9999953554076781 0.999996949975117 0.999996949975117 0.999996949975117 0.999996949975117 0.999996949975117 0.999996949975117 0.999996949975117 0.999996949975117 0.999996949975117 1.0 1.0
0.0 0.375 0.625 0.875 1.125 1.375 1.625 1.875 2.125 2.375 2.625 2.875 3.125 3.375 3.625 3.875 4.125 4.375 4.625 4.875 5.125 5.375 5.625 5.875 6.125 6.375 6.625 6.875 7.125 7.375 7.625 7.875 8.125 8.375 8.625 8.875 9.125 9.375 9.625 9.875 10.125 10.375
1.3688326265510076e-11 1.74525841135224e-10 7.035783900470719e-10 1.9215185026477987e-09 4.225448715650239e-09 8.072699071335368e-09 1.396542461612831e-08 2.2436200399266576e-08 3.403497647159402e-08 4.9317427884483806e-08 6.88344546888676e-08 9.312323193440819e-08 0.0001291576351641778 0.00012919298616744605 0.00012923456567129015 0.00012928278892574845 0.00012933802918085551 0.9999926804683228 0.9999927506770794 0.9999928287395866 0.9999929148335946 0.9999930090833532 0.9999931115576128 0.9999932222681231 0.9999933411646342 0.9999934681291459 0.9999936029646584 0.9999937453751716 0.9999938949229353 0.9999940509539499 0.9999942124544647 0.9999963595496634 0.9999963595496634 0.9999963595496634 0.9999963595496634 0.9999963595496634 0.9999963595496634 0.9999963595496634 0.9999963595496634 0.9999963595496634 1.0 1.0
0.0 0.375 0.625 0.875 1.125 1.375 1.625 1.875 2.125 2.375 2.625 2.875 3.125 3.375 3.625 3.875 4.125 4.375 4.625 4.875 5.125 5.375 5.625 5.875 6.125 6.375 6.625 6.875 7.125 7.375 7.625 7.875 8.125 8.375 8.625 8.875 9.125 9.375 9.625 9.875 10.125 10.375 10.625 10.875 11.125 11.375
1.3317926119021505e-11 1.6981443926843843e-10 6.846794825293073e-10 1.8702945821490813e-09 4.113994770673086e-09 7.862620085646476e-09 1.3607920568387911e-08 2.1872946262845996e-08 3.319974721456578e-08 4.8138398469766615e-08 6.723750007454391e-08 9.103555207414442e-08 0.00016196829915360168 0.00016200303690652048 0.00016204396440995934 0.00016209152041395518 0.0001621461084185419 0.9999909801177421 0.999991049829998 0.9999911275547545 0.9999912135375117 0.9999913079822698 0.9999914110515284 0.9999915228662879 0.9999916435042981 0.999991773002809 0.9999919113568205 0.9999920585163328 0.9999922143853458 0.9999923788133597 0.9999925515831243 0.9999927323838894 0.9999929207576552 0.9999931159994215 0.9999956478246342 0.9999956478246342 0.9999956478246342 0.9999956478246342 0.9999956478246342 0.9999956478246342 0.9999956478246342 0.9999956478246342 0.9999956478246342 0.9999956478246342 1.0 1.0
0.0 0.375 0.625 0.875 1.125 1.375 1.625 1.875 2.125 2.375 2.625 2.875 3.125 3.375 3.625 3.875 4.125 4.375 4.625 4.875 5.125 5.375 5.625 5.875 6.125 6.375 6.625 6.875 7.125 7.375 7.625 7.875 8.125 8.375 8.625 8.875 9.125 9.375 9.625 9.875 10.125 10.375 10.625 10.875 11.125 11.375 11.625 11.875 12.125
1.198039911554806e-11 1.5389688863857536e-10 6.240568539290563e-10 1.713569273495895e-09 3.787389120396322e-09 7.27111386321064e-09 1.2638188466986817e-08 2.0397862894129515e-08 3.108413710521623e-08 4.524583605973002e-08 6.343763471672203e-08 8.621265803535789e-08 0.0002691149427970124 0.00026914850454453466 0.0002691882372916014 0.0002692346312881764 0.00026928815128422523 0.99998821434712 0.9999882834016148 0.9999883608053592 0.9999884469051029 0.9999885420168458 0.9999886464248382 0.9999887603830797 0.9999888841155706 0.9999890178155608 0.9999891616493002 0.9999893157537889 0.9999894802395268 0.9999896551912638 0.9999898406672502 0.9999900366979856 0.9999902432857203 0.9999904603939542 0.9999906879344375 0.99999092572992 0.9999911734506517 0.9999914304756327 0.999994486100407 0.999994486100407 0.999994486100407 0.999994486100407 0.999994486100407 0.999994486100407 0.999994486100407 0.999994486100407 0.999994486100407 1.0 1.0
0.0 0.375 0.625 0.875 1.125 1.375 1.625 1.875 2.125 2.375 2.625 2.875 3.125 3.375 3.625 3.875 4.125 4.375 4.625 4.875 5.125 5.375 5.625 5.875 6.125 6.375 6.625 6.875 7.125 7.375 7.625 7.875 8.125 8.375 8.625 8.875 9.125 9.375 9.625 9.875 10.125 10.375 10.625 10.875 11.125 11.375 11.625 11.875 12.125 12.375 12.625 12.875 13.125
1.0543150991976942e-11 1.36493412842301e-10 5.567284523810944e-10 1.5366110445756327e-09 3.4121687210418496e-09 6.578969018997639e-09 1.1481119480227894e-08 1.860069515008977e-08 2.8447996076596034e-08 4.1552697309582404e-08 5.845584889995483e-08 7.970317589905914e-08 0.00033684998486171623 0.00033688154686468583 0.00033691906236821555 0.00033696304462235374 0.00033701399037714704 0.9999851080445988 0.999985174332855 0.999985248959362 0.9999853323411197 0.9999854248741284 0.999985526934138 0.9999856388771485 0.99998576104041 0.9999858937436725 0.999986037290436 0.9999861919714506 0.9999863580624663 0.9999865358294832 0.999986725530251 0.99998692741502 0.9999871417307904 0.9999873687193116 0.9999876086238342 0.999987861683858 0.999988128136383 0.9999884082064094 0.9999887020864371 0.999989009898966 0.9999893316014962 0.9999896668240277 0.999993442874383 0.999993442874383 0.999993442874383 0.999993442874383 0.999993442874383 0.999993442874383 0.999993442874383 0.999993442874383 0.999993442874383 1.0 1.0
0.0 0.375 0.625 0.875 1.125 1.375 1.625 1.875 2.125 2.375 2.625 2.875 3.125 3.375 3.625 3.875 4.125 4.375 4.625 4.875 5.125 5.375 5.625 5.875 6.125 6.375 6.625 6.875 7.125 7.375 7.625 7.875 8.125 8.375 8.625 8.875 9.125 9.375 9.625 9.875 10.125 10.375 10.625 10.875 11.125 11.375 11.625 11.875 12.125 12.375 12.625 12.875 13.125 13.375 13.625 13.875 14.125
9.459875070401663e-12 1.3758312602391215e-10 5.055806287625991e-10 1.351068135054831e-09 3.213965648918765e-09 6.0388406699418654e-09 1.0346515702000162e-08 1.6629315748757608e-08 2.5360640813737305e-08 3.7032690900602274e-08 5.215324101313144e-08 7.16216161580177e-08 0.00036544537433531865 0.0003654739640855314 0.0003655080728357852 0.00036554821933608406 0.0003655949058364315 0.9999821023451171 0.9999821635766174 0.999982232789868 0.9999823104413685 0.9999823969763693 0.9999824928286201 0.9999825984228708 0.9999827141743717 0.9999828404918726 0.9999829777791237 0.9999831264366247 0.9999832868638758 0.9999834594628771 0.9999836446411285 0.9999838428113801 0.9999840543988816 0.9999842798423833 0.9999845195998851 0.999984774152387 0.9999850440048889 0.999985329697391 0.9999856317998931 0.9999859509273955 0.999986287727398 0.9999866428874006 0.9999870171049032 0.9999874110524062 0.9999878252749091 0.9999924540249437 0.9999924540249437 0.9999924540249437 0.9999924540249437 0.9999924540249437 0.9999924540249437 0.9999924540249437 0.9999924540249437 0.9999924540249437 0.9999924540249437 1.0 1.0
0.0 0.375 0.625 0.875 1.125 1.375 1.625 1.875 2.125 2.375 2.625 2.875 3.125 3.375 3.625 3.875 4.125 4.375 4.625 4.875 5.125 5.375 5.625 5.875 6.125 6.375 6.625 6.875 7.125 7.375 7.625 7.875 8.125 8.375 8.625 8.875 9.125 9.375 9.625 9.875 10.125 10.375 10.625 10.875 11.125 11.375 11.625 11.875 12.125 12.375 12.625 12.875 13.125 13.375 13.625 13.875 14.125 14.375 14.625 14.875
4.955337471984783e-06 1.2779157163592205e-05 1.3153903106782395e-05 1.3155114067330236e-05 0.0009353589351427542 0.0013102038785821177 0.0014285396764190015 0.0014285459928848991 0.0014285545644064726 0.001428589039493242 0.0014286096008199927 0.0014286308676985187 0.0017778694966898874 0.0017778978700112998 0.0017779317265965127 0.0017779716224469258 0.001778018092813886 0.9999737804307584 0.9999738443596692 0.999973914617596 0.999973992847793 0.999974080300263 0.9999741774760076 0.9999742848722779 0.9999744029840753 0.9999745323056508 0.9999746733335056 0.9999748265676414 0.9999749925155591 0.9999751716940101 0.9999757138903747 0.9999760102636205 0.9999762553202374 0.9999764929088354 0.9999767465869738 0.9999770170076543 0.9999773048658788 0.9999776109041492 0.9999779359149673 0.9999782807508352 0.9999786463342554 0.9999790336602302 0.9999794438087625 0.9999798779548552 0.9999803373635116 0.9999808233972349 0.9999813374835287 0.9999818810673969 0.9999836246467853 0.9999901243881443 0.9999901748252712 0.9999901748252712 0.9999901748252712 0.9999901748252712 0.9999901748252712 0.9999901748252712 0.9999901748252712 0.9999901748252712 1.0 1.0
0.0 0.375 0.625 0.875 1.125 1.375 1.625 1.875 2.125 2.375 2.625 2.875 3.125 3.375 3.625 3.875 4.125 4.375 4.625 4.875 5.125 5.375 5.625 5.875 6.125 6.375 6.625 6.875 7.125 7.375 7.625 7.875 8.125 8.375 8.625 8.875 9.125 9.375 9.625 9.875 10.125 10.375 10.625 10.875 11.125 11.375 11.625 11.875 12.125 12.375 12.625 12.875 13.125 13.375 13.625 13.875 14.125 14.375 14.625 14.875 15.125 15.375 15.625 15.875
2.636509737243742e-05 0.00017128125671033137 0.0003959077162685558 0.0005949230883887748 0.0017945793944193463 0.0029188807076127904 0.003978089413180812 0.004967827203437169 0.00570658468691109 0.005977410505167383 0.006058034067420366 0.006058069572888166 0.006400569335482057 0.006400607298482237 0.00640064482972673 0.006400685699765212 0.006400731739121802 0.9999615723659478 0.9999616417491121 0.9999617177781138 0.9999618022727269 0.9999618950041989 0.9999619945672605 0.9999621031781917 0.9999622221040085 0.9999623526922291 0.9999624955148609 0.9999626511539115 0.9999628202043889 0.9999630032775509 0.9999637350546924 0.999964238753829 0.9999646863672264 0.9999651191254281 0.9999655219507356 0.9999658575751575 0.9999661756518484 0.9999664961860716 0.9999668376830709 0.9999672011778602 0.999967587790454 0.9999679987258683 0.9999684353016203 0.9999688989402289 0.9999693912042147 0.9999699137911001 0.9999704685684097 0.999973150703748 0.9999745779000521 0.9999757440304163 0.9999768493424793 0.9999778892936811 0.9999787975206474 0.9999873657335376 0.9999873657335376 0.9999873657335376 0.9999873657335376 0.9999873657335376 0.9999873657335376 0.9999873657335376 0.9999873657335376 0.9999873657335376 0.9999999999999999 1.0
0.0 0.375 0.625 0.875 1.125 1.375 1.625 1.875 2.125 2.375 2.625 2.875 3.125 3.375 3.625 3.875 4.125 4.375 4.625 4.875 5.125 5.375 5.625 5.875 6.125 6.375 6.625 6.875 7.125 7.375 7.625 7.875 8.125 8.375 8.625 8.875 9.125 9.375 9.625 9.875 10.125 10.375 10.625 10.875 11.125 11.375 11.625 11.875 12.125 12.375 12.625 12.875 13.125 13.375 13.625 13.875 14.125 14.375 14.625 14.875 15.125 15.375 15.625 15.875 16.125 16.375 16.625 16.875
6.026281142515955e-05 0.00030558618554066443 0.0007397827369489677 0.001305254734333903 0.0034638626194021587 0.005529891721667349 0.007364764625664719 0.008853877886557256 0.009987952725436407 0.010920401253679431 0.01174409326283676 0.012506614933289787 0.013440384001226595 0.013658973571757214 0.013726196592397604 0.013726258831268427 0.013726360537325585 0.9999360047726328 0.9999360883246442 0.9999361784301027 0.9999362786258644 0.9999363901664672 0.9999365141454437 0.9999366514428207 0.9999368011225699 0.9999369607308676 0.999937133204052 0.9999373202804254 0.9999375239547974 0.9999387681471962 0.9999394571229059 0.9999400144646589 0.9999405279325932 0.9999410284551382 0.9999415369329224 0.9999420664663395 0.9999426231855738 0.9999431754046729 0.9999436631443338 0.9999441356135357 0.9999446149029425 0.9999451255457917 0.9999456693121367 0.999946248119535 0.9999468640605494 0.9999475194127485 0.9999482166737074 0.9999537467399343 0.9999559699142603 0.9999575485892133 0.9999589650392899 0.9999603451932758 0.9999617515055478 0.9999632186246477 0.999964763813594 0.9999663268880782 0.9999803359341726 0.9999803850353987 0.9999803850353987 0.9999803850353987 0.9999803850353987 0.9999803850353987 0.9999803850353987 0.9999803850353987 0.9999803850353987 0.9999803850353987 1.0 1.0
0.0 0.375 0.625 0.875 1.125 1.375 1.625 1.875 2.125 2.375 2.625 2.875 3.125 3.375 3.625 3.875 4.125 4.375 4.625 4.875 5.125 5.375 5.625 5.875 6.125 6.375 6.625 6.875 7.125 7.375 7.625 7.875 8.125 8.375 8.625 8.875 9.125 9.375 9.625 9.875 10.125 10.375 10.625 10.875 11.125 11.375 11.625 11.875 12.125 12.375 12.625 12.875 13.125 13.375 13.625 13.875 14.125 14.375 14.625 14.875 15.125 15.375 15.625 15.875 16.125 16.375 16.625 16.875 17.125 17.375 17.625 17.875
4.040606332204197e-05 0.00027945737511722964 0.0007255001033831812 0.0013405209829618014 0.004061768258166526 0.006739552158509463 0.009240054990412697 0.011487459977782121 0.013449372218550056 0.015100780959282231 0.016415940931759538 0.0174241122249499 0.018602252689400887 0.019367632595513162 0.020091885173785268 0.02065269046207383 0.020867728290508508 0.9999096851448284 0.9999098019934305 0.9999099282089711 0.999910062834931 0.999910199257427 0.9999103441093428 0.9999105006697441 0.9999106729387115 0.9999108621820207 0.9999110697134481 0.999911296696767 0.9999115416431975 0.9999118006734113 0.9999128029110852 0.9999135320082609 0.9999141707786187 0.9999147758132971 0.9999153758953759 0.9999159874076848 0.9999166184753875 0.9999172750186028 0.9999179671300341 0.9999187043623737 0.9999194923807355 0.9999202893317771 0.9999210126088356 0.9999217217481097 0.9999224450001678 0.9999232155806786 0.9999240365372033 0.9999249111948091 0.9999285721184988 0.9999307485998086 0.999932558571241 0.9999342619305273 0.9999359580621683 0.9999376960796524 0.999939500150966 0.999941390086508 0.9999433952718697 0.9999455457901568 0.9999478671218822 0.9999502755853615 0.9999720323982982 0.9999721111886342 0.9999721111886342 0.9999721111886342 0.9999721111886342 0.9999721111886342 0.9999721111886342 0.9999721111886342 0.9999721111886342 0.9999721111886342 1.0 1.0
0.0 0.375 0.625 0.875 1.125 1.375 1.625 1.875 2.125 2.375 2.625 2.875 3.125 3.375 3.625 3.875 4.125 4.375 4.625 4.875 5.125 5.375 5.625 5.875 6.125 6.375 6.625 6.875 7.125 7.375 7.625 7.875 8.125 8.375 8.625 8.875 9.125 9.375 9.625 9.875 10.125 10.375 10.625 10.875 11.125 11.375 11.625 11.875 12.125 12.375 12.625 12.875 13.125 13.375 13.625 13.875 14.125 14.375 14.625 14.875 15.125 15.375 15.625 15.875 16.125 16.375 16.625 16.875 17.125 17.375 17.625 17.875 18.125 18.375 18.625
4.0667575260923304e-05 0.0002879530933883553 0.0007489756988500126 0.0013783502206515187 0.0037803209634787046 0.006215343877028566 0.008564852305245976 0.01074734484423533 0.012720628887788488 0.014464586027645644 0.015981695314113795 0.017287804068780225 0.018620952872166256 0.01952757452010155 0.020225913441387133 0.020778959164259925 0.02124504437245621 0.9990713872538028 0.9995007392165769 0.9997483044903814 0.9998803311695786 0.9998807605082911 0.9998809243581162 0.9998811045275222 0.9998812928218432 0.9998814924543943 0.9998817045256978 0.9998819326060762 0.9998821809691161 0.9998824510195963 0.9998835092035697 0.9998842431959645 0.999884884436477 0.9998854933438337 0.9998860944560319 0.9998867020283613 0.9998873252160075 0.9998879708166086 0.9998886459703094 0.9998893566572312 0.9998901072424626 0.999890901141073 0.9998917461482206 0.9998926503640697 0.9998936198062426 0.9998945633278894 0.999895503344465 0.9998998102568646 0.9999020590474991 0.9999038621440891 0.9999055457132536 0.9999072125145778 0.9999089078189802 0.9999106550094357 0.999912475226373 0.9999143909452485 0.9999164229839843 0.9999185912129839 0.9999209145701313 0.9999234233960426 0.9999261514264021 0.999929129761841 0.9999321067222521 0.9999351309336219 0.9999653517968893 0.9999653517968893 0.9999653517968893 0.9999653517968893 0.9999653517968893 0.9999653517968893 0.9999653517968893 0.9999653517968893 0.9999653517968893 1.0 1.0
0.0 0.375 0.625 0.875 1.125 1.375 1.625 1.875 2.125 2.375 2.625 2.875 3.125 3.375 3.625 3.875 4.125 4.375 4.625 4.875 5.125 5.375 5.625 5.875 6.125 6.375 6.625 6.875 7.125 7.375 7.625 7.875 8.125 8.375 8.625 8.875 9.125 9.375 9.625 9.875 10.125 10.375 10.625 10.875 11.125 11.375 11.625 11.875 12.125 12.375 12.625 12.875 13.125 13.375 13.625 13.875 14.125 14.375 14.625 14.875 15.125 15.375 15.625 15.875 16.125 16.375 16.625 16.875 17.125 17.375 17.625 17.875 18.125 18.375 18.625 18.875 19.125 19.375 19.625
5.828120265046871e-05 0.000344966327984896 0.0008840890781335115 0.001631160403375343 0.004091070518177706 0.00664451511553402 0.009151205847004112 0.011510057009429638 0.013674212233929818 0.015632499444119118 0.017389483273350572 0.018952722692454994 0.02054150785786311 0.021717091951849125 0.022698348368668308 0.02349289283080943 0.02410687026779294 0.9984063338437469 0.998812612712941 0.9991882009355261 0.9995420310224603 0.9998418987829176 0.9998421579354886 0.9998423636414983 0.9998425718933323 0.9998427914022451 0.9998430249368175 0.999843273808088 0.9998435385858234 0.9998448000626767 0.999845559317358 0.999846198558533 0.9998468033112005 0.9998474015336772 0.9998480082339016 0.9998486322421317 0.99984927912603 0.9998499509431568 0.9998506514511217 0.9998513856800717 0.9998521576826253 0.9998529728289391 0.9998538358766526 0.9998547511008903 0.9998557225542708 0.9998567573645021 0.9998578316133856 0.9998639595674101 0.9998666875221056 0.9998687044060277 0.9998704955333544 0.9998722263689197 0.9998739913454825 0.9998758215039494 0.9998777348348463 0.9998797471886361 0.9998818716757016 0.99988412495653 0.9998865282692413 0.999889106544564 0.9998918845257211 0.9998948870634384 0.9998981391084449 0.9999016759867726 0.9999054387466995 0.9999093736616557 0.9999134511057758 0.9999545933077207 0.999954729927462 0.999954729927462 0.999954729927462 0.999954729927462 0.999954729927462 0.999954729927462 0.999954729927462 0.999954729927462 0.999954729927462 1.0 1.0
0.0 0.375 0.625 0.875 1.125 1.375 1.625 1.875 2.125 2.375 2.625 2.875 3.125 3.375 3.625 3.875 4.125 4.375 4.625 4.875 5.125 5.375 5.625 5.875 6.125 6.375 6.625 6.875 7.125 7.375 7.625 7.875 8.125 8.375 8.625 8.875 9.125 9.375 9.625 9.875 10.125 10.375 10.625 10.875 11.125 11.375 11.625 11.875 12.125 12.375 12.625 12.875 13.125 13.375 13.625 13.875 14.125 14.375 14.625 14.875 15.125 15.375 15.625 15.875 16.125 16.375 16.625 16.875 17.125 17.375 17.625 17.875 18.125 18.375 18.625 18.875 19.125 19.375 19.625 19.875 20.125 20.375 20.625
3.301354675444879e-05 0.0002511154088523636 0.0006913381996100363 0.001338889424041295 0.003639709029106597 0.006067135230969331 0.008514999021309554 0.011050053505660025 0.013299102753329621 0.015377003666522993 0.017261097119970634 0.018939741170864298 0.020612361121989723 0.021873955515907987 0.022927829219656297 0.023769610660834786 0.024390244439472283 0.9984401261841208 0.998928930779467 0.9993747714132647 0.9997854627149361 0.9997858953496012 0.9997861454712437 0.9997863837251896 0.9997866266389627 0.9997868783256308 0.9997871432875189 0.9997874224071417 0.9997877172020238 0.999788030099706 0.9997888765162238 0.9997895507173896 0.9997901758327424 0.9997907888178944 0.9997914104556898 0.9997920559113795 0.999792731905075 0.9997934422093387 0.9997941888517042 0.9997949746922189 0.9997958030884384 0.9997966745003702 0.9997975905030407 0.9997985558590285 0.9997995753234125 0.9998006557238056 0.9998017989502391 0.9998030065877395 0.9998063908937888 0.9998087164323032 0.9998108027243554 0.999812812175135 0.9998148016830843 0.999816814396418 0.9998188521026655 0.9998209564025159 0.9998231926620517 0.9998255813491119 0.9998281431915399 0.9998308966121408 0.999833856136155 0.9998370403888911 0.9998404760957917 0.9998441960824004 0.9998482259491411 0.9998525852463377 0.9998572800240902 0.9998623580581903 0.9998677445973997 0.9998732909642559 0.9998789403328182 0.9999349307601048 0.9999350804248334 0.9999350804248334 0.9999350804248334 0.9999350804248334 0.9999350804248334 0.9999350804248334 0.9999350804248334 0.9999350804248334 0.9999350804248334 1.0 1.0
0.0 0.75 1.25 1.75 2.25 2.75 3.25 3.75 4.25 4.75 5.25 5.75 6.25 6.75 7.25 7.75 8.25 8.75 9.25 9.75 10.25 10.75 11.25 11.75 12.25 12.75 13.25 13.75 14.25 14.75 15.25 15.75 16.25 16.75 17.25 17.75 18.25 18.75 19.25 19.75 20.25 20.75 21.25 21.75 22.25 22.75 23.25
0.00023551473508896383 0.0013023183658423634 0.004950654007382838 0.12616047812595954 0.1297242468085812 0.13300720842232064 0.13557735409220995 0.1374699324692611 0.9974922118835677 0.9985022433286179 0.999459841098884 0.9994605267496288 0.9994612185060926 0.9994619907070298 0.9994628497731967 0.9994644688638668 0.9994658581674764 0.9994672752243542 0.9994687842720652 0.9994704256703625 0.9994722454996724 0.9994742372742311 0.999476477693071 0.9994818874301417 0.9994857061198448 0.9994896676663713 0.9994940560481633 0.9994990230530962 0.9995047302751999 0.9995113677568545 0.9995192841891228 0.999528702048205 0.9995389459545654 0.999550300791753 0.9995631080999892 0.999577169705936 0.9995925880716598 0.9996098667564619 0.9996300071282668 0.9996539429970435 0.9996821100641018 0.9998377683950044 0.9998377683950044 0.9998377683950044 0.9998377683950044 1.0 1.0
0.0 0.75 1.25 1.75 2.25 2.75 3.25 3.75 4.25 4.75 5.25 5.75 6.25 6.75 7.25 7.75 8.25 8.75 9.25 9.75 10.25 10.75 11.25 11.75 12.25 12.75 13.25 13.75 14.25 14.75 15.25 15.75 16.25 16.75 17.25 17.75 18.25 18.75 19.25 19.75 20.25 20.75 21.25 21.75 22.25 22.75 23.25 23.75 24.25 24.75 25.25 25.75 26.25 26.75 27.25
0.00011304240673266181 0.0006768943633129494 0.0028073591084249996 0.22954295945740766 0.23357401141921247 0.24599738051961942 0.24718328323122485 0.24791748334236854 0.9054692504043911 0.9600819456051056 0.9620506731836861 0.9621599743783837 0.9877776962750686 0.9959959970512099 0.9990378934521486 0.9991362020238341 0.9991374753460002 0.9991388476937786 0.9991403419034636 0.999141976711117 0.9991437734529484 0.9991457561303174 0.9991479451493813 0.9991503634314386 0.9991539923521094 0.999157462873803 0.9991612440281018 0.9991655118599834 0.9991704175830176 0.9991760775037962 0.9991827590324751 0.999190786487435 0.9992003251780449 0.9992112907995269 0.999223695302558 0.9992374768336328 0.9992525556882342 0.9992690866751358 0.9992878012857955 0.9993089822362361 0.999333971752529 0.9993641349620435 0.9994003260631915 0.9994429692800163 0.9994918316993174 0.9995452747282269 0.9996007043697285 0.9996554324714698 0.9998963466253953 0.9998963466253953 0.9998963466253953 0.9998963466253953 0.9998963466253953 1.0 1.0
0.0 0.75 1.25 1.75 2.25 2.75 3.25 3.75 4.25 4.75 5.25 5.75 6.25 6.75 7.25 7.75 8.25 8.75 9.25 9.75 10.25 10.75 11.25 11.75 12.25 12.75 13.25 13.75 14.25 14.75 15.25 15.75 16.25 16.75 17.25 17.75 18.25 18.75 19.25 19.75 20.25 20.75 21.25 21.75 22.25 22.75 23.25 23.75 24.25 24.75 25.25 25.75 26.25 26.75 27.25 27.75 28.25 28.75 29.25 29.75
0.001166271758572974 0.003929017017726596 0.005490476110247218 0.2527891135015678 0.26056621636649097 0.2766397047589364 0.27781626501413387 0.27979450152432833 0.8195160768925295 0.8934531709425841 0.9054580879784061 0.9092451157380493 0.9540478989280007 0.9780468866778932 0.9927889940782625 0.9962229460485664 0.9974775993200828 0.9992217073690902 0.999222964671906 0.9992243478981158 0.9992258864798743 0.9992276000986527 0.9992295036831521 0.9992330507505515 0.9992358023843344 0.9992387134760568 0.9992419350287307 0.9992455607519745 0.9992496863515697 0.9992544891308576 0.9992601383735045 0.9992667968543835 0.9992745620302966 0.9992834976383935 0.9992935082230376 0.9993044519515623 0.9993163484854274 0.9993293582681467 0.9993441555427012 0.9993614632304435 0.9993821560912256 0.9994069970697277 0.9994366315421056 0.9994713253132832 0.999510494643029 0.9995528053537208 0.9995963966107758 0.9996391538817441 0.9996796582396075 0.9997173918325375 0.99975240013704 0.9997847452393019 0.9998143265807127 0.999840936890465 0.9999599702687715 0.9999599702687715 0.9999599702687715 0.9999599702687715 1.0 1.0
0.0 0.75 1.25 1.75 2.25 2.75 3.25 3.75 4.25 4.75 5.25 5.75 6.25 6.75 7.25 7.75 8.25 8.75 9.25 9.75 10.25 10.75 11.25 11.75 12.25 12.75 13.25 13.75 14.25 14.75 15.25 15.75 16.25 16.75 17.25 17.75 18.25 18.75 19.25 19.75 20.25 20.75 21.25 21.75 22.25 22.75 23.25 23.75 24.25 24.75 25.25 25.75 26.25 26.75 27.25 27.75 28.25 28.75 29.25 29.75 30.25 30.75 31.25 31.75 32.25 32.75 33.25 33.75 34.25
0.017400615606001132 0.025372631671084726 0.0276692628137387 0.27769445620944494 0.2883470026650466 0.30719334308764057 0.3087351909951505 0.31157368688619214 0.7499173342678985 0.833537987857564 0.852302784944064 0.8593887535803794 0.9235939428808716 0.9612254510934838 0.9838218519285788 0.9902224238092557 0.9937138297481933 0.9993237419484658 0.999324967650519 0.99932616902272 0.9993274787848168 0.9993289321505385 0.9993305584528913 0.9993323715161133 0.999335052853464 0.9993375931997237 0.9993403854487213 0.999343535564428 0.99934712887785 0.9993512816114413 0.9993561314881036 0.9993618287789715 0.9993685239770932 0.9993762365503853 0.999384948897027 0.9993945964097609 0.9994050902725213 0.9994165638859293 0.9994294273875461 0.9994443336586718 0.9994620373080363 0.9994832746868932 0.9995085794481615 0.9995382165269873 0.9995718751932288 0.9996083201420051 0.9996456823020073 0.9996821087915673 0.9997164541810052 0.999748311611036 0.9997776669094196 0.9998046385984471 0.9998292002501694 0.9998511694411285 0.9998704600283147 0.9998872401620759 0.9999017824436812 0.999914393618906 0.9999253798283061 0.9999350153375058 0.9999435336102007 0.9999511270055468 0.9999579425416198 0.9999884499271056 0.9999884499271056 0.9999884499271056 0.9999884499271056 1.0 1.0
0.0 0.75 1.25 1.75 2.25 2.75 3.25 3.75 4.25 4.75 5.25 5.75 6.25 6.75 7.25 7.75 8.25 8.75 9.25 9.75 10.25 10.75 11.25 11.75 12.25 12.75 13.25 13.75 14.25 14.75 15.25 15.75 16.25 16.75 17.25 17.75 18.25 18.75 19.25 19.75 20.25 20.75 21.25 21.75 22.25 22.75 23.25 23.75 24.25 24.75 25.25 25.75 26.25 26.75 27.25 27.75 28.25 28.75 29.25 29.75 30.25 30.75 31.25 31.75 32.25 32.75 33.25 33.75 34.25 34.75 35.25 35.75 36.25 36.75 37.25 37.75 38.25 38.75 39.25
0.04186757139794526 0.05811128673779513 0.06348462980758651 0.3162105655390583 0.3265835133359758 0.3500550673743849 0.3526501391968953 0.35569040860281814 0.7387015356920738 0.8220879887562046 0.8434733105061181 0.8508714256493441 0.9180563738817928 0.9596819890726223 0.9829404538072517 0.9896608935093951 0.9933551179803752 0.9993357890474159 0.9993370088131841 0.9993382626475134 0.9993396394635288 0.9993411665814189 0.9993428876052667 0.9993448028515616 0.9993471105805439 0.9993495057678203 0.9993521821968369 0.9993552257230215 0.999358712390629 0.9993627595151626 0.9993675059844574 0.9993731133612882 0.9993797137493842 0.9993873442596893 0.9993962118354862 0.9994059526670132 0.9994165425581389 0.999428096823337 0.999441042008751 0.9994559775046178 0.9994738572204381 0.9994950352671021 0.999520099498295 0.9995492562447387 0.9995820731920133 0.9996172914776906 0.9996531279387868 0.9996878780242212 0.9997205017597732 0.9997506325791602 0.9997783085121664 0.9998036554399301 0.9998266430917635 0.9998471358876577 0.9998651195855861 0.9998807316032386 0.9998942107880793 0.9999058557632459 0.9999159584137132 0.9999247807110957 0.9999325421051147 0.9999394233521006 0.9999455699351202 0.9999510912982776 0.99995608627307 0.9999606362381307 0.9999648039196329 0.9999686413545723 0.999972192274649 0.9999754931118853 0.9999785746117029 0.9999814626496691 0.9999944723580996 0.9999944723580996 0.9999944723580996 0.9999944723580996 0.9999944723580996 1.0 1.0
0.0 0.75 1.25 1.75 2.25 2.75 3.25 3.75 4.25 4.75 5.25 5.75 6.25 6.75 7.25 7.75 8.25 8.75 9.25 9.75 10.25 10.75 11.25 11.75 12.25 12.75 13.25 13.75 14.25 14.75 15.25 15.75 16.25 16.75 17.25 17.75 18.25 18.75 19.25 19.75 20.25 20.75 21.25 21.75 22.25 22.75 23.25 23.75 24.25 24.75 25.25 25.75 26.25 26.75 27.25 27.75 28.25 28.75 29.25 29.75 30.25 30.75 31.25 31.75 32.25 32.75 33.25 33.75 34.25 34.75 35.25 35.75 36.25 36.75 37.25 37.75 38.25 38.75 39.25 39.75 40.25 40.75 41.25 41.75 42.25 42.75 43.25 43.75 44.25 44.75 45.25 45.75 46.25 46.75 47.25 47.75 48.25
0.0684978939663006 0.09386014479570015 0.10330145177527439 0.353986744776265 0.3644486279303604 0.3952536552058417 0.40120995693838374 0.4045870729552842 0.7303114190913544 0.8134878395053766 0.8369034579968705 0.8453012698452895 0.9131797521180813 0.9568185987369657 0.9812609316704729 0.9887180010204801 0.9928593339257603 0.9992945342900644 0.9992957321778783 0.9992970121747158 0.999298429385361 0.9993000078612729 0.9993018016626442 0.9993043686323284 0.9993067834588215 0.9993094584196094 0.9993124965414008 0.9993159840702153 0.9993200140677729 0.9993247430366242 0.9993303504241324 0.9993370161068743 0.9993448681248691 0.9993539199750658 0.9993640040057102 0.9993752173844908 0.9993872025715468 0.9994001895838439 0.99941474720659 0.99943153229129 0.9994513482425251 0.9994751960581373 0.9995033393681827 0.9995338297510729 0.9995679978197884 0.9996044365303517 0.999641232056801 0.9996766821805095 0.9997098094845112 0.9997402622207396 0.999768144951763 0.9997935565000684 0.9998164629422902 0.9998367892953799 0.9998545233551999 0.9998698225344398 0.9998829567720744 0.9998942406349205 0.9999039772096315 0.9999124299711265 0.9999198212312161 0.9999263317766162 0.9999321074881402 0.9999372662287984 0.9999419039665504 0.9999460986579102 0.9999499136557971 0.9999534010811866 0.9999566040105474 0.9999595587046477 0.9999622956893449 0.9999648402727107 0.9999672145204463 0.9999694372817388 0.9999715244064535 0.9999734895415049 0.9999753447617497 0.9999771006165271 0.9999787663365091 0.9999803502060293 0.9999818593562345 0.9999832998788509 0.9999846777259813 0.9999859982446926 0.9999872660218788 0.9999884852307347 0.9999896596462685 0.9999907926866732 0.9999918874908945 0.9999929468462332 0.9999977612905886 0.9999977612905886 0.9999977612905886 0.9999977612905886 0.9999977612905886 1.0 1.0
0.0 0.75 1.25 1.75 2.25 2.75 3.25 3.75 4.25 4.75 5.25 5.75 6.25 6.75 7.25 7.75 8.25 8.75 9.25 9.75 10.25 10.75 11.25 11.75 12.25 12.75 13.25 13.75 14.25 14.75 15.25 15.75 16.25 16.75 17.25 17.75 18.25 18.75 19.25 19.75 20.25 20.75 21.25 21.75 22.25 22.75 23.25 23.75 24.25 24.75 25.25 25.75 26.25 26.75 27.25 27.75 28.25 28.75 29.25 29.75 30.25 30.75 31.25 31.75 32.25 32.75 33.25 33.75 34.25 34.75 35.25 35.75 36.25 36.75 37.25 37.75 38.25 38.75 39.25 39.75 40.25 40.75 41.25 41.75 42.25 42.75 43.25 43.75 44.25 44.75 45.25 45.75 46.25 46.75 47.25 47.75 48.25 48.75 49.25 49.75 50.25 50.75 51.25 51.75 52.25 52.75 53.25 53.75 54.25 54.75 55.25 55.75 56.25 56.75 57.25 57.75
0.09017113297725265 0.12217443320148712 0.13477207238318983 0.3800117488283071 0.39053565083131786 0.4268596065435159 0.4373542931792866 0.44080338492105037 0.7337103027499183 0.8140943660831583 0.8380235859779772 0.8467377655455988 0.9136309759581711 0.9570163031762114 0.9810451928822872 0.9885399822776595 0.9927624702648797 0.9991721055046419 0.9991788835638993 0.9991845599461983 0.9991894387400881 0.9991937257594968 0.9991976327230855 0.9992012756980578 0.9992050034033433 0.999208644878618 0.999212425188286 0.9992165017431363 0.9992210302713704 0.9992262009837886 0.999232235725931 0.9992393658222642 0.9992477805377858 0.99925749042786 0.9992687187227658 0.9992808813241753 0.9992939634441277 0.9993082217556402 0.9993241945822922 0.9993426022493159 0.999364762923147 0.9993910538274237 0.9994222194288546 0.999458450925846 0.9994989962748183 0.9995420367656002 0.9995852603031204 0.9996266745884937 0.9996652161948937 0.9997005989778899 0.999732944533189 0.9997623460824243 0.9997887883150919 0.9998121354223217 0.9998324588357125 0.999849913907235 0.9998648411257693 0.9998776190735652 0.9998886164045591 0.9998981276238657 0.9999064113379105 0.9999133846714074 0.9999195561107431 0.9999250537834087 0.9999299813305408 0.9999344232264062 0.9999384486138668 0.9999421143717049 0.9999454677482391 0.9999485483051842 0.999951389297163 0.9999540188317521 0.9999564608257345 0.9999587357784645 0.9999608613362114 0.9999628527885774 0.9999647234238257 0.9999664848737583 0.9999681473488615 0.9999697198577733 0.9999712103535944 0.9999726259011037 0.9999739728387449 0.99997525686746 0.9999764830715901 0.9999776559815814 0.9999787796941692 0.999979857914182 0.9999808939754427 0.9999818908982487 0.999982851431175 0.9999837780772015 0.9999846730989386 0.9999855385604303 0.9999863763689574 0.999987188280264 0.9999879758881055 0.999988740681729 0.9999894840510982 0.999990207239865 0.9999909114132997 0.9999915977000948 0.9999922671401106 0.9999929206948256 0.9999935592525626 0.9999941836493901 0.9999947946743477 0.9999953930642206 0.9999959794983145 0.9999987119163529 0.9999987119163529 0.9999987119163529 0.9999987119163529 0.9999987119163529 1.0 1.0
0.0 0.75 1.25 1.75 2.25 2.75 3.25 3.75 4.25 4.75 5.25 5.75 6.25 6.75 7.25 7.75 8.25 8.75 9.25 9.75 10.25 10.75 11.25 11.75 12.25 12.75 13.25 13.75 14.25 14.75 15.25 15.75 16.25 16.75 17.25 17.75 18.25 18.75 19.25 19.75 20.25 20.75 21.25 21.75 22.25 22.75 23.25 23.75 24.25 24.75 25.25 25.75 26.25 26.75 27.25 27.75 28.25 28.75 29.25 29.75 30.25 30.75 31.25 31.75 32.25 32.75 33.25 33.75 34.25 34.75 35.25 35.75 36.25 36.75 37.25 37.75 38.25 38.75 39.25 39.75 40.25 40.75 41.25 41.75 42.25 42.75 43.25 43.75 44.25 44.75 45.25 45.75 46.25 46.75 47.25 47.75 48.25 48.75 49.25 49.75 50.25 50.75 51.25 51.75 52.25 52.75 53.25 53.75 54.25 54.75 55.25 55.75 56.25 56.75 57.25 57.75 58.25 58.75 59.25 59.75 60.25 60.75 61.25 61.75 62.25 62.75 63.25 63.75 64.25 64.75 65.25 65.75 66.25 66.75
0.09977026964397334 0.13516438585435175 0.14965093720470027 0.3912838913763521 0.40193793152219237 0.44200263499745435 0.456784965238144 0.4604224398056153 0.7382286614446829 0.8164753408748164 0.8406208144917737 0.8494874881842559 0.9151154406649056 0.9577197270473624 0.9812352065887564 0.9886088911215631 0.9927089818265639 0.9988467730721478 0.9988822576149651 0.9989133861843472 0.9989408156934245 0.9989650783289734 0.9989866734688594 0.9990059704101796 0.9990234539373961 0.9990393062580746 0.9990538771939428 0.9990674779309556 0.9990804075288943 0.99909300709544 0.999105631229298 0.9991186417208865 0.9991323229315949 0.9991467945483292 0.9991619542597825 0.9991779948248662 0.9991945894143369 0.9992120973513828 0.9992312287258167 0.9992528344170483 0.9992783991726388 0.9993084350740642 0.9993438205077245 0.9993848023541098 0.9994305219121663 0.9994789377327385 0.9995274467831109 0.9995739084524767 0.9996171365281136 0.9996568076453991 0.9996931433825916 0.9997262069952705 0.9997560063050801 0.9997823977402279 0.9998053104859613 0.9998250173024391 0.9998418793501486 0.999856323197421 0.9998687733128174 0.9998795462892011 0.9998889316323986 0.9998971642542094 0.9999044335014182 0.9999108922373008 0.9999166647157635 0.9999218522979665 0.9999265379090877 0.9999307899438943 0.9999346652011721 0.9999382112512168 0.9999414681261488 0.9999444697635049 0.9999472450298773 0.9999498187183031 0.9999522121991946 0.9999544440345208 0.9999565303977626 0.9999584854256229 0.9999603215224949 0.9999620496281817 0.9999636392330211 0.9999651439703955 0.9999665709795238 0.9999679266227097 0.9999692165955804 0.999970446032074 0.9999716195569346 0.9999727413487052 0.9999738151974709 0.9999748445311067 0.9999758324572728 0.9999767818316566 0.9999776952317261 0.9999785750302219 0.9999794234056555 0.9999802423370604 0.9999810336617356 0.9999817990699962 0.9999825401104226 0.9999832582213578 0.9999839547414051 0.9999846309041797 0.999985287864555 0.9999859266829152 0.9999865483461521 0.9999871537781649 0.9999877438293605 0.9999883192976514 0.9999888809337056 0.9999894294304474 0.9999899654440549 0.9999904895818867 0.9999910024198047 0.9999915044937753 0.9999919963108932 0.9999924783499057 0.9999929510643634 0.9999934148789448 0.9999938701999554 0.9999943174111283 0.999994756882548 0.9999951889601516 0.9999956139746529 0.9999960322399676 0.9999964440568877 0.9999968497109822 0.9999972494741711 0.9999991073929057 0.9999991073929057 0.9999991073929057 0.9999991073929057 0.9999991073929057 1.0 1.0
0.0 0.75 1.25 1.75 2.25 2.75 3.25 3.75 4.25 4.75 5.25 5.75 6.25 6.75 7.25 7.75 8.25 8.75 9.25 9.75 10.25 10.75 11.25 11.75 12.25 12.75 13.25 13.75 14.25 14.75 15.25 15.75 16.25 16.75 17.25 17.75 18.25 18.75 19.25 19.75 20.25 20.75 21.25 21.75 22.25 22.75 23.25 23.75 24.25 24.75 25.25 25.75 26.25 26.75 27.25 27.75 28.25 28.75 29.25 29.75 30.25 30.75 31.25 31.75 32.25 32.75 33.25 33.75 34.25 34.75 35.25 35.75 36.25 36.75 37.25 37.75 38.25 38.75 39.25 39.75 40.25 40.75 41.25 41.75 42.25 42.75 43.25 43.75 44.25 44.75 45.25 45.75 46.25 46.75 47.25 47.75 48.25 48.75 49.25 49.75 50.25 50.75 51.25 51.75 52.25 52.75 53.25 53.75 54.25 54.75 55.25 55.75 56.25 56.75 57.25 57.75 58.25 58.75 59.25 59.75 60.25 60.75 61.25 61.75 62.25 62.75 63.25 63.75 64.25 64.75 65.25 65.75 66.25 66.75 67.25 67.75 68.25 68.75 69.25 69.75 70.25 70.75 71.25 71.75 72.25 72.75 73.25 73.75 74.25 74.75 75.25 75.75
0.10620235895906792 0.14374376827066543 0.159317618401509 0.4008500621272287 0.411652484528964 0.45398327167944924 0.47249765413841327 0.4763647638669516 0.7392215588942493 0.8166874191377294 0.8412740199153937 0.8502816156318905 0.9155330290708747 0.9577917840999802 0.9809509799320076 0.988286040338927 0.9923288536823697 0.9982068643451604 0.9982876456312245 0.9983601079444402 0.998425382315485 0.9984843886282485 0.9985379546202656 0.9985867303709008 0.9986315096551761 0.9986725724926976 0.9987105113581948 0.9987458163649613 0.9987789447168787 0.9988103607789165 0.9988405489776222 0.9988699857359739 0.9988990904515205 0.9989280678471333 0.9989569086028666 0.998985894475944 0.9990147682463997 0.9990439568414561 0.9990742131758087 0.9991065181079057 0.9991421816429723 0.9991827366224451 0.9992287390837521 0.9992804172339215 0.9993367412979546 0.9993953068878701 0.9994532021788783 0.9995080755960226 0.9995588117471776 0.9996052122807344 0.9996475086156795 0.999685786737725 0.9997201872885346 0.9997504840093179 0.9997766934337634 0.9997991289121303 0.999818276819203 0.9998346931924097 0.9998487929536193 0.9998609809149288 0.9998715897510044 0.9998808884765449 0.9998890933985346 0.9998963787525653 0.9999028857068517 0.9999087293653537 0.999914004243903 0.9999187881350846 0.9999231452148851 0.9999271290019068 0.9999307847584391 0.999934150933206 0.9999372601565483 0.9999401402356025 0.9999428150705005 0.9999453056653453 0.9999476303598942 0.9999498050243821 0.9999518436492583 0.9999537585716032 0.9999555607910587 0.9999572600909351 0.9999588653172822 0.9999603840524285 0.9999618232731695 0.9999631893191744 0.9999644878561275 0.9999657240284281 0.999966902474987 0.9999680273713504 0.9999691025455412 0.9999701314833241 0.999971117375596 0.9999720631447124 0.9999729714497542 0.9999738447444468 0.9999746852718959 0.9999754951067109 0.999976266134747 0.9999770112512283 0.9999777320147445 0.9999784297627342 0.999979105790512 0.9999797613091441 0.9999803974296523 0.9999810151946067 0.9999816155939225 0.9999821995122047 0.9999827677866687 0.999983321212406 0.9999838605213218 0.9999843864026708 0.9999848995014776 0.9999854004243285 0.999985889738845 0.999986367980529 0.9999868356522364 0.999987293226283 0.9999877411507635 0.9999881798474447 0.9999886097170317 0.9999890311365349 0.9999894444629553 0.9999898500332856 0.9999902481676682 0.9999906391693966 0.9999910233264937 0.9999914009117129 0.9999917721851701 0.999992137393291 0.9999924967714438 0.9999928505423592 0.99999319892087 0.9999935421123309 0.9999938803115656 0.9999942137076058 0.9999945424800052 0.9999948668014723 0.9999951868368178 0.9999955027476922 0.9999958146873222 0.9999961228036683 0.9999964272394257 0.9999967281325508 0.9999970256152076 0.999997319815348 0.9999987005995039 0.9999987005995039 0.9999987005995039 0.9999987005995039 1.0 1.0
0.0 0.75 1.25 1.75 2.25 2.75 3.25 3.75 4.25 4.75 5.25 5.75 6.25 6.75 7.25 7.75 8.25 8.75 9.25 9.75 10.25 10.75 11.25 11.75 12.25 12.75 13.25 13.75 14.25 14.75 15.25 15.75 16.25 16.75 17.25 17.75 18.25 18.75 19.25 19.75 20.25 20.75 21.25 21.75 22.25 22.75 23.25 23.75 24.25 24.75 25.25 25.75 26.25 26.75 27.25 27.75 28.25 28.75 29.25 29.75 30.25 30.75 31.25 31.75 32.25 32.75 33.25 33.75 34.25 34.75 35.25 35.75 36.25 36.75 37.25 37.75 38.25 38.75 39.25 39.75 40.25 40.75 41.25 41.75 42.25 42.75 43.25 43.75 44.25 44.75 45.25 45.75 46.25 46.75 47.25 47.75 48.25 48.75 49.25 49.75 50.25 50.75 51.25 51.75 52.25 52.75 53.25 53.75 54.25 54.75 55.25 55.75 56.25 56.75 57.25 57.75 58.25 58.75 59.25 59.75 60.25 60.75 61.25 61.75 62.25 62.75 63.25 63.75 64.25 64.75 65.25 65.75 66.25 66.75 67.25 67.75 68.25 68.75 69.25 69.75 70.25 70.75 71.25 71.75 72.25 72.75 73.25 73.75 74.25 74.75 75.25 75.75 76.25 76.75 77.25 77.75 78.25 78.75 79.25 79.75 80.25 80.75 81.25 81.75 82.25 82.75 83.25 83.75 84.25 84.75 85.25
0.10956650412893652 0.1484808959160548 0.16481128186769906 0.40806491471198847 0.41911848915548605 0.46329129703129585 0.4839390162038008 0.4882160414110854 0.7361559179094026 0.8138042597172291 0.8390205456531936 0.8482598138398512 0.9140358848340202 0.9565869845960754 0.9798607764697879 0.9872650857440474 0.9913100950317129 0.9970604883864228 0.9972163515941089 0.9973571224360109 0.9974847633363204 0.9976009155377361 0.9977070240932773 0.9978042719423315 0.9978938351681952 0.9979765459948335 0.9980533036249465 0.9981249033650861 0.9981920740704612 0.998255541431931 0.9983160116268652 0.9983741718465352 0.9984306106599811 0.9984857014604646 0.9985399405234933 0.9985929813527777 0.9986450658101115 0.9986967404314229 0.9987489614304452 0.9988029668589895 0.998860855471979 0.9989236630665412 0.9989925277537767 0.999067580854197 0.9991472502134043 0.9992283662078055 0.9993072365687194 0.9993811589415219 0.9994489551333499 0.9995105734598252 0.9995664706420846 0.9996166753174928 0.999661085224816 0.9996999778775209 0.9997332010703878 0.9997614065012329 0.9997852762983683 0.9998055359416964 0.9998228788457099 0.9998377784498594 0.9998506716453571 0.9998619086729732 0.9998717694721755 0.9998804783426171 0.9998882164960562 0.9998951312329701 0.9999013420075594 0.9999069486550561 0.999912032377947 0.9999166609566021 0.9999208915286288 0.999924772761725 0.9999283453652494 0.9999316436302047 0.9999346972645603 0.9999375324585839 0.9999401714154621 0.9999426334746456 0.9999449354810225 0.9999470922701188 0.9999491172745989 0.9999510222816653 0.9999528179077112 0.9999545133820898 0.9999561169215625 0.9999576359939946 0.9999590773341767 0.9999604468067037 0.9999617498595311 0.9999629912971963 0.9999641755339673 0.9999653065780202 0.9999663881158223 0.9999674234541192 0.9999684156465083 0.999969367488165 0.9999702815738561 0.9999711602662962 0.9999720057488863 0.9999728201628366 0.9999736052485393 0.999974362735839 0.999975094222732 0.9999758012017369 0.9999764850440717 0.9999771470840372 0.9999777884660731 0.9999784103082499 0.9999790136442549 0.9999795994392149 0.9999801686055173 0.9999807219817148 0.999981260358895 0.9999817844812072 0.999982295040062 0.9999827926852056 0.9999832780268303 0.9999837490118005 0.9999842090976957 0.9999846587633874 0.999985098459268 0.9999855286114699 0.9999859496213385 0.9999863618691226 0.9999867657129214 0.9999871614934299 0.9999875495323569 0.9999879301355895 0.999988303591611 0.9999886701762472 0.9999890301505568 0.9999893837624141 0.9999897312486178 0.999990072834364 0.9999904087337741 0.999990739152003 0.9999910642847132 0.9999913843186014 0.999991699432453 0.9999920097971433 0.9999923155761635 0.9999926169272036 0.9999929139984609 0.999993206934968 0.9999934958743739 0.9999937809490542 0.9999940622866375 0.9999943400094786 0.9999946142357133 0.9999948850782036 0.999995152647174 0.9999954170475756 0.9999956783817223 0.9999959367471817 0.9999961922399389 0.9999964449507054 0.9999966949691377 0.9999969423822556 0.9999971872728592 0.9999974297226946 0.9999976698103428 0.9999979076133306 0.999998143204438 0.9999983766569723 0.999999469359655 0.999999469359655 0.999999469359655 0.999999469359655 0.999999469359655 1.0 1.0
0.0 0.75 1.25 1.75 2.25 2.75 3.25 3.75 4.25 4.75 5.25 5.75 6.25 6.75 7.25 7.75 8.25 8.75 9.25 9.75 10.25 10.75 11.25 11.75 12.25 12.75 13.25 13.75 14.25 14.75 15.25 15.75 16.25 16.75 17.25 17.75 18.25 18.75 19.25 19.75 20.25 20.75 21.25 21.75 22.25 22.75 23.25 23.75 24.25 24.75 25.25 25.75 26.25 26.75 27.25 27.75 28.25 28.75 29.25 29.75 30.25 30.75 31.25 31.75 32.25 32.75 33.25 33.75 34.25 34.75 35.25 35.75 36.25 36.75 37.25 37.75 38.25 38.75 39.25 39.75 40.25 40.75 41.25 41.75 42.25 42.75 43.25 43.75 44.25 44.75 45.25 45.75 46.25 46.75 47.25 47.75 48.25 48.75 49.25 49.75 50.25 50.75 51.25 51.75 52.25 52.75 53.25 53.75 54.25 54.75 55.25 55.75 56.25 56.75 57.25 57.75 58.25 58.75 59.25 59.75 60.25 60.75 61.25 61.75 62.25 62.75 63.25 63.75 64.25 64.75 65.25 65.75 66.25 66.75 67.25 67.75 68.25 68.75 69.25 69.75 70.25 70.75 71.25 71.75 72.25 72.75 73.25 73.75 74.25 74.75 75.25 75.75 76.25 76.75 77.25 77.75 78.25 78.75 79.25 79.75 80.25 80.75 81.25 81.75 82.25 82.75 83.25 83.75 84.25 84.75 85.25 85.75 86.25 86.75 87.25 87.75 88.25 88.75 89.25 89.75 90.25 90.75 91.25 91.75 92.25 92.75 93.25 93.75 94.25
0.11411881099292158 0.1546015114728464 0.17165393021434858 0.4172933396424363 0.42853312090157875 0.4742490211857327 0.49759360711897793 0.5022036645958479 0.7325763351483289 0.8105590421830393 0.8364149158334934 0.8458416182472142 0.9121264303367477 0.9548569094825227 0.9781546835404468 0.9856664805771961 0.9897574415544571 0.9954290778840771 0.9956739900894942 0.9958975058271612 0.9961022592890912 0.996290434359995 0.9964639474885562 0.9966244196753574 0.996773495704818 0.9969122326363329 0.9970418999982362 0.9971635897328832 0.9972782965331647 0.9973869669957693 0.9974905334470837 0.9975898843455298 0.9976858235847773 0.9977788955504151 0.9978694115464352 0.997957959297861 0.9980445647026481 0.9981300258406398 0.9982156302101796 0.9983030088539142 0.9983946606602545 0.9984928625351378 0.9985985029369858 0.9987114106221766 0.9988291421979179 0.99894708201436 0.9990603052317802 0.9991654926836774 0.9992616184939082 0.9993489395279058 0.9994278812520769 0.9994983009634031 0.9995603355510759 0.9996137122937715 0.9996589524803308 0.9996970222101879 0.9997290551266913 0.9997561799578634 0.9997792267067414 0.9997989486338503 0.9998159481044867 0.9998307042308215 0.9998435985584433 0.9998549362075465 0.9998649629972937 0.9998738784476455 0.9998818463499555 0.9998890018492671 0.9998954557782581 0.9999013001010959 0.9999066126702048 0.9999114597737796 0.9999158977742272 0.9999199737952555 0.9999237276510066 0.9999271942720082 0.9999304033827705 0.9999333796392039 0.9999361442670611 0.9999387159815787 0.9999411123616544 0.9999433498234206 0.9999454442121976 0.999947407800445 0.9999492526967781 0.999950989915756 0.9999526290079104 0.9999541785671338 0.9999556459505599 0.9999570377436685 0.9999583599135602 0.9999596178353819 0.9999608163557507 0.9999619599196017 0.9999630523746308 0.9999640973254108 0.9999650980435404 0.9999660574782152 0.9999669783355075 0.9999678630942213 0.9999687141855934 0.999969533517616 0.9999703230088518 0.9999710844193049 0.9999718193768465 0.9999725293877865 0.9999732159002961 0.9999738801405642 0.9999745233136386 0.9999751465400022 0.9999757508555732 0.9999763372328463 0.9999769065756072 0.9999774597347888 0.9999779975031855 0.999978520629724 0.9999790298110066 0.9999795257039954 0.9999800089265418 0.9999804800584429 0.9999809396467267 0.99998138820671 0.9999818262230543 0.9999822541524094 0.9999826724260553 0.9999830814525456 0.99998348161665 0.9999838732825254 0.9999842567947731 0.9999846324805531 0.9999850006490552 0.9999853615936133 0.9999857155922343 0.9999860629091827 0.9999864037949817 0.9999867376481647 0.9999870656288542 0.9999873879442338 0.9999877047919736 0.999988016360759 0.9999883228308183 0.9999886243728667 0.999988921152334 0.9999892133261935 0.9999895010450761 0.9999897844527421 0.9999900636876661 0.9999903388825091 0.9999906101646466 0.9999908776551122 0.9999911414722964 0.999991401728776 0.999991658532371 0.9999919119877305 0.9999921621958034 0.9999924092527823 0.9999926532522169 0.9999928942844858 0.999993132436268 0.9999933677915994 0.9999936004308166 0.9999938304331993 0.9999940578743272 0.9999942828266085 0.999994505361395 0.9999947255473957 0.999994943451205 0.9999951591367753 0.9999953726670013 0.9999955841026643 0.9999957935019023 0.999996000922325 0.9999962064199568 0.9999964100487074 0.9999966118609016 0.9999968119078066 0.9999970102396327 0.9999972069050047 0.9999974019514901 0.9999975954261283 0.9999977873738441 0.9999979778385057 0.9999981668634523 0.9999990566960514 0.9999990566960514 0.9999990566960514 0.9999990566960514 0.9999999999999999 1.0
0.0 1.5 2.5 3.5 4.5 5.5 6.5 7.5 8.5 9.5 10.5 11.5 12.5 13.5 14.5 15.5 16.5 17.5 18.5 19.5 20.5 21.5 22.5 23.5 24.5 25.5 26.5 27.5 28.5 29.5 30.5 31.5 32.5 33.5 34.5 35.5 36.5 37.5 38.5 39.5 40.5 41.5 42.5 43.5 44.5 45.5 46.5 47.5 48.5 49.5 50.5 51.5 52.5 53.5 54.5 55.5 56.5 57.5 58.5 59.5 60.5 61.5 62.5 63.5 64.5 65.5 66.5 67.5 68.5 69.5 70.5 71.5 72.5 73.5 74.5 75.5 76.5 77.5 78.5 79.5 80.5 81.5 82.5 83.5 84.5 85.5 86.5 87.5 88.5 89.5 90.5 91.5 92.5 93.5 94.5 95.5 96.5 97.5 98.5 99.5 100.5 101.5 102.5 103.5
0.15592025605846596 0.40776570884194857 0.4696138140561905 0.724974494972553 0.8063516813014671 0.9007484059545872 0.9607953798500971 0.9832955024621626 0.9931151300183563 0.9937965819466931 0.9943771551279096 0.9948785273411387 0.9953168108571261 0.9957053648363292 0.9960553149057209 0.9963766052479218 0.9966775340003645 0.9969636170852677 0.9972400233216738 0.997521835528361 0.9978338952975777 0.9981864313934308 0.9985472332879111 0.9988648574875546 0.9991277213102736 0.9993395200035506 0.9994974228439641 0.9996088645228459 0.9996873098407503 0.9997440571138704 0.9997862412528131 0.9998184406778328 0.9998435888419552 0.9998636206836958 0.9998798567042698 0.9998932211467318 0.9999043785735302 0.9999138062946511 0.9999218359661016 0.9999286857778011 0.9999345366869242 0.9999395664167652 0.9999439289647145 0.9999477489537483 0.9999511217186644 0.9999541218974253 0.9999568092090249 0.9999592313316414 0.9999614271257398 0.9999634286606347 0.9999652628422124 0.9999669513590317 0.9999685127196686 0.9999699626407824 0.9999713141333527 0.9999725783758264 0.9999737648973714 0.9999748818473666 0.9999759362325533 0.9999769341153794 0.9999778807606023 0.9999787807668004 0.9999796381752462 0.9999804565550657 0.9999812390776182 0.9999819885703927 0.9999827075719858 0.999983398365517 0.9999840630120462 0.9999847033732108 0.9999853211403299 0.999985917849497 0.9999864948966705 0.9999870535581551 0.999987595001382 0.9999881202967654 0.9999886298517744 0.9999891252671796 0.9999896073568413 0.9999900768720975 0.9999905345125443 0.9999909809292699 0.9999914167259317 0.999991842470615 0.9999922586893641 0.9999926658801969 0.999993064505558 0.9999934550030993 0.9999938377856797 0.999994213238131 0.9999945817280375 0.9999949436025023 0.9999952991892254 0.9999956487997373 0.9999959927293991 0.9999963312617143 0.999996664664017 0.9999969931939399 0.9999973170994134 0.9999976366143553 0.9999983819925559 0.9999983819925559 1.0 1.0
0.0 1.5 2.5 3.5 4.5 5.5 6.5 7.5 8.5 9.5 10.5 11.5 12.5 13.5 14.5 15.5 16.5 17.5 18.5 19.5 20.5 21.5 22.5 23.5 24.5 25.5 26.5 27.5 28.5 29.5 30.5 31.5 32.5 33.5 34.5 35.5 36.5 37.5 38.5 39.5 40.5 41.5 42.5 43.5 44.5 45.5 46.5 47.5 48.5 49.5 50.5 51.5 52.5 53.5 54.5 55.5 56.5 57.5 58.5 59.5 60.5 61.5 62.5 63.5 64.5 65.5 66.5 67.5 68.5 69.5 70.5 71.5 72.5 73.5 74.5 75.5 76.5 77.5 78.5 79.5 80.5 81.5 82.5 83.5 84.5 85.5 86.5 87.5 88.5 89.5 90.5 91.5 92.5 93.5 94.5 95.5 96.5 97.5 98.5 99.5 100.5 101.5 102.5 103.5 104.5 105.5 106.5 107.5 108.5 109.5 110.5 111.5 112.5 113.5
0.1548900680367557 0.40642535054541773 0.4691229617132153 0.7202266196917297 0.8019800552108362 0.8968434232044044 0.9567066532682759 0.9796381771450079 0.9896159011250707 0.9905976713075959 0.9914436273731111 0.992181858316876 0.9928346263107373 0.9934193428684426 0.9939506418501228 0.9944416389956818 0.9949033533367465 0.9953444410677136 0.9957736424237017 0.9962095584179121 0.996688524810841 0.9972264780938148 0.9977785017331021 0.9982676284338674 0.9986762882979252 0.9990079840994831 0.9992548925092514 0.9994274388865751 0.9995481784683847 0.9996350049251351 0.9996992724816421 0.9997481379596207 0.9997861501170375 0.9998162976790151 0.9998406215421712 0.999860557725412 0.999877142946468 0.9998911211812205 0.9999029875157196 0.9999130236049039 0.9999214638792906 0.9999285728839896 0.9999346139250483 0.9999398000456978 0.9999442928627118 0.9999482164762233 0.9999516685350873 0.9999547258395943 0.9999574506983979 0.999959894236271 0.9999620976116183 0.999964095302685 0.9999659161634525 0.9999675840162332 0.9999691190415748 0.9999705381984643 0.9999718558492453 0.9999730841798228 0.9999742335444446 0.9999753127889357 0.9999763294888128 0.9999772901443026 0.9999782003570424 0.9999790649679935 0.9999798881781142 0.9999806736453312 0.9999814245718113 0.9999821437729186 0.9999828337353968 0.9999834966658534 0.9999841345317032 0.9999847490999565 0.999985341960922 0.9999859145572992 0.9999864681960289 0.9999870040741524 0.9999875232863543 0.9999880268368134 0.9999885156510551 0.9999889905834933 0.9999894524217406 0.9999899018930724 0.9999903396752016 0.9999907663930465 0.9999911826316598 0.9999915889351513 0.9999919856504583 0.9999923734477518 0.9999927527644744 0.9999931240132878 0.9999934875799171 0.9999938438296164 0.9999941931039357 0.9999945357304183 0.9999948720139813 0.9999952022455348 0.999995526700905 0.9999958456408333 0.9999961593163647 0.999996467962382 0.9999967718051488 0.9999970710579993 0.9999973659288802 0.9999976566138867 0.9999979433004943 0.9999982261707911 0.9999985053982458 0.9999987811498625 0.9999990535883353 0.9999996884578102 0.9999996884578102 0.9999996884578102 1.0 1.0
0.0 1.5 2.5 3.5 4.5 5.5 6.5 7.5 8.5 9.5 10.5 11.5 12.5 13.5 14.5 15.5 16.5 17.5 18.5 19.5 20.5 21.5 22.5 23.5 24.5 25.5 26.5 27.5 28.5 29.5 30.5 31.5 32.5 33.5 34.5 35.5 36.5 37.5 38.5 39.5 40.5 41.5 42.5 43.5 44.5 45.5 46.5 47.5 48.5 49.5 50.5 51.5 52.5 53.5 54.5 55.5 56.5 57.5 58.5 59.5 60.5 61.5 62.5 63.5 64.5 65.5 66.5 67.5 68.5 69.5 70.5 71.5 72.5 73.5 74.5 75.5 76.5 77.5 78.5 79.5 80.5 81.5 82.5 83.5 84.5 85.5 86.5 87.5 88.5 89.5 90.5 91.5 92.5 93.5 94.5 95.5 96.5 97.5 98.5 99.5 100.5 101.5 102.5 103.5 104.5 105.5 106.5 107.5 108.5 109.5 110.5 111.5 112.5 113.5 114.5 115.5 116.5 117.5 118.5 119.5 120.5 121.5 122.5
0.15645002042754272 0.40793306975696336 0.4707642720130021 0.7158561424826309 0.7977223833130617 0.8927004227384573 0.9524064544412484 0.9755836885453048 0.9855925765427471 0.9868469307085367 0.9879410908253078 0.9889073702189565 0.9897718737956616 0.9905552333913542 0.9912749119386051 0.9919466827913646 0.992584255580877 0.9931986831919156 0.9938047815146046 0.9944295245044963 0.9951247499863131 0.9959125917634515 0.9967224756948592 0.9974423698871159 0.9980495270267835 0.9985424516157466 0.9989068927537962 0.9991610379407224 0.9993394108637309 0.9994680851604746 0.9995637747205967 0.9996368612337894 0.9996939442998107 0.9997393826433407 0.9997761651041598 0.99980640737542 0.9998316653358384 0.9998530375888971 0.9998712069745069 0.9998864984696916 0.9998992133305243 0.999909782426509 0.9999186355381421 0.999926123552195 0.999932514353676 0.9999380095059721 0.9999427668612276 0.9999469118277957 0.9999505443571364 0.9999537459846264 0.9999565841208946 0.9999591133996033 0.9999613796992274 0.9999634213830134 0.9999652702046885 0.9999669529904914 0.999968492264543 0.9999699070467326 0.9999712134133956 0.999972424982514 0.9999735533342247 0.9999746083191914 0.999975598345413 0.9999765306024941 0.9999774112600381 0.9999782456239907 0.999979038272495 0.9999797931658717 0.9999805137447368 0.9999812030097908 0.9999818635886676 0.9999824977866129 0.9999831076403933 0.9999836949538795 0.9999842613347051 0.9999848082147527 0.999985336885736 0.9999858485078252 0.9999863441344461 0.9999868247262972 0.9999872911588972 0.9999877442355238 0.9999881846979958 0.9999886132299077 0.9999890304674126 0.9999894369992212 0.9999898333741498 0.9999902201054339 0.9999905976696488 0.9999909665142579 0.9999913270586908 0.9999916796954211 0.9999920247932023 0.9999923627003006 0.9999926937423401 0.9999930181694692 0.9999933363461276 0.9999936485429501 0.9999939550197889 0.999994256022479 0.9999945517828392 0.9999948425229837 0.999995128452088 0.9999954097717804 0.9999956866739848 0.9999959593387648 0.9999962279418712 0.9999964926504287 0.9999967536240146 0.9999970110146589 0.9999972649679219 0.999997515626129 0.9999977631251369 0.9999980075943324 0.999998249159868 0.9999984879425047 0.9999987240608474 0.9999989576270315 0.9999991887510359 0.9999997325667679 0.9999997325667679 1.0 1.0
0.0 1.5 2.5 3.5 4.5 5.5 6.5 7.5 8.5 9.5 10.5 11.5 12.5 13.5 14.5 15.5 16.5 17.5 18.5 19.5 20.5 21.5 22.5 23.5 24.5 25.5 26.5 27.5 28.5 29.5 30.5 31.5 32.5 33.5 34.5 35.5 36.5 37.5 38.5 39.5 40.5 41.5 42.5 43.5 44.5 45.5 46.5 47.5 48.5 49.5 50.5 51.5 52.5 53.5 54.5 55.5 56.5 57.5 58.5 59.5 60.5 61.5 62.5 63.5 64.5 65.5 66.5 67.5 68.5 69.5 70.5 71.5 72.5 73.5 74.5 75.5 76.5 77.5 78.5 79.5 80.5 81.5 82.5 83.5 84.5 85.5 86.5 87.5 88.5 89.5 90.5 91.5 92.5 93.5 94.5 95.5 96.5 97.5 98.5 99.5 100.5 101.5 102.5 103.5 104.5 105.5 106.5 107.5 108.5 109.5 110.5 111.5 112.5 113.5 114.5 115.5 116.5 117.5 118.5 119.5 120.5 121.5 122.5 123.5 124.5 125.5 126.5 127.5 128.5 129.5 130.5 131.5
0.1565513876418411 0.40725586204079656 0.47052199149751317 0.7102334458904587 0.7922169198440978 0.8873385029856357 0.9471241096805475 0.9705642259396008 0.9807545937438282 0.9823018545704514 0.9836639096972952 0.9848779887468947 0.9859741292433606 0.9869765028913985 0.9879056357458231 0.9887803879256069 0.9896178252990809 0.9904339936858342 0.9912483171429914 0.9921013916695922 0.9930663793451291 0.9941708290335682 0.9953111777524202 0.9963303099602357 0.9971970829003879 0.9979006997990345 0.9984183777704759 0.9987806029014832 0.9990362663654857 0.9992221988230371 0.9993614990945954 0.9994686915528412 0.9995530316844373 0.999620653368109 0.9996757845225854 0.9997214582293747 0.9997599092147115 0.9997927100357685 0.9998207443394214 0.9998443453128383 0.999863895636039 0.9998800581250505 0.9998935082117254 0.9999048033645618 0.999914362385813 0.9999225053184674 0.9999294816431566 0.9999354881451824 0.9999406841074202 0.9999451993650381 0.9999491414005505 0.9999525982982934 0.9999556439417124 0.9999583402993081 0.999960738966569 0.9999628834626992 0.9999648104706359 0.9999665508398443 0.9999681306538122 0.9999695719632757 0.9999708934547518 0.9999721108710645 0.9999732375936143 0.9999742849885045 0.9999752627009106 0.9999761789440583 0.9999770407224257 0.9999778540290689 0.9999786239976582 0.9999793550502019 0.9999800510016391 0.9999807151525715 0.9999813503722906 0.9999819591645525 0.9999825437268828 0.9999831059807686 0.9999836476298855 0.9999841701805845 0.9999846749710056 0.9999851632001914 0.9999856359431828 0.9999860941661144 0.999986538739155 0.9999869704731676 0.9999873900927536 0.9999877982427218 0.9999881955376893 0.9999885825415942 0.9999889597763219 0.9999893277281747 0.9999896868457154 0.9999900375505496 0.999990380236248 0.9999907152715809 0.9999910430037529 0.9999913637594815 0.9999916778460756 0.9999919855546692 0.9999922871580662 0.9999925829161311 0.9999928730747106 0.9999931578645558 0.9999934375077915 0.9999937122125249 0.9999939821577495 0.9999942475569641 0.999994508591319 0.9999947654322601 0.9999950182415285 0.9999952671765525 0.9999955123872126 0.9999957540136845 0.9999959921929092 0.9999962270564363 0.9999964587304242 0.9999966873356396 0.9999969129863799 0.9999971357958638 0.9999973558686842 0.9999975733094338 0.999997788217314 0.9999980006893695 0.9999982108172538 0.999998418691542 0.9999986243995747 0.9999988280254569 0.9999990296500597 0.9999992293531753 0.9999996984602212 0.9999996984602212 1.0 1.0
0.0 1.5 2.5 3.5 4.5 5.5 6.5 7.5 8.5 9.5 10.5 11.5 12.5 13.5 14.5 15.5 16.5 17.5 18.5 19.5 20.5 21.5 22.5 23.5 24.5 25.5 26.5 27.5 28.5 29.5 30.5 31.5 32.5 33.5 34.5 35.5 36.5 37.5 38.5 39.5 40.5 41.5 42.5 43.5 44.5 45.5 46.5 47.5 48.5 49.5 50.5 51.5 52.5 53.5 54.5 55.5 56.5 57.5 58.5 59.5 60.5 61.5 62.5 63.5 64.5 65.5 66.5 67.5 68.5 69.5 70.5 71.5 72.5 73.5 74.5 75.5 76.5 77.5 78.5 79.5 80.5 81.5 82.5 83.5 84.5 85.5 86.5 87.5 88.5 89.5 90.5 91.5 92.5 93.5 94.5 95.5 96.5 97.5 98.5 99.5 100.5 101.5 102.5 103.5 104.5 105.5 106.5 107.5 108.5 109.5 110.5 111.5 112.5 113.5 114.5 115.5 116.5 117.5 118.5 119.5 120.5 121.5 122.5 123.5 124.5 125.5 126.5 127.5 128.5 129.5 130.5 131.5 132.5 133.5 134.5 135.5 136.5 137.5 138.5 139.5 140.5
0.15598603391408428 0.4059194905818211 0.4697134410396125 0.7008585558293131 0.7836297341175115 0.879513178593343 0.9398033603922369 0.9637744128549716 0.9744111400957918 0.9763598142230785 0.9780711584657175 0.9795967440139919 0.9809751306813721 0.9822380987826728 0.9834124030288398 0.9845222152593321 0.9855902056692093 0.9866395241604642 0.987698331147055 0.9888262525837672 0.990126826474638 0.991646145648976 0.9932344488362694 0.9946626851389395 0.9958882953890852 0.9969022395365035 0.9976580916520152 0.9981887456173159 0.998564056463792 0.9988378343734119 0.9990436696114185 0.9992026617369134 0.9993283363294215 0.9994296326467905 0.999512691584559 0.999581924506123 0.9996405971916033 0.9996910561085977 0.9997346302070097 0.9997716938738457 0.999802569752443 0.9998281089183602 0.9998493309374785 0.9998671108168041 0.9998821166964651 0.9998948572814089 0.9999057272249128 0.999915037840606 0.999923040581161 0.999929941267802 0.9999359105791775 0.9999410897647248 0.9999455977270834 0.9999495347088325 0.9999529850198132 0.9999560201740881 0.9999587008087698 0.9999610782686696 0.999963196169389 0.9999650915831108 0.9999667960626933 0.9999683362884659 0.9999697349953034 0.9999710114792824 0.9999721821258979 0.999973260862821 0.9999742595274941 0.9999751881775929 0.9999760553766944 0.9999768684271243 0.9999776335586045 0.9999783560996549 0.9999790406209664 0.9999796910582919 0.9999803107900617 0.9999809027473391 0.9999814694817337 0.9999820131998974 0.99998253583575 0.9999830390892865 0.9999835244502934 0.9999839932188304 0.9999844465257121 0.9999848855610431 0.9999853111106805 0.9999857241900935 0.9999861253663065 0.9999865153400153 0.9999868947461575 0.9999872641636157 0.9999876241206064 0.9999879751011485 0.9999883175504529 0.9999886518813914 0.9999889784755733 0.9999892976887365 0.9999896098507467 0.9999899152742219 0.9999902142502204 0.9999905070525524 0.9999907939399363 0.9999910751570763 0.9999913509346632 0.9999916214926075 0.9999918870378837 0.9999921477688427 0.9999924038719774 0.9999926555262345 0.999992902901937 0.9999931461618616 0.9999933854590838 0.9999936209434442 0.9999938527540041 0.9999940810190446 0.999994305877627 0.9999945274515644 0.999994745859436 0.9999949612144311 0.9999951736254271 0.9999953831959112 0.9999955900272148 0.9999957942163573 0.9999959958538902 0.9999961950292867 0.9999963918309425 0.9999965863397068 0.9999967786375074 0.9999969688008816 0.999997156903133 0.9999973430186431 0.9999975272164034 0.9999977095654057 0.9999978901292512 0.9999980689736979 0.999998246161269 0.9999984217512544 0.9999985958029436 0.9999990040917552 0.9999990040917552 1.0 1.0
