0.25 0.5 1.0 2.0 3.0 4.0 5.0 6.0 7.0 8.0 9.0 10.0 12.0 14.0 16.0 18.0 20.0 22.0 24.0 26.0 28.0 30.0 35.0 40.0 45.0 50.0 55.0 60.0 70.0 80.0 100.0 120.0 140.0 160.0 200.0
1.079075 0.9683063 0.4294196 0.02258097 0.002426176 0.0005750542 0.0004299423 0.0004863339 0.02161335 0.1384622 0.3020686 0.4256842 0.4924735 0.4364937 0.3055077 0.2662365 0.3406751 0.4652514 0.5697896 0.6051149 0.5899731 0.5693798 0.5867313 0.6113713 0.5948311 0.5809475 0.565947 0.5507959 0.529456 0.5087673 0.4842977 0.4608338 0.4395012 0.4271032 0.3940876
0.0 0.0015
1.0 1.0
0.0 0.0015 0.0035 0.0075 0.015 0.035 0.07499999 0.15 0.25 0.35 0.45 0.499995
8.17702075442403e-06 2.4529830204395822e-05 6.540992873733112e-05 0.00014716897074800524 0.000676309304721056 0.006628944782681663 0.03800481023783833 0.12022433425351721 0.2828795920430798 0.5640727743918782 1.0 1.0
0.0 0.0015 0.0035 0.0075 0.015 0.035 0.07499999 0.15 0.25 0.35 0.45 0.55 0.65 0.75 0.85 0.95 0.99999
4.494004594262664e-06 1.3481525131406335e-05 3.5949628400863135e-05 8.088531138472498e-05 0.00020158045747073036 0.0017410207895118823 0.008104474681234881 0.022569794658599127 0.0487149297676917 0.09066792834750112 0.1520639552853561 0.235196888507357 0.3704871787717321 0.536209019161433 0.7506087395267427 1.0 1.0
0.0 0.0015 0.0035 0.0075 0.015 0.035 0.07499999 0.15 0.25 0.35 0.45 0.55 0.65 0.75 0.85 0.95 1.05 1.15 1.25 1.35 1.45 1.55 1.65 1.75 1.85 1.95 1.99998
2.437027546005335e-05 5.425686332974341e-05 0.00010069257727201244 0.00017471004210613386 0.00030389100872396007 0.0008879721070959273 0.0023768892410323088 0.005074166968117737 0.009562688268067407 0.01658207258883623 0.026717689981257644 0.0405006151087269 0.06856764701850623 0.10003361947011326 0.13767240990379484 0.1798624366198382 0.22581960182097338 0.2754346405604264 0.328115745106694 0.38740807765436425 0.47601339486989475 0.5643657937597867 0.6715658294371901 0.780886201828003 0.8904652900450868 1.0 1.0
0.0 0.0015 0.0035 0.0075 0.015 0.035 0.07499999 0.15 0.25 0.35 0.45 0.55 0.65 0.75 0.85 0.95 1.05 1.15 1.25 1.35 1.45 1.55 1.65 1.75 1.85 1.95 2.1 2.3 2.5 2.7 2.9 2.99997
4.689981906057122e-05 0.00010430422045671625 0.0001931844853223771 0.0003345245661815267 0.0005807842790276536 0.0013498432063229478 0.002947475575332035 0.005530667759678649 0.009120902337616124 0.014169438860035853 0.020900969811419905 0.029798222898788865 0.05235112864777728 0.07492053333038318 0.1007840552691943 0.12884990398523305 0.15897127424018329 0.19084450988840881 0.2242932042794183 0.2617486836412031 0.3200900232921755 0.3771647725981881 0.44644824943945943 0.5161390918752895 0.5851305258345715 0.6533870452986416 0.7212818422988414 0.7887349041919349 0.8569582690293057 0.926985974490626 1.0 1.0
0.0 0.0015 0.0035 0.0075 0.015 0.035 0.07499999 0.15 0.25 0.35 0.45 0.55 0.65 0.75 0.85 0.95 1.05 1.15 1.25 1.35 1.45 1.55 1.65 1.75 1.85 1.95 2.1 2.3 2.5 2.7 2.9 3.1 3.300001 3.500001 3.700001 3.9 3.99996
1.4708692519316208e-05 4.412534360590578e-05 0.00011766601718472403 0.0002647466303903177 0.0005589071228494622 0.0013935977533286422 0.003133232903827577 0.005487180042566643 0.00870742252070159 0.012775278322933988 0.018178700785904674 0.024820585118537835 0.04344232827521079 0.06065165412064383 0.08022900283709351 0.10110380261679275 0.1230662165706938 0.1461562157270497 0.17013077388543546 0.1971736919541151 0.23900133997374912 0.2801361959811063 0.33039271073015597 0.3808751652760733 0.4307432726040524 0.4799456560710946 0.528347723551584 0.5760552228558529 0.623587014041066 0.6717018714081516 0.7211141651594459 0.7719913537930431 0.8236333351343196 0.8749032761850808 0.9246998525469649 1.0 1.0
0.0 0.0015 0.0035 0.0075 0.015 0.035 0.07499999 0.15 0.25 0.35 0.45 0.55 0.65 0.75 0.85 0.95 1.05 1.15 1.25 1.35 1.45 1.55 1.65 1.75 1.85 1.95 2.1 2.3 2.5 2.7 2.9 3.1 3.300001 3.500001 3.700001 3.9 4.25 4.75 4.99995
5.6045142651149915e-05 0.00011996468722109205 0.00020745890883606654 0.0003342442588594283 0.0005396116753908926 0.0010137130160231104 0.0025361949519020844 0.005097329094026999 0.008064311703754153 0.012018139931817511 0.017176214792692535 0.023334824174676288 0.039369768519040296 0.05462457291218063 0.0717441377612626 0.09019985789293684 0.10983741010204186 0.13022367468828666 0.15147896479407064 0.17584696256894508 0.2121289302566435 0.24826000219836203 0.2933303101709693 0.3383883622651037 0.3829373576926703 0.42684781043328224 0.47021289561272045 0.5127964211382423 0.5549837240087887 0.5977195155027284 0.6413510137920131 0.685912227036318 0.7308670176450588 0.7750374320315384 0.8176200060137007 0.8877305961756718 0.9468721941353287 1.0 1.0
0.0 0.0015 0.0035 0.0075 0.015 0.035 0.07499999 0.15 0.25 0.35 0.45 0.55 0.65 0.75 0.85 0.95 1.05 1.15 1.25 1.35 1.45 1.55 1.65 1.75 1.85 1.95 2.1 2.3 2.5 2.7 2.9 3.1 3.300001 3.500001 3.700001 3.9 4.25 4.75 5.25 5.75 5.99994
0.00019572408664574257 0.0004805863686090152 0.0010240916657807055 0.002080236593682564 0.0035069308567658 0.004893167401814077 0.006674844411842214 0.008568120608803952 0.010697279577137935 0.012857377985138146 0.016882204322343285 0.03240286708460195 0.04768548970121689 0.06834071636429004 0.09049886560926353 0.12782805163752875 0.14670973276366503 0.1574566965279825 0.16576439349424935 0.17445193062486608 0.1870780866864873 0.19969801252266292 0.23574785700045225 0.3002901467653157 0.3590580945874201 0.3913025760313672 0.44943092969730986 0.49520995202359946 0.5110673468688748 0.5252609365853605 0.5394899221258903 0.6633709061563483 0.6909580861136568 0.7270580613583837 0.7806962744705847 0.8067126758030776 0.8272289023273971 0.9631219624156576 0.9799242762462576 0.9999999999999999 1.0
0.0 0.0015 0.0035 0.0075 0.015 0.035 0.07499999 0.15 0.25 0.35 0.45 0.55 0.65 0.75 0.85 0.95 1.05 1.15 1.25 1.35 1.45 1.55 1.65 1.75 1.85 1.95 2.1 2.3 2.5 2.7 2.9 3.1 3.300001 3.500001 3.700001 3.9 4.25 4.75 5.25 5.75 6.25 6.75 6.99993
9.657115045927101e-05 0.00022644609632191067 0.00045622789680362265 0.0008474276888552543 0.0016988986898101995 0.0030319994211073713 0.004780768043662314 0.006903351689007301 0.009187497883676178 0.011503437721036494 0.013702000967184269 0.028332131595042654 0.04106128470807457 0.05923874706279688 0.08054913167595534 0.12086037553201996 0.15078537134485817 0.17351111911450506 0.1900361073434991 0.20143417809588018 0.20890915079550826 0.2135204797048917 0.2229080715767115 0.26720290116264506 0.31721093414413554 0.35756593051162916 0.40875086300044483 0.4706604627508729 0.5026295006732625 0.5167989837435822 0.5218153009436346 0.6213856169545998 0.6835354363457168 0.7262241341216268 0.7870286827405668 0.8087656894599885 0.81093049552505 0.9599604993444901 0.9990180785411212 0.9996710298286577 0.9998392814595062 1.0 1.0
0.0 0.0015 0.0035 0.0075 0.015 0.035 0.07499999 0.15 0.25 0.35 0.45 0.55 0.65 0.75 0.85 0.95 1.05 1.15 1.25 1.35 1.45 1.55 1.65 1.75 1.85 1.95 2.1 2.3 2.5 2.7 2.9 3.1 3.300001 3.500001 3.700001 3.9 4.25 4.75 5.25 5.75 6.25 6.75 7.25 7.75 7.99992
7.511302904903469e-05 0.00017433421366530824 0.0003458778014196472 0.0006379587277374285 0.001212784789130124 0.0024396953593072445 0.004199869067523744 0.006378800601053478 0.009129622662039656 0.0122710773221975 0.015992271847371238 0.02836566776322546 0.039531330952337386 0.054043145144411935 0.07208607672089992 0.10309098300923066 0.13044271670887664 0.1559027128240149 0.17941172414937112 0.20066752344543942 0.21939790373814178 0.2356473417027071 0.24983973458436426 0.2832057474739101 0.31983510284994443 0.35463458169403694 0.39521765624031047 0.44780360926316876 0.49034530378473373 0.5233664951881645 0.5474769665323898 0.6127670198889945 0.6696123975727744 0.7171790300844001 0.7718796772800355 0.8065348900964243 0.8196050528648022 0.9055198058460298 0.9724881555201534 0.9962638480546994 0.9998956214883213 0.9999579511991208 0.9999789915233932 1.0 1.0
0.0 0.0015 0.0035 0.0075 0.015 0.035 0.07499999 0.15 0.25 0.35 0.45 0.55 0.65 0.75 0.85 0.95 1.05 1.15 1.25 1.35 1.45 1.55 1.65 1.75 1.85 1.95 2.1 2.3 2.5 2.7 2.9 3.1 3.300001 3.500001 3.700001 3.9 4.25 4.75 5.25 5.75 6.25 6.75 7.25 7.75 8.25 8.75 8.99991
6.316799758358116e-05 0.0001408527237721289 0.00026208740273235103 0.0004559052586309552 0.0008048035933069926 0.0018860029773076754 0.0036730492758432812 0.005981826455537413 0.0087900043145194 0.012074354735370586 0.01628639663713093 0.027929082376282874 0.038381264467361904 0.05102409482624154 0.06629335263250917 0.09189543478103404 0.11511936441292589 0.13846437631350844 0.16199421479626205 0.18519145165710124 0.20777135701350072 0.229616199758353 0.250904316219998 0.2860646429594791 0.3201043347403347 0.3536666141693612 0.3904613429624802 0.4348613208992899 0.4760934956627703 0.5141559329941494 0.5488214157485315 0.6045086092708571 0.6579543930499963 0.7064768590378582 0.7569359841428757 0.7969625330833782 0.8207824870775992 0.8752594172167588 0.9311829398740985 0.9704549414589669 0.9931891470654247 0.99966149618553 0.9999680673452388 0.9999791983286458 0.9999895898192895 1.0 1.0
0.0 0.0015 0.0035 0.0075 0.015 0.035 0.07499999 0.15 0.25 0.35 0.45 0.55 0.65 0.75 0.85 0.95 1.05 1.15 1.25 1.35 1.45 1.55 1.65 1.75 1.85 1.95 2.1 2.3 2.5 2.7 2.9 3.1 3.300001 3.500001 3.700001 3.9 4.25 4.75 5.25 5.75 6.25 6.75 7.25 7.75 8.25 8.75 9.25 9.75 9.9999
7.835150146771492e-05 0.0001720440105345037 0.00031175930688664554 0.0005281794057222883 0.0009118826426716839 0.0022062775387740033 0.004369208882647607 0.0069641775642329444 0.010035315917047307 0.013649320902236209 0.018264856593846666 0.030382300203725544 0.04056658703355514 0.052676626150289896 0.06683855771067253 0.09079892287608826 0.1120128428363679 0.13390179162424115 0.157270209483897 0.1805974480933541 0.2039863319343784 0.22753644720054472 0.25131728166863976 0.2852857236839096 0.3189553717916747 0.35298817920059233 0.38934402857754363 0.43104076900486843 0.47191145155359887 0.5116632172153155 0.550088603585099 0.6012716914200968 0.6515449027025184 0.6987130548577125 0.7466225748236057 0.7912196674620997 0.8223954568436431 0.8668358398848695 0.9114739586908478 0.9455463556448522 0.9766120667790815 0.9951634638334291 0.9995955028078543 0.9999521035744942 0.9999769689175653 0.9999850608463021 0.9999926062461971 1.0 1.0
0.0 0.0015 0.0035 0.0075 0.015 0.035 0.07499999 0.15 0.25 0.35 0.45 0.55 0.65 0.75 0.85 0.95 1.05 1.15 1.25 1.35 1.45 1.55 1.65 1.75 1.85 1.95 2.1 2.3 2.5 2.7 2.9 3.1 3.300001 3.500001 3.700001 3.9 4.25 4.75 5.25 5.75 6.25 6.75 7.25 7.75 8.25 8.75 9.25 9.75 10.25 10.75 11.25 11.75 11.99988
0.0001346157167652967 0.0002994461861510395 0.0005529759667750319 0.0009525085779043445 0.001663117208791287 0.0034661517191256737 0.006976183820282298 0.011085383345897485 0.015954726392091275 0.021003215370570226 0.02713946504336896 0.04260824577029736 0.054574503684248654 0.06773789650931519 0.08252732345586684 0.10995881237562105 0.13201895846361344 0.15456139074801126 0.17883214786689142 0.2030909739154075 0.22753816970652266 0.25282732565016147 0.27825013690493966 0.3135404898120374 0.34798640072182196 0.38270968624835283 0.41889659989334255 0.4591779426720673 0.4996923739380381 0.540140319086713 0.5807804819758716 0.6288006038848787 0.6761950276763199 0.7202773271347294 0.7628715898727139 0.8066458218081732 0.8431485217411003 0.8816758150225618 0.9175090999388791 0.9438300657768269 0.9685570952602596 0.9871147595198677 0.9954058697926641 0.9981908890000831 0.9993786630301906 0.9998614469617069 0.9999621984755502 0.9999713614692821 0.9999778760613931 0.9999847484489998 0.9999922730380939 1.0 1.0
0.0 0.0015 0.0035 0.0075 0.015 0.035 0.07499999 0.15 0.25 0.35 0.45 0.55 0.65 0.75 0.85 0.95 1.05 1.15 1.25 1.35 1.45 1.55 1.65 1.75 1.85 1.95 2.1 2.3 2.5 2.7 2.9 3.1 3.300001 3.500001 3.700001 3.9 4.25 4.75 5.25 5.75 6.25 6.75 7.25 7.75 8.25 8.75 9.25 9.75 10.25 10.75 11.25 11.75 12.25 12.75 13.25 13.75 13.99986
0.00018988298057001 0.0004129636234776971 0.0007356012366471518 0.0012265640261502591 0.002088086939635496 0.004065235393284254 0.008365895615157784 0.014806646741304793 0.021909334620785825 0.028543724696613027 0.03630302240745104 0.05524343819457751 0.06884333679269586 0.08334596635890895 0.09947808490580051 0.1315997579157542 0.1555331114561436 0.1787417723890062 0.20346447082869698 0.22781446259049543 0.25282947476204787 0.27870988942924324 0.3048598516842915 0.3400014181248984 0.37404167234908475 0.4076619312349232 0.4422749407344533 0.48000126489229716 0.5183353383788732 0.5572363866745408 0.5972223395554975 0.6432007239396177 0.6889778369353485 0.7320669664261154 0.7733309803954351 0.8144936361122788 0.8503058700335167 0.8858335271546459 0.9179997986849917 0.9427575356431959 0.9658432949705115 0.983787854254964 0.9915437192581507 0.9948716315028213 0.9971424721072072 0.9990036226106191 0.9998667580518631 0.9999098509831219 0.9999245961966241 0.9999345241696448 0.9999432139000967 0.9999519399585557 0.9999616336003676 0.9999727933907467 0.9999858155361894 0.9999999999999999 1.0
0.0 0.0015 0.0035 0.0075 0.015 0.035 0.07499999 0.15 0.25 0.35 0.45 0.55 0.65 0.75 0.85 0.95 1.05 1.15 1.25 1.35 1.45 1.55 1.65 1.75 1.85 1.95 2.1 2.3 2.5 2.7 2.9 3.1 3.300001 3.500001 3.700001 3.9 4.25 4.75 5.25 5.75 6.25 6.75 7.25 7.75 8.25 8.75 9.25 9.75 10.25 10.75 11.25 11.75 12.25 12.75 13.25 13.75 14.25 14.75 15.25 15.75 15.99984
0.0006191927421888382 0.0013591574511590068 0.002461412172280756 0.004621209783371378 0.008585942608089573 0.015899250488345732 0.02673589751272589 0.048250238060087484 0.06458157041323805 0.07729597363118679 0.08900305684366672 0.1115334045552567 0.12706630747484204 0.14318833170459855 0.1601493442319488 0.19448470768259762 0.21911452516593258 0.24229840359285884 0.2662235820584219 0.2896390136643979 0.31394270255608775 0.339447895861655 0.3648786606140429 0.39857327042496427 0.431333441755324 0.4626538329137597 0.49476531712607286 0.5290729551577533 0.5636058204634026 0.6004543010698478 0.6380593849770559 0.68007187100938 0.72161135471328 0.7608426346553403 0.7986174323658571 0.8350472758479396 0.8666614353575077 0.8978737641902054 0.9265908470708994 0.9487676121803449 0.969233445443216 0.9849690988400374 0.9919311185635891 0.9947579672072779 0.9967425069751451 0.9986157166593095 0.9996765853469001 0.9997483839520167 0.9997730735628734 0.9997893303038282 0.9998032647069033 0.999816882292785 0.9998310033831314 0.999845986800816 0.9998624958890142 0.9998815210172285 0.9999040247460327 0.9999309394887823 0.999963315387476 1.0 1.0
0.0 0.0015 0.0035 0.0075 0.015 0.035 0.07499999 0.15 0.25 0.35 0.45 0.55 0.65 0.75 0.85 0.95 1.05 1.15 1.25 1.35 1.45 1.55 1.65 1.75 1.85 1.95 2.1 2.3 2.5 2.7 2.9 3.1 3.300001 3.500001 3.700001 3.9 4.25 4.75 5.25 5.75 6.25 6.75 7.25 7.75 8.25 8.75 9.25 9.75 10.25 10.75 11.25 11.75 12.25 12.75 13.25 13.75 14.25 14.75 15.25 15.75 16.25 16.75 17.25 17.75 17.99982
0.001505276524938911 0.003272216628766465 0.005824111105481881 0.010824204695764722 0.01960751164970386 0.03714633053328639 0.06068732704993031 0.11895612800153481 0.1690250693395511 0.2011427989762933 0.22782228251829595 0.2581488634260691 0.28174228582559224 0.3050476416135682 0.326731982898671 0.35971068960868147 0.3840695264514381 0.40585061951382045 0.4273926250439266 0.4483506041706757 0.4690932959440627 0.4922551095957791 0.5155624989978838 0.5472964959889358 0.5768300190885384 0.6037133982979784 0.629209559693283 0.6546807834644829 0.6792730723156165 0.7133578583034673 0.7481032759048654 0.7830598963973499 0.815507226629117 0.8449378626410178 0.8721093256960231 0.8961809920961706 0.9159115472240561 0.936560623811447 0.9555433948965544 0.9698304613414122 0.9823804576825104 0.9915024320483656 0.9954708266592691 0.9969515638382602 0.9979635579584326 0.998929935873274 0.9994972227025682 0.9995534890140275 0.9995756645420609 0.999591831085024 0.9996056347407096 0.9996189481402841 0.999632361307589 0.9996465698075924 0.9996621382784274 0.9996798019405377 0.9997002819858761 0.9997243024155407 0.9997527557793254 0.9997869301477391 0.9998279882999787 0.9998776150336478 0.9999334730712198 1.0 1.0
0.0 0.0015 0.0035 0.0075 0.015 0.035 0.07499999 0.15 0.25 0.35 0.45 0.55 0.65 0.75 0.85 0.95 1.05 1.15 1.25 1.35 1.45 1.55 1.65 1.75 1.85 1.95 2.1 2.3 2.5 2.7 2.9 3.1 3.300001 3.500001 3.700001 3.9 4.25 4.75 5.25 5.75 6.25 6.75 7.25 7.75 8.25 8.75 9.25 9.75 10.25 10.75 11.25 11.75 12.25 12.75 13.25 13.75 14.25 14.75 15.25 15.75 16.25 16.75 17.25 17.75 18.25 18.75 19.25 19.75 19.9998
0.0015645641990929176 0.003318140676163691 0.005638727592708409 0.009957289708898382 0.017163369997728148 0.03049926853717197 0.05247414668424574 0.10849713249006987 0.17256297592770076 0.20887454823452514 0.23940418126857085 0.2707789338474498 0.2984386662343466 0.32464791438187307 0.3503001618005839 0.3811440131133688 0.40686373719179897 0.4303263002401593 0.4540550281245917 0.4778571170806242 0.5006797386923408 0.5261833231987615 0.5516399721455107 0.5944914705008847 0.6303526291173135 0.662378175913587 0.690911440704794 0.7173015219530456 0.7412202588944604 0.7744066806034258 0.807353518249775 0.8386861017978674 0.8672955689466221 0.892597981092255 0.9147834715009701 0.9332893723982093 0.9472163593347647 0.9614110218020517 0.973870684833997 0.982789388266869 0.990075213981297 0.9952163920365685 0.9973914290344433 0.998261077416389 0.9987726813825293 0.9991911121298916 0.9994267117159354 0.9994518133128217 0.9994655316779495 0.9994763335950241 0.9994861723937933 0.9994958658056685 0.9995058050120673 0.9995162921208696 0.9995274112061919 0.9995398146303935 0.9995537650183475 0.9995700249370446 0.9995891967856844 0.9996120772111625 0.9996393223486935 0.99967194714288 0.9997107987006149 0.9997565309834504 0.9998097571191576 0.9998700091494936 0.9999328506315801 1.0 1.0
0.0 0.0015 0.0035 0.0075 0.015 0.035 0.07499999 0.15 0.25 0.35 0.45 0.55 0.65 0.75 0.85 0.95 1.05 1.15 1.25 1.35 1.45 1.55 1.65 1.75 1.85 1.95 2.1 2.3 2.5 2.7 2.9 3.1 3.300001 3.500001 3.700001 3.9 4.25 4.75 5.25 5.75 6.25 6.75 7.25 7.75 8.25 8.75 9.25 9.75 10.25 10.75 11.25 11.75 12.25 12.75 13.25 13.75 14.25 14.75 15.25 15.75 16.25 16.75 17.25 17.75 18.25 18.75 19.25 19.75 20.5 21.5 21.99978
0.00152672693962805 0.003195061968578802 0.0052881981510467 0.008932244806769062 0.014714499251918244 0.025375665522907858 0.04311899421623477 0.08446530643810705 0.14933874905149924 0.1818868049636491 0.2105833958295673 0.23833094193215426 0.26476984845577234 0.290060108283762 0.31521966925707595 0.3431997750397224 0.3682665165545244 0.3920861469574349 0.41701777114088123 0.44214407560822316 0.466327970889312 0.4926519026745531 0.5191190968833927 0.5678117948606528 0.6075037885308431 0.6426503175578373 0.6742481651220498 0.7037845181430225 0.731071284741589 0.7659044635789803 0.8004158955486654 0.8331708493830751 0.8642024872434836 0.8919394667399178 0.9162475825397672 0.9363529408111531 0.951381214646573 0.9654841808446263 0.97679462103618 0.9845478195560391 0.9905964892760506 0.9947769452903675 0.9968886217783633 0.9979666061822389 0.9986492619299818 0.9991233213936637 0.9993897262906094 0.9994823820610707 0.9995202221469438 0.9995335456938556 0.9995405779746637 0.999547545645078 0.9995548075451566 0.9995625415932751 0.9995709593416945 0.9995803330377643 0.9995909574929409 0.9996031754143392 0.9996171996907697 0.9996337158308064 0.9996529550733038 0.9996759091382768 0.9997031414208124 0.9997350700251629 0.9997720515742863 0.9998137391941765 0.9998594205823655 0.9999078334067968 0.99995692928684 0.9999999999999999 1.0
0.0 0.0015 0.0035 0.0075 0.015 0.035 0.07499999 0.15 0.25 0.35 0.45 0.55 0.65 0.75 0.85 0.95 1.05 1.15 1.25 1.35 1.45 1.55 1.65 1.75 1.85 1.95 2.1 2.3 2.5 2.7 2.9 3.1 3.300001 3.500001 3.700001 3.9 4.25 4.75 5.25 5.75 6.25 6.75 7.25 7.75 8.25 8.75 9.25 9.75 10.25 10.75 11.25 11.75 12.25 12.75 13.25 13.75 14.25 14.75 15.25 15.75 16.25 16.75 17.25 17.75 18.25 18.75 19.25 19.75 20.5 21.5 22.5 23.5 23.99976
0.0016635539612332147 0.003454411573033166 0.005627175230678946 0.009149187841770615 0.0144918038950472 0.02423281929154315 0.03982639468060031 0.07365275120958124 0.1339799443916595 0.16497025920980804 0.19134262788956602 0.21754435460117272 0.24279791048409272 0.26671733562147826 0.29074217121662166 0.31711975645486934 0.34171753043009384 0.36526370181347345 0.39039874860744356 0.4153071449291016 0.4392832326845652 0.46530476736482945 0.4918138131475877 0.5413799002792864 0.5820602259612367 0.6182392994276261 0.6501741056836772 0.6805684736647067 0.7093062817975628 0.7443709740889033 0.7795066213874128 0.8132342394205915 0.8461019429453623 0.8761355016896608 0.9028762509747417 0.9254112930649033 0.9431367172860851 0.9595263427712434 0.9724627471706978 0.9812228026431223 0.9878310473619538 0.9923537528787143 0.9950844201080543 0.9967438040930653 0.9978660802595664 0.9986517314161402 0.9990758825916864 0.9993396532111576 0.999500607752195 0.9995644093695655 0.9995708749258744 0.9995766537770403 0.9995826948624755 0.9995891466169808 0.9995961919962187 0.9996039886252908 0.999612833897089 0.9996230105850601 0.9996348286574364 0.9996486949730745 0.9996649504234424 0.9996840868531472 0.9997064673608245 0.9997321573578657 0.9997618055617485 0.9997951367540422 0.9998315803838824 0.9998701049136217 0.999909016351743 0.9999444166698853 0.9999749413864172 1.0 1.0
0.0 0.0015 0.0035 0.0075 0.015 0.035 0.07499999 0.15 0.25 0.35 0.45 0.55 0.65 0.75 0.85 0.95 1.05 1.15 1.25 1.35 1.45 1.55 1.65 1.75 1.85 1.95 2.1 2.3 2.5 2.7 2.9 3.1 3.300001 3.500001 3.700001 3.9 4.25 4.75 5.25 5.75 6.25 6.75 7.25 7.75 8.25 8.75 9.25 9.75 10.25 10.75 11.25 11.75 12.25 12.75 13.25 13.75 14.25 14.75 15.25 15.75 16.25 16.75 17.25 17.75 18.25 18.75 19.25 19.75 20.5 21.5 22.5 23.5 24.5 25.5 25.99974
0.002224463984067016 0.00455686140279417 0.007213055781735367 0.011076523696130327 0.01648381021547906 0.025595548495726754 0.038790120811195976 0.06783897411953059 0.1300710137891703 0.16197306950343907 0.18685055754625446 0.2121640727237296 0.23665002244343933 0.2602166370373564 0.2837023157662856 0.30992182444173655 0.33415737621682207 0.3573619277881858 0.3826521034763977 0.4074564633486992 0.43136788713070007 0.456909597644102 0.48301175683879477 0.5321593544821305 0.5724914631861926 0.6080338271910829 0.6396230066861024 0.6697061705268651 0.6983645889549961 0.7325462072355783 0.7678195485171629 0.8015372526515588 0.8350029036769773 0.8656495088699321 0.8931615002792458 0.9167967289590773 0.9358186802099183 0.9536663843057429 0.967772524177727 0.9777695396514047 0.985298541229917 0.9903956766996082 0.99363107494541 0.9957802640609535 0.9972640846299872 0.9983045132517426 0.9988010978344363 0.9991669550286898 0.9994249189134795 0.999560267888608 0.9995676677271792 0.9995731625718929 0.9995788385149931 0.9995848947613614 0.999591497028059 0.9995988509065614 0.9996071925670873 0.9996167594672053 0.9996278489513398 0.9996407502552821 0.9996558686769536 0.9996736931251543 0.999694604036903 0.9997188379836702 0.9997466161556016 0.9997775652211814 0.9998110998541071 0.9998460017531015 0.9998811510908071 0.9999130420953736 0.9999404567999003 0.9999636901245813 0.9999834313868536 1.0 1.0
0.0 0.0015 0.0035 0.0075 0.015 0.035 0.07499999 0.15 0.25 0.35 0.45 0.55 0.65 0.75 0.85 0.95 1.05 1.15 1.25 1.35 1.45 1.55 1.65 1.75 1.85 1.95 2.1 2.3 2.5 2.7 2.9 3.1 3.300001 3.500001 3.700001 3.9 4.25 4.75 5.25 5.75 6.25 6.75 7.25 7.75 8.25 8.75 9.25 9.75 10.25 10.75 11.25 11.75 12.25 12.75 13.25 13.75 14.25 14.75 15.25 15.75 16.25 16.75 17.25 17.75 18.25 18.75 19.25 19.75 20.5 21.5 22.5 23.5 24.5 25.5 26.5 27.5 27.99972
0.004173676886704904 0.008477737105075175 0.013172948971751523 0.01915061685703643 0.026844782576744566 0.03886706582834613 0.05525349058300158 0.08425443241060705 0.14381671002521254 0.1765873474057698 0.20166204175839014 0.22613886615593923 0.24998336561842782 0.2729470807220185 0.2961041669609036 0.3244685183136995 0.34989391277933823 0.37294586503657684 0.39806964616251184 0.42223839277833425 0.4457566115162133 0.4705006438727763 0.4954129005198335 0.5422124021423167 0.58233772283778 0.6165699854395095 0.6468482910909842 0.6756616153020267 0.7032963113612228 0.7356545471002973 0.7699655403232881 0.8030543076102521 0.8355223727313171 0.8655405796566932 0.8925275915311118 0.9156710214295597 0.9345219791592891 0.9522903329808271 0.9664321232543365 0.9765926124838273 0.9843706985648248 0.9896536323699135 0.9930770206544646 0.995405130756515 0.9970199735041524 0.9981703203008072 0.9986857854838479 0.9990838542504494 0.9993847713813205 0.999539291220057 0.9995542144588658 0.9995601640105617 0.9995659105357918 0.9995719237895211 0.9995784473043096 0.9995856866857865 0.9995938733642827 0.9996032386709309 0.9996140738197508 0.9996267477468646 0.9996415657524932 0.9996590002368974 0.9996793938155041 0.9997028804064221 0.9997297571094547 0.9997597336033693 0.9997922555333295 0.9998263910938304 0.9998603426409306 0.9998907203931774 0.9999167783771077 0.9999388092285879 0.9999574800581954 0.9999735995990398 0.9999877308031695 1.0 1.0
0.0 0.0015 0.0035 0.0075 0.015 0.035 0.07499999 0.15 0.25 0.35 0.45 0.55 0.65 0.75 0.85 0.95 1.05 1.15 1.25 1.35 1.45 1.55 1.65 1.75 1.85 1.95 2.1 2.3 2.5 2.7 2.9 3.1 3.300001 3.500001 3.700001 3.9 4.25 4.75 5.25 5.75 6.25 6.75 7.25 7.75 8.25 8.75 9.25 9.75 10.25 10.75 11.25 11.75 12.25 12.75 13.25 13.75 14.25 14.75 15.25 15.75 16.25 16.75 17.25 17.75 18.25 18.75 19.25 19.75 20.5 21.5 22.5 23.5 24.5 25.5 26.5 27.5 28.5 29.5 29.9997
0.007279774265729123 0.01471844550883491 0.022633772656680883 0.031910692461698906 0.04312575098357539 0.05948451323531919 0.08196533083365716 0.11154034121793445 0.16569580647455473 0.2024825106160178 0.22803101109171534 0.2517888158714657 0.2764467608829762 0.29923058132464636 0.3215678503109575 0.35376733564080737 0.3824775516139433 0.4061160722098754 0.4310534880273872 0.45470474585597476 0.47796743848086715 0.5015071977590971 0.52530275251213 0.5678838626116668 0.6066324349344254 0.6386020928225488 0.6676615796366377 0.6946600389132086 0.7203813836360405 0.7498387815982857 0.783088977171424 0.814657651054013 0.8456356198506649 0.873991263109755 0.8994706640982967 0.9212857702318978 0.9389040059701528 0.9553733910875091 0.9684780371796696 0.9778738797495293 0.9852005954940559 0.9901400943178371 0.9933849361798931 0.9955936726280542 0.9971329662391721 0.9982074014888662 0.9986872367660925 0.9990738206932481 0.9993748508576729 0.9995415877609645 0.9995525354283533 0.9995605459376565 0.9995667579178656 0.9995727125422891 0.9995790885939763 0.9995861186866388 0.9995940251645943 0.9996030446697037 0.9996134496354523 0.9996255913387948 0.9996397621469856 0.9996564109837895 0.9996758691764711 0.9996983535764161 0.999724039479789 0.9997526350447469 0.9997836011679172 0.9998159473702457 0.9998482139648701 0.999877240207507 0.9999019193918539 0.9999225572114948 0.9999400126335567 0.9999550506721543 0.999968202597262 0.9999799173326445 0.9999905174805619 0.9999999999999999 1.0
0.0 0.0015 0.0035 0.0075 0.015 0.035 0.07499999 0.15 0.25 0.35 0.45 0.55 0.65 0.75 0.85 0.95 1.05 1.15 1.25 1.35 1.45 1.55 1.65 1.75 1.85 1.95 2.1 2.3 2.5 2.7 2.9 3.1 3.300001 3.500001 3.700001 3.9 4.25 4.75 5.25 5.75 6.25 6.75 7.25 7.75 8.25 8.75 9.25 9.75 10.25 10.75 11.25 11.75 12.25 12.75 13.25 13.75 14.25 14.75 15.25 15.75 16.25 16.75 17.25 17.75 18.25 18.75 19.25 19.75 20.5 21.5 22.5 23.5 24.5 25.5 26.5 27.5 28.5 29.5 30.5 31.5 32.5 33.5 34.5 34.99965
0.011623516269507087 0.023415813690371243 0.035714447109716 0.04936246190917024 0.06492737913711814 0.08588228577451498 0.11640700958528695 0.14920594202232124 0.19138013054016084 0.229886764924917 0.2568642678350579 0.2813556593226068 0.3069887999562371 0.3309787880640533 0.3535989903313773 0.39256927298501504 0.4287944220870731 0.4566024628800348 0.48133258237892973 0.5055515018520298 0.5293309291698262 0.5518845977465427 0.5748473247576913 0.6095563198643932 0.6453289444387604 0.6747247128969385 0.7011293729581175 0.7252406635251654 0.7481161153926281 0.773172730115535 0.8055254603657162 0.8351145373772415 0.8638580311240941 0.8899834196721875 0.9132229876738825 0.9332352243456776 0.9488555366118611 0.9628839609932676 0.9737993601777771 0.9816405032365639 0.9877061406339019 0.9918181016476195 0.994636466992411 0.9965356549376143 0.9978599176873981 0.9985941812304427 0.9989478380657194 0.9992429966968367 0.9994697877111682 0.9995842793392655 0.9995988478018973 0.9996097198721714 0.9996167582031977 0.9996224037255198 0.9996281461556086 0.9996343567818765 0.9996412279585614 0.9996489535906636 0.9996577524848567 0.9996679068948898 0.9996796601861517 0.9996933782492073 0.999709319345715 0.9997276669577602 0.9997485588646569 0.9997717560401703 0.9997968290422814 0.9998230575118252 0.9998491213619285 0.9998724821130999 0.9998923306846467 0.9999089596339441 0.9999229053012697 0.9999348442963826 0.9999452215391079 0.9999543957179099 0.9999626142689299 0.9999701205277342 0.9999770293998852 0.9999834322163679 0.9999893828960136 0.9999949286774444 1.0 1.0
0.0 0.0015 0.0035 0.0075 0.015 0.035 0.07499999 0.15 0.25 0.35 0.45 0.55 0.65 0.75 0.85 0.95 1.05 1.15 1.25 1.35 1.45 1.55 1.65 1.75 1.85 1.95 2.1 2.3 2.5 2.7 2.9 3.1 3.300001 3.500001 3.700001 3.9 4.25 4.75 5.25 5.75 6.25 6.75 7.25 7.75 8.25 8.75 9.25 9.75 10.25 10.75 11.25 11.75 12.25 12.75 13.25 13.75 14.25 14.75 15.25 15.75 16.25 16.75 17.25 17.75 18.25 18.75 19.25 19.75 20.5 21.5 22.5 23.5 24.5 25.5 26.5 27.5 28.5 29.5 30.5 31.5 32.5 33.5 34.5 35.5 36.5 37.5 38.5 39.5 39.9996
0.011567797469066917 0.02327076683417797 0.03537925490317031 0.048604789926075476 0.06335498504436796 0.08242100179006075 0.10919804714744366 0.14181809087004982 0.17958135858908528 0.21496271245347212 0.2450144388835088 0.2694053935740522 0.29396705472962564 0.3200145451980809 0.34261343635630115 0.3816643534509433 0.4193068253488184 0.45067313179190943 0.47696548599021393 0.500936286547589 0.5251936134055118 0.5487690643642099 0.5717277946781123 0.6043187816603144 0.6389501187796615 0.6691943103028564 0.6955544585358552 0.7201913927833313 0.7431530483736418 0.7677218870115362 0.8005566972902259 0.8304476993840065 0.859729550362666 0.8865410355721935 0.9104944201798195 0.9310431901745423 0.9472119769766894 0.9613470618600851 0.9723997060906943 0.9805787427386902 0.9868700472528233 0.9911983344781956 0.9943947719463055 0.9965483785324248 0.998140534103368 0.9987792950472365 0.9990925027335873 0.9993429520827141 0.9995247470039926 0.9996150462154489 0.9996248321245224 0.9996334992661572 0.9996399627850108 0.9996452900752398 0.9996507779088601 0.9996566846149202 0.9996631704653942 0.9996704007082416 0.9996785708846194 0.9996879234607371 0.9996986685588976 0.9997111187011565 0.999725508361989 0.9997419796284032 0.9997606578198437 0.9997813295720774 0.999803625606655 0.9998268936170948 0.9998499669609446 0.9998706091588395 0.9998881185968038 0.9999027590171551 0.9999150294660174 0.9999255043078423 0.9999345814405366 0.9999425908322632 0.9999497681637967 0.9999562865692797 0.9999622578274446 0.9999677651729602 0.9999728556062725 0.9999775644418011 0.9999819473653487 0.9999860403698785 0.9999898767191001 0.9999934870681012 0.9999968228784035 1.0 1.0
0.0 0.0015 0.0035 0.0075 0.015 0.035 0.07499999 0.15 0.25 0.35 0.45 0.55 0.65 0.75 0.85 0.95 1.05 1.15 1.25 1.35 1.45 1.55 1.65 1.75 1.85 1.95 2.1 2.3 2.5 2.7 2.9 3.1 3.300001 3.500001 3.700001 3.9 4.25 4.75 5.25 5.75 6.25 6.75 7.25 7.75 8.25 8.75 9.25 9.75 10.25 10.75 11.25 11.75 12.25 12.75 13.25 13.75 14.25 14.75 15.25 15.75 16.25 16.75 17.25 17.75 18.25 18.75 19.25 19.75 20.5 21.5 22.5 23.5 24.5 25.5 26.5 27.5 28.5 29.5 30.5 31.5 32.5 33.5 34.5 35.5 36.5 37.5 38.5 39.5 41.0 43.0 44.25 44.75 44.99955
0.010079837285328625 0.020278398718563292 0.030833112569385007 0.0424192676803633 0.0553457732853823 0.07205878124430395 0.09561017380394075 0.12666785324543484 0.16200527094711542 0.19695330363690797 0.22679019012741486 0.2546075953450863 0.2783610669720945 0.302991298022753 0.32797422005126387 0.3649961588762965 0.401669288711964 0.4351111406780812 0.4631325505526515 0.48812402219866446 0.5131270627865585 0.5367648912089046 0.5599084130971896 0.5916373838573942 0.6263058671619459 0.6580900792345147 0.6854995059478208 0.7112125807157181 0.7349825507937977 0.760336510817179 0.794069404086837 0.8246928553875271 0.8545603664538791 0.8820577695015166 0.9063675978595193 0.9278111939082325 0.9446584077548611 0.9592974125288306 0.9707539831669678 0.9793154361124319 0.9858532099998905 0.9905571664162812 0.9939693233827412 0.996478207868465 0.9980047815095192 0.9987454398032259 0.999078328172425 0.9993341584539608 0.9995128781177508 0.9996114325626159 0.999621980695572 0.9996300271950422 0.9996362419813256 0.9996417210075529 0.9996473653880041 0.9996534148662778 0.9996600295435896 0.9996673700757248 0.9996756246466971 0.9996850299191615 0.9996957876949006 0.9997082008306354 0.9997224883506208 0.9997387991722486 0.9997572341501961 0.9997775910205391 0.999799504537456 0.9998223381780729 0.9998449433667481 0.9998651394118537 0.9998822520489609 0.9998965444522413 0.9999085085404981 0.9999187084036298 0.9999275339658136 0.999935308325567 0.9999422617833978 0.999948567888839 0.9999543300229411 0.9999596300925802 0.9999645176393235 0.9999690357039482 0.9999732231063394 0.9999771181888356 0.9999807544104803 0.9999841613945432 0.9999873629105009 0.999990391308258 0.9999931398331307 0.9999956328553801 0.9999979126455475 1.0 1.0
0.0 0.0015 0.0035 0.0075 0.015 0.035 0.07499999 0.15 0.25 0.35 0.45 0.55 0.65 0.75 0.85 0.95 1.05 1.15 1.25 1.35 1.45 1.55 1.65 1.75 1.85 1.95 2.1 2.3 2.5 2.7 2.9 3.1 3.300001 3.500001 3.700001 3.9 4.25 4.75 5.25 5.75 6.25 6.75 7.25 7.75 8.25 8.75 9.25 9.75 10.25 10.75 11.25 11.75 12.25 12.75 13.25 13.75 14.25 14.75 15.25 15.75 16.25 16.75 17.25 17.75 18.25 18.75 19.25 19.75 20.5 21.5 22.5 23.5 24.5 25.5 26.5 27.5 28.5 29.5 30.5 31.5 32.5 33.5 34.5 35.5 36.5 37.5 38.5 39.5 41.0 43.0 45.0 47.0 49.0 49.9995
0.009860173170758933 0.019807577166479566 0.030016651722545685 0.041097677634297856 0.05319107701033091 0.06809561717728259 0.08814015782600913 0.11675091982694674 0.14928126942478268 0.18266119876400005 0.2128877980374127 0.2397062011492275 0.2666948489274129 0.2908859178840566 0.31517214290238355 0.35114611194979056 0.3882762764543631 0.4203278403212062 0.44997321904414006 0.4768448118742637 0.5018057542610385 0.5254162287969069 0.5492050094190779 0.5808185329453809 0.6145517090100474 0.6477165001831562 0.6763912213333022 0.7033947240387022 0.7283757338824729 0.7542321200114075 0.7883694941061423 0.8196855434103317 0.8499291734116785 0.8778493926159133 0.9027193427035329 0.9249127918010173 0.9425119828928833 0.9575414124558111 0.9693285436180457 0.9780715479960557 0.984961626393403 0.9899662482413445 0.9936508477952103 0.9961761854216877 0.9980306360281784 0.9987510658740165 0.9991148970090379 0.9993610464401643 0.9995350226830352 0.999615906118128 0.999624107744154 0.9996315492174134 0.9996378609022358 0.9996434730906069 0.9996492813984543 0.9996554869542921 0.99966223066861 0.9996696879516445 0.9996780396609604 0.999687510060564 0.9996983023765041 0.9997107097940143 0.9997249491887708 0.9997411565561448 0.9997594365693697 0.9997795888669403 0.9998012415278129 0.9998237759358404 0.999846061926908 0.9998659590766246 0.9998828085400094 0.9998968736359096 0.9999086401783618 0.9999186643896881 0.9999273310265916 0.9999349582881872 0.9999417727551616 0.9999479450322056 0.9999535768340896 0.9999587486810935 0.999963509473947 0.9999679019303491 0.9999719654651649 0.9999757362999975 0.9999792476197212 0.9999825297290139 0.9999856101775823 0.9999885136818965 0.9999911307162179 0.9999935330350109 0.9999957863505877 0.9999979402054612 0.9999999999999999 1.0
0.0 0.0015 0.0035 0.0075 0.015 0.035 0.07499999 0.15 0.25 0.35 0.45 0.55 0.65 0.75 0.85 0.95 1.05 1.15 1.25 1.35 1.45 1.55 1.65 1.75 1.85 1.95 2.1 2.3 2.5 2.7 2.9 3.1 3.300001 3.500001 3.700001 3.9 4.25 4.75 5.25 5.75 6.25 6.75 7.25 7.75 8.25 8.75 9.25 9.75 10.25 10.75 11.25 11.75 12.25 12.75 13.25 13.75 14.25 14.75 15.25 15.75 16.25 16.75 17.25 17.75 18.25 18.75 19.25 19.75 20.5 21.5 22.5 23.5 24.5 25.5 26.5 27.5 28.5 29.5 30.5 31.5 32.5 33.5 34.5 35.5 36.5 37.5 38.5 39.5 41.0 43.0 45.0 47.0 49.0 51.0 53.0 54.25 54.75 54.99945
0.009142485348652406 0.018356670408622548 0.02778593547794798 0.03800811912675931 0.04907881496749283 0.062470899127790656 0.08012422579243407 0.10665031403896831 0.1368354956683285 0.16816346764638496 0.19799423860196186 0.22579432787608694 0.2514093043405581 0.278805370546463 0.30320520193344136 0.33728513980349395 0.37179552456122594 0.40502060884142943 0.43530993984362776 0.46242449196815355 0.4888348923344381 0.5139693792133398 0.5375403186521452 0.5682428206552353 0.601810713353151 0.6358949064462406 0.6652905290504828 0.6935768931010481 0.7197607626049729 0.746531948511014 0.7811177957447044 0.8135759677111599 0.8445293844389575 0.8732537177190507 0.8986682365229927 0.9217792771933222 0.9399453343281948 0.9554539823643361 0.9677010561288625 0.9768456356209871 0.9841984012533945 0.9895099411760303 0.9933987225735893 0.9960397227673055 0.9979117945959096 0.9986725271145831 0.9990924545171768 0.9993469151017101 0.9995237538838084 0.999606079381102 0.9996164008469135 0.9996255466440049 0.9996324503688594 0.9996382321969883 0.9996441981471836 0.9996505415053818 0.9996574258825179 0.9996650112558537 0.9996734732210723 0.9996830497359833 0.9996939287953844 0.9997064076433386 0.999720698196328 0.99973692223023 0.9997551779339177 0.9997752609929365 0.999796808996156 0.999819198481684 0.9998412996638982 0.999861013299434 0.9998776980767742 0.9998916194931494 0.9999032611618297 0.9999131752418311 0.9999217430138876 0.999929279460127 0.9999360088005226 0.9999420995865309 0.9999476523019768 0.9999527464733132 0.9999574304538985 0.9999617465409686 0.9999657337805774 0.9999694280632204 0.9999728622672689 0.9999760664342787 0.9999790679124249 0.9999818915318105 0.999984424776051 0.9999867409879795 0.9999889004738279 0.9999909509654054 0.9999929317000119 0.9999948758110134 0.9999967749792097 0.9999984657849119 1.0 1.0
0.0 0.0015 0.0035 0.0075 0.015 0.035 0.07499999 0.15 0.25 0.35 0.45 0.55 0.65 0.75 0.85 0.95 1.05 1.15 1.25 1.35 1.45 1.55 1.65 1.75 1.85 1.95 2.1 2.3 2.5 2.7 2.9 3.1 3.300001 3.500001 3.700001 3.9 4.25 4.75 5.25 5.75 6.25 6.75 7.25 7.75 8.25 8.75 9.25 9.75 10.25 10.75 11.25 11.75 12.25 12.75 13.25 13.75 14.25 14.75 15.25 15.75 16.25 16.75 17.25 17.75 18.25 18.75 19.25 19.75 20.5 21.5 22.5 23.5 24.5 25.5 26.5 27.5 28.5 29.5 30.5 31.5 32.5 33.5 34.5 35.5 36.5 37.5 38.5 39.5 41.0 43.0 45.0 47.0 49.0 51.0 53.0 55.0 57.0 59.0 59.9994
0.008593877624935046 0.01724826316788978 0.026084159513722505 0.035661794283642106 0.04597101537057718 0.05824800005771721 0.0741462871520366 0.09798096088014895 0.12655702962478813 0.1559422072186102 0.1850544224821321 0.21349539421909944 0.2394231892669142 0.26538949788947447 0.2926440443053826 0.32511573118592446 0.35818372282147953 0.3900489382698581 0.42093575674332284 0.45097749446214674 0.47763395533564273 0.5030150972189212 0.5277211264102966 0.5589210396864425 0.5912974868190953 0.624878005257033 0.6556120483606476 0.6842598342705337 0.7114710751746957 0.7391932077946284 0.7740603127503258 0.8074767073459895 0.8390068757397513 0.8686348394119503 0.8948027169790908 0.9187245521558915 0.9375998948678033 0.9536478571430009 0.9662915820437654 0.9758069896263766 0.9835762558383724 0.9892898134550192 0.9932956445230405 0.9961429487329528 0.9977675060344587 0.9985793040345038 0.9990238444212401 0.999329280381098 0.9995243580318297 0.9995884098786629 0.9996067239819426 0.9996217345141406 0.9996300547090258 0.9996365237268429 0.9996428514796523 0.9996495441157999 0.9996567461542772 0.9996646212818245 0.9996733483056854 0.999683155943718 0.9996942324251502 0.999706856475588 0.999721234423535 0.9997374934981563 0.9997557289230109 0.9997757360694376 0.9997971605607442 0.999819381711577 0.9998412897676072 0.9998608183678931 0.9998773414847187 0.999891123629769 0.9999026434786966 0.9999124493683197 0.9999209205415983 0.9999283693810203 0.999935017999341 0.9999410331268281 0.9999465140666625 0.9999515393191903 0.9999561566418921 0.9999604077861377 0.9999643313464468 0.9999679627928665 0.9999713346652395 0.9999744766541481 0.9999774157951831 0.9999801766308324 0.9999826453202145 0.9999848943575655 0.9999869823955467 0.999988956608835 0.9999908547663126 0.9999927073518217 0.9999945376612993 0.9999963670641943 0.9999982114580812 0.9999999999999999 1.0
0.0 0.0015 0.0035 0.0075 0.015 0.035 0.07499999 0.15 0.25 0.35 0.45 0.55 0.65 0.75 0.85 0.95 1.05 1.15 1.25 1.35 1.45 1.55 1.65 1.75 1.85 1.95 2.1 2.3 2.5 2.7 2.9 3.1 3.300001 3.500001 3.700001 3.9 4.25 4.75 5.25 5.75 6.25 6.75 7.25 7.75 8.25 8.75 9.25 9.75 10.25 10.75 11.25 11.75 12.25 12.75 13.25 13.75 14.25 14.75 15.25 15.75 16.25 16.75 17.25 17.75 18.25 18.75 19.25 19.75 20.5 21.5 22.5 23.5 24.5 25.5 26.5 27.5 28.5 29.5 30.5 31.5 32.5 33.5 34.5 35.5 36.5 37.5 38.5 39.5 41.0 43.0 45.0 47.0 49.0 51.0 53.0 55.0 57.0 59.0 61.0 63.0 65.0 67.0 69.0 69.9993
0.007444645508883068 0.014934631666729118 0.022559908741727308 0.03086390239334997 0.03974089059690247 0.05010129778659705 0.06321131788241732 0.08266949770040341 0.10832909520472142 0.13489720302171093 0.16190231537377583 0.18959526788968611 0.2168032199871117 0.24266138869533874 0.2685703093531092 0.30076884181350433 0.3341255438456495 0.36396115292276476 0.3937891996232925 0.4231135248219609 0.45180027445316945 0.47903911465763505 0.5049086269307435 0.5350222121659376 0.5665107046858824 0.5995332000886997 0.6321562675654413 0.6623101854757691 0.6914462915238129 0.7208950598305506 0.7563588920592205 0.7913686623922894 0.8247355316196247 0.8560753814264199 0.8845087410261 0.9097868418394957 0.9300875040199028 0.9474561991867353 0.961177096299605 0.9715664102536736 0.9801863247080355 0.9866797946560679 0.991309547143593 0.9946381120738715 0.9966312722136366 0.9977854286842108 0.9984881311027374 0.9990412777771809 0.9993754439057809 0.9994972506013189 0.9995532488235803 0.9995996214848683 0.9996166850633477 0.9996248286673945 0.9996321112528537 0.9996395913339788 0.9996475465172118 0.9996561133622682 0.9996654842223982 0.9996758729448063 0.9996874587746231 0.9997005199568908 0.9997152503741402 0.999731760655538 0.9997501296682694 0.9997701528248396 0.9997914822559256 0.9998135037284959 0.9998351037246109 0.9998543052709782 0.9998705464326011 0.9998841020262448 0.999895449405925 0.9999051269288284 0.9999135030171368 0.9999208819976896 0.9999274789276714 0.9999334552554199 0.9999389061660483 0.9999439066783326 0.9999485017463999 0.9999527307618299 0.9999566305954097 0.9999602362693455 0.9999635801169985 0.9999666916316376 0.9999695976849073 0.9999723226612711 0.9999747495287498 0.9999769500963103 0.9999789821741205 0.9999808919262881 0.9999827159547158 0.9999844831980979 0.9999862164107853 0.9999879334904027 0.9999896485533863 0.999991372691222 0.9999931148275137 0.999994881600348 0.9999966798326688 0.9999984829721319 1.0 1.0
0.0 0.0015 0.0035 0.0075 0.015 0.035 0.07499999 0.15 0.25 0.35 0.45 0.55 0.65 0.75 0.85 0.95 1.05 1.15 1.25 1.35 1.45 1.55 1.65 1.75 1.85 1.95 2.1 2.3 2.5 2.7 2.9 3.1 3.300001 3.500001 3.700001 3.9 4.25 4.75 5.25 5.75 6.25 6.75 7.25 7.75 8.25 8.75 9.25 9.75 10.25 10.75 11.25 11.75 12.25 12.75 13.25 13.75 14.25 14.75 15.25 15.75 16.25 16.75 17.25 17.75 18.25 18.75 19.25 19.75 20.5 21.5 22.5 23.5 24.5 25.5 26.5 27.5 28.5 29.5 30.5 31.5 32.5 33.5 34.5 35.5 36.5 37.5 38.5 39.5 41.0 43.0 45.0 47.0 49.0 51.0 53.0 55.0 57.0 59.0 61.0 63.0 65.0 67.0 69.0 71.0 73.0 75.0 77.0 78.25 78.75 79.25 79.75 79.9992
0.006347376996648036 0.01272817801289176 0.01920920053263292 0.026268819625878993 0.03377626270461711 0.042398420284066186 0.05312148660224209 0.06879022524006757 0.09054183036928508 0.11409315151112466 0.13851527880059056 0.16413594997742043 0.1906080070975113 0.21765895714970152 0.24378713370308683 0.2751424657124101 0.30711988927718753 0.3384824384899284 0.3706610023760406 0.3993918872701222 0.42833949746103456 0.4560242190838717 0.48262540138684756 0.5136623222357288 0.5456798239421902 0.5779615031863101 0.6101600799939765 0.6417712392017385 0.6726339360628041 0.7025839879158512 0.7383834611088754 0.7744426838935002 0.8092161984982776 0.8419331064876259 0.8721543438874474 0.8992802203654564 0.9211079896534459 0.9398380271508672 0.9548525053794547 0.9662311918698313 0.9762433165826531 0.9836114223099989 0.9890180072052999 0.9927844460149422 0.9953112534330298 0.9967966114248106 0.9979883986848784 0.9988298109411363 0.9992315401824915 0.9993826016542086 0.9994911569357103 0.9995565859402201 0.9995817567216179 0.999595820697643 0.9996036463252549 0.9996116822977377 0.9996202656445443 0.9996295581251687 0.9996397776154767 0.9996511237739963 0.9996638015239795 0.9996781164983012 0.9996942280507211 0.9997122121362033 0.9997320427100576 0.9997534404978907 0.9997759647970399 0.9997988795922195 0.999820927451346 0.9998402599684331 0.9998564802147255 0.9998699616543512 0.9998812283016032 0.9998908334405449 0.9998991545099953 0.9999064951206182 0.9999130694002144 0.9999190371906636 0.9999244920018187 0.9999295073654767 0.9999341268114855 0.9999383884480736 0.9999423278034066 0.9999459777907216 0.9999493687954907 0.9999525287625861 0.9999554832660112 0.9999582556134979 0.9999607252045313 0.9999629612475591 0.9999650205039691 0.9999669495717917 0.9999687852343585 0.9999705562733189 0.9999722850428273 0.9999739888258197 0.9999756809131072 0.9999773714994256 0.9999790683946955 0.9999807776010501 0.9999825037678327 0.9999842505402541 0.9999860208296015 0.9999878170939083 0.9999896410415942 0.9999914951655582 0.9999933509805095 0.9999950610863996 0.9999966419764559 0.9999982015914518 1.0 1.0
0.0 0.0015 0.0035 0.0075 0.015 0.035 0.07499999 0.15 0.25 0.35 0.45 0.55 0.65 0.75 0.85 0.95 1.05 1.15 1.25 1.35 1.45 1.55 1.65 1.75 1.85 1.95 2.1 2.3 2.5 2.7 2.9 3.1 3.300001 3.500001 3.700001 3.9 4.25 4.75 5.25 5.75 6.25 6.75 7.25 7.75 8.25 8.75 9.25 9.75 10.25 10.75 11.25 11.75 12.25 12.75 13.25 13.75 14.25 14.75 15.25 15.75 16.25 16.75 17.25 17.75 18.25 18.75 19.25 19.75 20.5 21.5 22.5 23.5 24.5 25.5 26.5 27.5 28.5 29.5 30.5 31.5 32.5 33.5 34.5 35.5 36.5 37.5 38.5 39.5 41.0 43.0 45.0 47.0 49.0 51.0 53.0 55.0 57.0 59.0 61.0 63.0 65.0 67.0 69.0 71.0 73.0 75.0 77.0 79.0 81.0 83.0 85.0 87.0 89.0 91.0 93.0 95.0 97.0 98.25 98.75 99.25 99.75 99.999
0.005854216910833837 0.011732834122428726 0.01768413078416843 0.024183124178887752 0.03103527972516668 0.038719444177157725 0.047978341026892836 0.060902726219247284 0.07834116156342638 0.09900257730631641 0.12078054100507263 0.1437995973862101 0.16751291697398982 0.19178208624467352 0.21696899298226902 0.24646408239712922 0.27517823777098527 0.3031364156202124 0.3311455859995992 0.3595246946521472 0.3886943064498521 0.41773529338676646 0.4473661250266914 0.4779361560057481 0.5091633264585106 0.5410302546470341 0.5745100068545932 0.6087165535636005 0.6432693444924654 0.6762111776520531 0.7134013454206769 0.7508981270466446 0.7882781033936241 0.8230404814889692 0.8554480366172705 0.8854049679576036 0.9095639553062844 0.9300891897065195 0.9468087035617112 0.9596842460704411 0.9704986474564402 0.9791022290001254 0.9855749064435966 0.9900009501117225 0.993197336451378 0.9953980602484309 0.9971442594657545 0.99831348982264 0.998870908253135 0.9991188270918558 0.9992849712573454 0.999377157957537 0.9994160956120524 0.9994423275820614 0.999461519948203 0.9994793483236265 0.9994976323750328 0.9995166684884984 0.9995365894239082 0.9995576676171339 0.9995800543807783 0.9996040069645631 0.9996295822708092 0.9996568320787992 0.999685417536126 0.9997152601505204 0.9997450764178594 0.999774561517349 0.9998011155069242 0.9998230199730821 0.9998404411584236 0.9998543643879315 0.9998656846198476 0.9998751602468432 0.9998832767683041 0.9998903910953483 0.9998967429678833 0.9999025032758382 0.9999077711317123 0.9999126211854958 0.9999170969830166 0.9999212356297108 0.9999250710840057 0.999928634486657 0.999931954453494 0.9999350572217931 0.9999379668515388 0.9999407052986106 0.9999431596914912 0.9999453959710054 0.9999474676546096 0.9999494175928619 0.9999512796161134 0.9999530800092111 0.9999548388489771 0.9999565711568923 0.9999582878651553 0.9999599966327085 0.9999617025148932 0.999963408567236 0.99996511754337 0.9999668316644985 0.9999685523559239 0.9999702804830738 0.9999720165253182 0.9999737607223422 0.9999755131711177 0.9999772739137266 0.9999790429904216 0.9999808204853665 0.9999826065522528 0.9999844014362544 0.9999862055142806 0.9999880189125776 0.999989842747236 0.999991677709866 0.9999934976473557 0.9999950588915248 0.999996496941254 0.9999980800315232 1.0 1.0
0.0 0.0015 0.0035 0.0075 0.015 0.035 0.07499999 0.15 0.25 0.35 0.45 0.55 0.65 0.75 0.85 0.95 1.05 1.15 1.25 1.35 1.45 1.55 1.65 1.75 1.85 1.95 2.1 2.3 2.5 2.7 2.9 3.1 3.300001 3.500001 3.700001 3.9 4.25 4.75 5.25 5.75 6.25 6.75 7.25 7.75 8.25 8.75 9.25 9.75 10.25 10.75 11.25 11.75 12.25 12.75 13.25 13.75 14.25 14.75 15.25 15.75 16.25 16.75 17.25 17.75 18.25 18.75 19.25 19.75 20.5 21.5 22.5 23.5 24.5 25.5 26.5 27.5 28.5 29.5 30.5 31.5 32.5 33.5 34.5 35.5 36.5 37.5 38.5 39.5 41.0 43.0 45.0 47.0 49.0 51.0 53.0 55.0 57.0 59.0 61.0 63.0 65.0 67.0 69.0 71.0 73.0 75.0 77.0 79.0 81.0 83.0 85.0 87.0 89.0 91.0 93.0 95.0 97.0 99.0 101.0 103.0 105.0 107.0 109.0 111.0 113.0 115.0 117.0 118.25 118.75 119.25 119.75 119.9988
0.004955694152104765 0.009928616837799723 0.014953298183552888 0.02043723597916913 0.026200266021359768 0.032589550664026606 0.040176532738409945 0.05052957789461573 0.06425842548889073 0.08040669099393825 0.09894360106876461 0.11898232170528134 0.1400980900504496 0.1623430473642812 0.18545496848257945 0.212337806279499 0.2400168941809134 0.2678099930232829 0.2951592566933171 0.3225618344171909 0.3506099101733793 0.37867229016904 0.40700527792084623 0.43924501494787527 0.4724959309679215 0.5059063277224065 0.5394592285400213 0.5745258216666299 0.6102041325180898 0.6460519409168448 0.6855794764675853 0.7257242284158775 0.7646105533609193 0.8018225709209572 0.8371496973124701 0.8699138654417642 0.8963645575523689 0.919421703431075 0.9380301058640702 0.9523930292478232 0.9644574324609239 0.9742480691435883 0.9815342296011665 0.9866945089847559 0.9905508031314209 0.9935748404804678 0.9956767042749559 0.9970527515402313 0.9979135541396157 0.9984671774260812 0.9986840917968752 0.9988396803938964 0.998947937339167 0.9990006188533848 0.9990311532136033 0.9990628061499678 0.9990957355089917 0.9991324864455423 0.9991715871994965 0.9992135659125995 0.9992610248413196 0.9993115314959014 0.999366932930493 0.9994273227763392 0.9994904513841649 0.9995561414890672 0.9996223076329067 0.9996857127124579 0.9997401155419443 0.9997793474180936 0.9998075842559777 0.9998279112724084 0.9998427468259369 0.9998541312894313 0.9998633847288625 0.9998711614670556 0.9998778512560839 0.9998837695390349 0.9998891035783984 0.9998939640397693 0.9998984111009288 0.9999025033631163 0.9999062867767782 0.9999097976408452 0.9999130666209917 0.9999161230562896 0.9999189919407057 0.9999216950189911 0.9999241252977418 0.9999263472806182 0.9999284132626894 0.999930365118463 0.9999322360610754 0.9999340520573358 0.9999358331120305 0.999937594348432 0.9999393469215402 0.9999410988082756 0.9999428554457873 0.9999446202697845 0.9999463951452016 0.9999481807218816 0.999949976724891 0.9999517821736974 0.9999535955686625 0.9999554150333164 0.9999572384277908 0.9999590634411053 0.9999608876584581 0.9999627088496182 0.9999645260532793 0.9999663385907592 0.999968145894887 0.9999699475234616 0.9999717431688651 0.9999735326580623 0.9999753159564462 0.9999770931659151 0.999978864521028 0.9999806303966943 0.999982391294716 0.9999841478437876 0.9999859008091089 0.9999876508578264 0.9999893993069301 0.9999911472657674 0.9999928729376768 0.9999944456484319 0.9999960751647058 0.9999979083510474 0.9999999999999999 1.0
0.0 0.0015 0.0035 0.0075 0.015 0.035 0.07499999 0.15 0.25 0.35 0.45 0.55 0.65 0.75 0.85 0.95 1.05 1.15 1.25 1.35 1.45 1.55 1.65 1.75 1.85 1.95 2.1 2.3 2.5 2.7 2.9 3.1 3.300001 3.500001 3.700001 3.9 4.25 4.75 5.25 5.75 6.25 6.75 7.25 7.75 8.25 8.75 9.25 9.75 10.25 10.75 11.25 11.75 12.25 12.75 13.25 13.75 14.25 14.75 15.25 15.75 16.25 16.75 17.25 17.75 18.25 18.75 19.25 19.75 20.5 21.5 22.5 23.5 24.5 25.5 26.5 27.5 28.5 29.5 30.5 31.5 32.5 33.5 34.5 35.5 36.5 37.5 38.5 39.5 41.0 43.0 45.0 47.0 49.0 51.0 53.0 55.0 57.0 59.0 61.0 63.0 65.0 67.0 69.0 71.0 73.0 75.0 77.0 79.0 81.0 83.0 85.0 87.0 89.0 91.0 93.0 95.0 97.0 99.0 101.0 103.0 105.0 107.0 109.0 111.0 113.0 115.0 117.0 119.0 121.0 123.0 125.0 127.0 129.0 131.0 133.0 135.0 136.25 136.75 137.25 137.75 138.25 138.75 139.25 139.75 139.9986
0.0037600145290100995 0.007536009667222426 0.01136000718094192 0.01560794696603743 0.020121019952581396 0.025228178847400355 0.031466049601205845 0.04021473683856924 0.051928715118819475 0.06580466315396397 0.08194401078690079 0.10064994153800864 0.12053960392629733 0.14166389855344408 0.16383865888879678 0.18922257904583328 0.2151160501507463 0.24109701297186495 0.26770829961970094 0.2947563586390264 0.32214883429896307 0.34957360217249356 0.3772343252142272 0.4082615317057468 0.44005374073730336 0.47272690153833197 0.5075532465938939 0.5451989440877957 0.5818452783015037 0.6191855520027085 0.6597090912068219 0.7003923355897899 0.7414436304771932 0.7808288691521253 0.8178052701540287 0.8529660414466214 0.8829713002910651 0.9080209556721388 0.9279221282163103 0.9438653793639356 0.9571380745386711 0.9683175440264635 0.9769966697992192 0.9831387759753489 0.9877385051170718 0.991197031466917 0.9938220009255289 0.9956545834414974 0.996722693009732 0.997277100667859 0.9975646731230549 0.997722869851882 0.9977910175230132 0.997850753476156 0.9979134155075031 0.9979773371370066 0.9980464101818837 0.9981268089133736 0.9982117463154839 0.9983020127401427 0.9984134396468906 0.998531422074824 0.9986562032246772 0.9988007673918832 0.9989544853925113 0.9991125319625453 0.9992725982087134 0.9994269786033728 0.9995593344974034 0.9996576031344169 0.9997209095972515 0.999765827259055 0.9997939243104504 0.9998143792076724 0.9998296338071824 0.9998408433831046 0.9998500716097138 0.9998575765219794 0.9998639587348914 0.9998695704757697 0.9998744385269691 0.9998788311762363 0.9998827961554999 0.9998864028930188 0.9998897321193272 0.9998928083966899 0.9998956810312807 0.9998983753321219 0.9999007892356359 0.9999029948745549 0.9999050477309384 0.9999069907029736 0.9999088572110838 0.9999106731475691 0.9999124584225976 0.999914228100487 0.9999159933462701 0.9999177621825437 0.9999195401393494 0.999921330764794 0.9999231360589766 0.9999249568150749 0.9999267929079562 0.9999286435101329 0.9999305072794595 0.9999323824983942 0.9999342671890389 0.9999361591979063 0.9999380562786696 0.9999399561305085 0.9999418564505845 0.999943754966333 0.9999456494617011 0.9999475377912745 0.9999494179024797 0.9999512878376009 0.9999531457499274 0.999954989905771 0.9999568186885026 0.9999586310970636 0.9999604271415453 0.9999622069813907 0.9999639709132843 0.9999657193610615 0.9999674528797446 0.9999691721494887 0.9999708779715439 0.9999725712702752 0.9999742530850879 0.9999759245785018 0.9999775870280777 0.9999792418365085 0.9999808905255649 0.9999825346129809 0.9999841760766545 0.9999857955170383 0.9999873096646232 0.9999887247679526 0.9999900993607 0.9999916293617437 0.9999933464981833 0.999995358539227 0.9999976967175002 1.0 1.0
0.0 0.0015 0.0035 0.0075 0.015 0.035 0.07499999 0.15 0.25 0.35 0.45 0.55 0.65 0.75 0.85 0.95 1.05 1.15 1.25 1.35 1.45 1.55 1.65 1.75 1.85 1.95 2.1 2.3 2.5 2.7 2.9 3.1 3.300001 3.500001 3.700001 3.9 4.25 4.75 5.25 5.75 6.25 6.75 7.25 7.75 8.25 8.75 9.25 9.75 10.25 10.75 11.25 11.75 12.25 12.75 13.25 13.75 14.25 14.75 15.25 15.75 16.25 16.75 17.25 17.75 18.25 18.75 19.25 19.75 20.5 21.5 22.5 23.5 24.5 25.5 26.5 27.5 28.5 29.5 30.5 31.5 32.5 33.5 34.5 35.5 36.5 37.5 38.5 39.5 41.0 43.0 45.0 47.0 49.0 51.0 53.0 55.0 57.0 59.0 61.0 63.0 65.0 67.0 69.0 71.0 73.0 75.0 77.0 79.0 81.0 83.0 85.0 87.0 89.0 91.0 93.0 95.0 97.0 99.0 101.0 103.0 105.0 107.0 109.0 111.0 113.0 115.0 117.0 119.0 121.0 123.0 125.0 127.0 129.0 131.0 133.0 135.0 137.0 139.0 141.0 143.0 145.0 147.0 149.0 151.0 153.0 155.0 156.25 156.75 157.25 157.75 158.25 158.75 159.25 159.75 159.9984
0.0042315754578491046 0.008474690143479596 0.012752131625138032 0.01740963517350541 0.022282382779585292 0.02760837049319013 0.03383105498153333 0.042004515613712906 0.052454477124311644 0.06451829611427594 0.07835225650285024 0.09432223803054213 0.11237362712691075 0.13171049749878413 0.15217607553172363 0.17547014346996165 0.19933989624142082 0.22367467110306896 0.2486985140698272 0.274249428111852 0.30083338974219814 0.3278464206275348 0.3549901415337179 0.3852445779160783 0.41637387359731587 0.44838148155636404 0.482438212777418 0.5198719573954294 0.5592618668971279 0.599085324062858 0.6404362116916055 0.6813000618735698 0.7222217756116016 0.7621367890369319 0.8003530414627084 0.8375443032510083 0.8697599898133034 0.8965453333604798 0.9184526221775914 0.9350418588545016 0.9483875596510218 0.9594245506001743 0.9684451085806056 0.9758354838158169 0.9815974844111403 0.9857918493123733 0.9889936773926757 0.9913068740199427 0.9930335650150965 0.9939299256998854 0.9946040392671417 0.9949696187031178 0.9952344540257303 0.9954015240048057 0.9955533039838923 0.9957127376477384 0.9958789427079089 0.9960550663977479 0.9962688687844379 0.9964928926165852 0.9967271378941902 0.9969842077810884 0.9972815699559828 0.997588829833401 0.9979053359513171 0.9982345226635059 0.9985645117224358 0.9988886487145235 0.9991644544651148 0.9993849106375738 0.9995313326397127 0.999637186324812 0.9997014104773463 0.9997492825772802 0.9997792678277958 0.9998033338353336 0.9998193600522854 0.9998328735887854 0.9998427741583278 0.9998512499869081 0.9998579239045908 0.9998636979550363 0.9998685059247576 0.99987273737256 0.9998764384637251 0.9998797640381996 0.9998827806233772 0.999885538235135 0.9998879508838338 0.9998901223681128 0.9998921290427538 0.999894023066573 0.9998958417045375 0.9998976123230751 0.9998993552487215 0.9999010855720412 0.9999028143614012 0.9999045495460968 0.9999062965797417 0.9999080589780966 0.9999098387376112 0.9999116366723511 0.999913452690237 0.9999152860127792 0.9999171353487728 0.9999189990345099 0.9999208751467856 0.9999227615928855 0.9999246561796449 0.9999265566678591 0.999928460816231 0.9999303664169468 0.9999322713186959 0.9999341734475983 0.9999360708218534 0.9999379615601107 0.9999398438982122 0.9999417161850058 0.9999435768907173 0.9999454246132281 0.9999472580738896 0.9999490761196159 0.999950877724977 0.9999526619921985 0.9999544281448833 0.9999561755321971 0.9999579036288686 0.9999596120289111 0.999961300460272 0.9999629694628713 0.9999646200726028 0.9999662534341813 0.9999678708095139 0.9999694735672354 0.9999710631868953 0.999972641263142 0.9999742095015378 0.9999757697290226 0.9999773131352682 0.9999788410470556 0.9999803547681458 0.999981855581373 0.9999833445979686 0.9999848232681836 0.9999862928016072 0.9999877371094502 0.9999889826491766 0.9999901104339505 0.9999913229401786 0.9999927928837741 0.9999946537862008 0.9999968953764158 0.999998980408566 1.0 1.0
0.0 0.0015 0.0035 0.0075 0.015 0.035 0.07499999 0.15 0.25 0.35 0.45 0.55 0.65 0.75 0.85 0.95 1.05 1.15 1.25 1.35 1.45 1.55 1.65 1.75 1.85 1.95 2.1 2.3 2.5 2.7 2.9 3.1 3.300001 3.500001 3.700001 3.9 4.25 4.75 5.25 5.75 6.25 6.75 7.25 7.75 8.25 8.75 9.25 9.75 10.25 10.75 11.25 11.75 12.25 12.75 13.25 13.75 14.25 14.75 15.25 15.75 16.25 16.75 17.25 17.75 18.25 18.75 19.25 19.75 20.5 21.5 22.5 23.5 24.5 25.5 26.5 27.5 28.5 29.5 30.5 31.5 32.5 33.5 34.5 35.5 36.5 37.5 38.5 39.5 41.0 43.0 45.0 47.0 49.0 51.0 53.0 55.0 57.0 59.0 61.0 63.0 65.0 67.0 69.0 71.0 73.0 75.0 77.0 79.0 81.0 83.0 85.0 87.0 89.0 91.0 93.0 95.0 97.0 99.0 101.0 103.0 105.0 107.0 109.0 111.0 113.0 115.0 117.0 119.0 121.0 123.0 125.0 127.0 129.0 131.0 133.0 135.0 137.0 139.0 141.0 143.0 145.0 147.0 149.0 151.0 153.0 155.0 157.0 159.0 161.0 163.0 165.0 167.0 169.0 171.0 173.0 175.0 177.0 179.0 181.0 183.0 185.0 187.0 189.0 191.0 193.0 195.0 196.25 196.75 197.25 197.75 198.25 198.75 199.25 199.75 199.998
0.003629274330407251 0.007266304355815725 0.010926327365767223 0.014906405351299324 0.01906922746197902 0.023591038047276452 0.02882814748550535 0.035560647934388685 0.043990320020738403 0.05361086424614036 0.06460726022720396 0.07722746328473457 0.0915254487422285 0.10772063851188288 0.1257560489053095 0.14632029666830354 0.16768207117569772 0.18975154161832805 0.2127095221844922 0.23654260217214432 0.2617846259292684 0.2877547908199226 0.3145140280284736 0.3441690692019947 0.3746046002035791 0.40601192967440725 0.43946577855997 0.4760466418892328 0.5149294548084009 0.554797591481838 0.5984330367815934 0.6426876121136452 0.6875920976116888 0.7308440269390489 0.7704768191595954 0.8089107813408306 0.8435634377984539 0.8733308601608397 0.8967407919455572 0.9152097708528731 0.931246186807336 0.9444666698736809 0.9544751448862746 0.9623453217643192 0.9682711086099205 0.972814445068279 0.9761745999275588 0.9783209586377036 0.9798376333244546 0.9808020726456749 0.9813468722498567 0.9817820525643236 0.9822146952028046 0.9826619912069771 0.9831220452395575 0.9835834816820843 0.9840769002562282 0.9847589329741551 0.985481197124202 0.9862435383563556 0.9870471622632975 0.9879324961915754 0.9890805614775401 0.9902700774933297 0.9914995452239661 0.9927649347186599 0.994063619780457 0.9953365322094331 0.996527947831284 0.9974903111785236 0.9981641925531615 0.9987350060884388 0.9990241685940696 0.9992611994388106 0.9994212502925419 0.9995285635436273 0.9996177565075389 0.999672320023663 0.999719460809444 0.9997535216111119 0.9997795519433004 0.9998012338064842 0.9998157997745699 0.999828557263764 0.9998378536504937 0.9998454060393419 0.9998517583624519 0.9998565619505575 0.9998601327156732 0.9998628994452818 0.9998652035067933 0.9998672358156719 0.9998691113413336 0.9998709052434729 0.9998726550289185 0.9998743859351332 0.999876114111577 0.9998778500774164 0.999879600851421 0.9998813705720583 0.9998831615646886 0.9998849748223647 0.9998868103518265 0.9998886674296286 0.9998905447863713 0.9998924407572314 0.9998943534010384 0.9998962805856502 0.9998982200710819 0.99990016955444 0.9999021267193512 0.999904089274156 0.9999060549743758 0.9999080216474276 0.9999099872150907 0.9999119496935068 0.9999139072156474 0.9999158580335603 0.9999178005228633 0.9999197331939778 0.9999216546898816 0.9999235637883563 0.9999254594019871 0.9999273405849026 0.9999292065305287 0.9999310565670944 0.9999328901643726 0.9999347069291865 0.9999365066031626 0.9999382890627311 0.9999400543191256 0.9999418025161365 0.9999435339233709 0.9999452489452391 0.9999469481052282 0.9999486320548886 0.9999503015626 0.9999519575203125 0.9999535895593896 0.9999551981201896 0.9999567836318369 0.9999583465054823 0.999959887138796 0.999961405915968 0.999962903209955 0.9999643793757391 0.9999658347570695 0.9999672696842146 0.9999686847166092 0.9999700808540456 0.9999714590873299 0.999972820380307 0.9999741656766014 0.9999754958996173 0.9999768119547847 0.9999781147295601 0.9999794050911794 0.9999806838956449 0.9999819519787383 0.9999832101650077 0.9999844592655207 0.9999857000801118 0.9999869333209925 0.9999881598733728 0.9999893668230765 0.9999902751448219 0.9999915331243926 0.9999930005638964 0.9999947071538055 0.9999964331554193 0.999997599553982 0.9999980134973524 0.9999985297857905 1.0 1.0
