0.25 0.5 1.0 2.0 3.0 4.0 5.0 6.0 7.0 8.0 9.0 10.0 12.0 14.0 16.0 18.0 20.0 22.0 24.0 26.0 28.0 30.0 35.0 40.0 45.0 50.0 55.0 60.0 70.0 80.0 100.0 120.0 140.0 160.0 200.0
0.01760401 0.003133647 0.0004180945 0.0001178454 9.388396e-05 9.314111e-05 0.0002762545 0.008577324 0.03523665 0.05730209 0.06366792 0.06215264 0.04460252 0.04859434 0.07699397 0.1147256 0.1637082 0.1999534 0.2168955 0.2152883 0.208266 0.1998121 0.1719166 0.149887 0.1346985 0.124716 0.1143075 0.1112348 0.1003362 0.0992556 0.08106399 0.07529156 0.07038759 0.06653375 0.03925946
0.0 0.0015
1.0 1.0
0.0 0.0015 0.0035 0.0075 0.015 0.035 0.07499999 0.15 0.25 0.35 0.45 0.499995
6.033070711575058e-06 1.7738199927970503e-05 4.645881133789998e-05 0.00010353853662635527 0.00021748978292884983 0.001580400648487801 0.007970716060899528 0.04717681504468873 0.16081890954577768 0.3919112330722895 1.0 1.0
0.0 0.0015 0.0035 0.0075 0.015 0.035 0.07499999 0.15 0.25 0.35 0.45 0.55 0.65 0.75 0.85 0.95 0.99999
9.059088444909606e-07 2.548928755912416e-06 6.403299381901819e-06 1.3943251613208393e-05 2.8879438026157584e-05 0.00017783270575074336 0.0008254716682726652 0.005144219201517399 0.01730166984068121 0.04237426087328458 0.10844343261467734 0.21662314005996686 0.36063813580386817 0.5380301861818879 0.7519800557065436 1.0 1.0
0.0 0.0015 0.0035 0.0075 0.015 0.035 0.07499999 0.15 0.25 0.35 0.45 0.55 0.65 0.75 0.85 0.95 1.05 1.15 1.25 1.35 1.45 1.55 1.65 1.75 1.85 1.95 1.99998
7.512330172955673e-07 1.6710526291462322e-06 3.096577321214369e-06 5.3649501013975825e-06 9.330487918595469e-06 3.094391446892477e-05 0.00014016349796009482 0.0007747911174620656 0.00259000242222268 0.006219339451253534 0.01512457691393268 0.030066125745671985 0.04949480033795258 0.07386394136714683 0.10295558388857522 0.13679740973316093 0.1753481649559438 0.21820267620952075 0.26529291315438613 0.3319670598721674 0.43931106963339517 0.5490342077933855 0.6610549850781434 0.773232798984663 0.8864683700762023 1.0 1.0
0.0 0.0015 0.0035 0.0075 0.015 0.035 0.07499999 0.15 0.25 0.35 0.45 0.55 0.65 0.75 0.85 0.95 1.05 1.15 1.25 1.35 1.45 1.55 1.65 1.75 1.85 1.95 2.1 2.3 2.5 2.7 2.9 2.99997
1.7628851409097684e-06 3.706515983287929e-06 6.192383930071265e-06 9.581966877568144e-06 1.4800847057898277e-05 3.2354736679284884e-05 0.00011570508610093708 0.0005208721980164435 0.0016570432972231712 0.003885433035841652 0.009000418879729924 0.01766272077908759 0.028783003489537228 0.04261846428137264 0.05921116819813388 0.07838200384039096 0.10007498623335785 0.12414341988580392 0.15049386594234446 0.18678893184943374 0.2454977478683032 0.30758046563907804 0.37170113103846286 0.4359726924905158 0.5004089267562216 0.564737945405558 0.6332735629552998 0.7116055651087202 0.793634331459712 0.8833159939913267 0.9999999999999999 1.0
0.0 0.0015 0.0035 0.0075 0.015 0.035 0.07499999 0.15 0.25 0.35 0.45 0.55 0.65 0.75 0.85 0.95 1.05 1.15 1.25 1.35 1.45 1.55 1.65 1.75 1.85 1.95 2.1 2.3 2.5 2.7 2.9 3.1 3.300001 3.500001 3.700001 3.9 3.99996
2.384759777352245e-06 4.960506670035499e-06 8.107844727685181e-06 1.2208200108552667e-05 1.825293908482373e-05 3.440302104868521e-05 9.872641113899045e-05 0.00036223043790159374 0.0010584761591304278 0.002382442914074705 0.005289605969516179 0.010206112096843413 0.016502949874209447 0.024316932683108944 0.03361085769070325 0.04428111019578333 0.0562953442542554 0.06958535709054843 0.0840981565504643 0.10371329737237842 0.13612177008030976 0.1711810594814052 0.2076412219640946 0.24385289808766625 0.2800356230921347 0.3161505966747821 0.35424756129206897 0.39833008918505464 0.4437192378247812 0.4928872006578745 0.559531242173264 0.6373916339317168 0.7239249814325543 0.8164962492440835 0.9101492507964468 1.0 1.0
0.0 0.0015 0.0035 0.0075 0.015 0.035 0.07499999 0.15 0.25 0.35 0.45 0.55 0.65 0.75 0.85 0.95 1.05 1.15 1.25 1.35 1.45 1.55 1.65 1.75 1.85 1.95 2.1 2.3 2.5 2.7 2.9 3.1 3.300001 3.500001 3.700001 3.9 4.25 4.75 4.99995
3.2979672478439107e-06 7.409688921044913e-06 1.3962699001707723e-05 2.404842864915393e-05 5.267810874077837e-05 0.00017950090659679368 0.00040468545384765526 0.0006430850914947422 0.0008708637008760967 0.0010843377740817563 0.0012805930750658774 0.0014797100874896342 0.003094501198026179 0.014642161529680542 0.02214528142129834 0.026651153771013566 0.029190826546121693 0.030657613117608028 0.056639625822739396 0.07031975500874646 0.12632510906733602 0.19228035760755785 0.23191474690413413 0.25392066451133705 0.26598674270625866 0.2710056497753896 0.32104792801461446 0.3711224246964986 0.3857223049737006 0.38958915140385664 0.39169764415770214 0.39379308995015405 0.3960657258681063 0.3984602711457521 0.40084452888868444 0.7477434162425552 0.8019185265230262 1.0 1.0
0.0 0.0015 0.0035 0.0075 0.015 0.035 0.07499999 0.15 0.25 0.35 0.45 0.55 0.65 0.75 0.85 0.95 1.05 1.15 1.25 1.35 1.45 1.55 1.65 1.75 1.85 1.95 2.1 2.3 2.5 2.7 2.9 3.1 3.300001 3.500001 3.700001 3.9 4.25 4.75 5.25 5.75 5.99994
5.08292324049356e-05 0.00011096123019561533 0.00019898377440377962 0.0003334906682942975 0.0005824849683571395 0.0013345173525443124 0.003022363560187977 0.004750973629960948 0.006124945167408882 0.007381913906994499 0.008516843043104688 0.00948369418826826 0.010303833908666422 0.026499463497000292 0.03920781756504077 0.049553018826987934 0.05801002813132163 0.06453076904009607 0.08205451973547223 0.09712006142921217 0.12697409039680518 0.17083740574170278 0.21046388990473397 0.24288052487004846 0.2693898594410661 0.2883534563464086 0.3177474627732774 0.3590336743865951 0.38471122762665744 0.3992831553972003 0.4064104144219505 0.40956091462121735 0.41086140160218965 0.4112202414345211 0.4114691976994273 0.6042170447862663 0.7555044792425473 0.9033072911307077 0.9893580294286601 1.0 1.0
0.0 0.0015 0.0035 0.0075 0.015 0.035 0.07499999 0.15 0.25 0.35 0.45 0.55 0.65 0.75 0.85 0.95 1.05 1.15 1.25 1.35 1.45 1.55 1.65 1.75 1.85 1.95 2.1 2.3 2.5 2.7 2.9 3.1 3.300001 3.500001 3.700001 3.9 4.25 4.75 5.25 5.75 6.25 6.75 6.99993
4.241091335755604e-05 9.461141470647701e-05 0.00017618068002949282 0.0003022749747825572 0.0005157092187978126 0.0012139053298887848 0.0025499612523282667 0.004023152468381082 0.005621361062653576 0.007338264870974543 0.009151809241750655 0.01113647786341583 0.01318894371986341 0.026888891171350036 0.03872600090447316 0.04992775918232085 0.06027914080226278 0.06953683685295625 0.08544170254123166 0.1001175063086132 0.12358571177224245 0.1561440433811149 0.1879357458466564 0.2187236501141807 0.2477128921640145 0.2740812520828023 0.305370254598467 0.34441707343081374 0.3766980632219347 0.3996941866316862 0.4160331004685808 0.42829369428094327 0.43672592794891235 0.438899801169239 0.4390721361373553 0.5490175661266387 0.6923666811595715 0.8375153015824504 0.949527643019879 0.9979033978197877 0.9998938892132534 1.0 1.0
0.0 0.0015 0.0035 0.0075 0.015 0.035 0.07499999 0.15 0.25 0.35 0.45 0.55 0.65 0.75 0.85 0.95 1.05 1.15 1.25 1.35 1.45 1.55 1.65 1.75 1.85 1.95 2.1 2.3 2.5 2.7 2.9 3.1 3.300001 3.500001 3.700001 3.9 4.25 4.75 5.25 5.75 6.25 6.75 7.25 7.75 7.99992
3.938745150507515e-05 8.49723021374798e-05 0.00014914121238317806 0.00024428377232486414 0.00038771162006268864 0.000895639892969957 0.002040111919943762 0.0034055943517963573 0.0049547312495996755 0.006790723191857147 0.008972026049679864 0.011566450222049144 0.014342740504320743 0.026289909399037626 0.038594453288654657 0.05094393068189774 0.06293344526979569 0.07443385717337453 0.09027801795497885 0.10521315742228199 0.12709528867715925 0.15428652301437712 0.181862582667857 0.2097281060089238 0.23779665040339237 0.265648463231762 0.297788297498134 0.33565063349655033 0.3719255512311793 0.4015515961966051 0.4217425721674792 0.4397054010288149 0.45562388242435653 0.46150550683035446 0.46197150866792386 0.532701446097317 0.6494902754611332 0.7897224214324491 0.9074788965962449 0.9860754197166017 0.9996735237873239 0.9998090762280295 0.9999115548236943 1.0 1.0
0.0 0.0015 0.0035 0.0075 0.015 0.035 0.07499999 0.15 0.25 0.35 0.45 0.55 0.65 0.75 0.85 0.95 1.05 1.15 1.25 1.35 1.45 1.55 1.65 1.75 1.85 1.95 2.1 2.3 2.5 2.7 2.9 3.1 3.300001 3.500001 3.700001 3.9 4.25 4.75 5.25 5.75 6.25 6.75 7.25 7.75 8.25 8.75 8.99991
4.5322485416576574e-05 9.747912623669177e-05 0.00017190499870062227 0.0002835016350570637 0.00046078520447521076 0.0009462904285938882 0.001982132542069319 0.00366106449373253 0.005835865841422736 0.007890298706150004 0.010157128085715013 0.012882954498664884 0.016168863445234497 0.027426513872625884 0.04132867669172568 0.05489558858140893 0.06858916125879415 0.08178232079006359 0.09833213656221146 0.11350697112956463 0.13584637179545833 0.1638392716885027 0.19102688756479286 0.21752335630516254 0.2446205668261846 0.2723453177326578 0.3035124625240697 0.3389502627524287 0.3764786928117509 0.4122524021136119 0.43839656888095385 0.45743328431584807 0.4763215531158631 0.483052772867517 0.4838883685727414 0.5464174240766118 0.6478679067402189 0.7774914610325663 0.8929581443550068 0.9783603266241812 0.9992665035285945 0.9996017694739198 0.999722170864087 0.9998179573459719 0.9999116927186198 1.0 1.0
0.0 0.0015 0.0035 0.0075 0.015 0.035 0.07499999 0.15 0.25 0.35 0.45 0.55 0.65 0.75 0.85 0.95 1.05 1.15 1.25 1.35 1.45 1.55 1.65 1.75 1.85 1.95 2.1 2.3 2.5 2.7 2.9 3.1 3.300001 3.500001 3.700001 3.9 4.25 4.75 5.25 5.75 6.25 6.75 7.25 7.75 8.25 8.75 9.25 9.75 9.9999
5.051512693398421e-05 0.00011035895979081368 0.00019818800371891436 0.00031551432752318465 0.0005126508646476074 0.0010048617506273594 0.0020815321112149497 0.0039365346756147345 0.007868406207197733 0.011573095672167489 0.015282433471780326 0.0188947214185167 0.022812590522010363 0.033287331564042975 0.045530709535932315 0.05875073344404011 0.07224538990894085 0.085293108091212 0.10038091627505838 0.11437036650421324 0.13336061482643433 0.16676902402309757 0.20327570844255818 0.23727616072975022 0.2692217347829817 0.2982620845726661 0.32660298693618367 0.3566907020263996 0.38952798261610366 0.42773581244336983 0.4756289220043986 0.5038142804521775 0.5236925752762465 0.5312488875202355 0.5323628606152175 0.5960752080211054 0.6956504243421175 0.8024406841460274 0.9015704703241934 0.9749914902532699 0.998890404137179 0.9993298515892409 0.9994855931649833 0.9996008105109502 0.999703711281275 0.999803934272345 0.9998987361204702 0.9999999999999999 1.0
0.0 0.0015 0.0035 0.0075 0.015 0.035 0.07499999 0.15 0.25 0.35 0.45 0.55 0.65 0.75 0.85 0.95 1.05 1.15 1.25 1.35 1.45 1.55 1.65 1.75 1.85 1.95 2.1 2.3 2.5 2.7 2.9 3.1 3.300001 3.500001 3.700001 3.9 4.25 4.75 5.25 5.75 6.25 6.75 7.25 7.75 8.25 8.75 9.25 9.75 10.25 10.75 11.25 11.75 11.99988
0.00010124139647546607 0.00021433622694110943 0.000362989966559792 0.0005709353897172332 0.0008537483744346957 0.0013692373711471147 0.0026166750810624867 0.005221948279565942 0.011067650652372136 0.016588896190245568 0.02187032362658479 0.0275242712438961 0.03657006651785191 0.05338074410166426 0.0721888556805388 0.08831216947478117 0.10319358312289577 0.11639103585213322 0.12942293272291416 0.14079170522450926 0.15583937392546174 0.18868003260332822 0.23274799809568766 0.28078554915504333 0.32292995012088527 0.35671323982148534 0.38196886514106226 0.4039877413887158 0.42888620930426546 0.45745726952720045 0.5079984378860983 0.5345125155948867 0.5513071813488025 0.5571375738717286 0.5583880671446595 0.6078525597253228 0.6862328348583732 0.7576803330649821 0.8259074143775873 0.8797025108193639 0.8957703793348555 0.8963468573025032 0.8965868091145168 0.8967815737486134 0.8969560865378023 0.897116342725699 0.8972672536653464 0.8974140786355971 0.8975416180977164 0.9040397496117397 0.9505079574893305 1.0 1.0
0.0 0.0015 0.0035 0.0075 0.015 0.035 0.07499999 0.15 0.25 0.35 0.45 0.55 0.65 0.75 0.85 0.95 1.05 1.15 1.25 1.35 1.45 1.55 1.65 1.75 1.85 1.95 2.1 2.3 2.5 2.7 2.9 3.1 3.300001 3.500001 3.700001 3.9 4.25 4.75 5.25 5.75 6.25 6.75 7.25 7.75 8.25 8.75 9.25 9.75 10.25 10.75 11.25 11.75 12.25 12.75 13.25 13.75 13.99986
5.953198093561993e-05 0.0001246152899958651 0.00020635239897596796 0.000315845779671161 0.00048380407480805597 0.0008959092127475929 0.002214942477559818 0.0058343619324029376 0.012638422431807565 0.021001008710591792 0.030409701973232867 0.04123469958924307 0.06872168688350858 0.10963816252742689 0.15293597643405574 0.1930520138670221 0.22966484525462294 0.2626317031869546 0.2928200380196953 0.320032041263981 0.34648429685367743 0.37766628548118675 0.42906602078203454 0.4991481812923011 0.5667126366843768 0.6248977897170336 0.6719721520782479 0.7098382194000972 0.7425482804486203 0.7699596415955208 0.8006383658804188 0.8197882344621603 0.8333509447262872 0.840493482037735 0.8438900459926151 0.8616217453908658 0.8881737352680751 0.9115735904323085 0.9342367178033943 0.9518462108811239 0.9575557359942553 0.9578168966912209 0.957965982757964 0.9580955914026801 0.9582221036177967 0.958347113454937 0.9584692987477001 0.9585883317212964 0.9586845313164629 0.9599576823821229 0.9759651185322333 0.9926285524854493 0.9995739139853148 0.9997232839267916 0.9998505835761108 0.9999999999999999 1.0
0.0 0.0015 0.0035 0.0075 0.015 0.035 0.07499999 0.15 0.25 0.35 0.45 0.55 0.65 0.75 0.85 0.95 1.05 1.15 1.25 1.35 1.45 1.55 1.65 1.75 1.85 1.95 2.1 2.3 2.5 2.7 2.9 3.1 3.300001 3.500001 3.700001 3.9 4.25 4.75 5.25 5.75 6.25 6.75 7.25 7.75 8.25 8.75 9.25 9.75 10.25 10.75 11.25 11.75 12.25 12.75 13.25 13.75 14.25 14.75 15.25 15.75 15.99984
2.4142887371749093e-05 5.135578933572019e-05 8.777889006497767e-05 0.00013955113382362297 0.00022202646828827524 0.0005283793001342413 0.0016172010162524481 0.005082506335288497 0.011404410016074123 0.01968240802575862 0.029350855445338164 0.042167816093583006 0.07195796183018248 0.11870133632037817 0.16610234302565144 0.21029324092475335 0.250747766157229 0.2875910100385763 0.3214311324162518 0.3525485077044988 0.3821552709054805 0.41172530180343525 0.46475696759231766 0.5355609459957098 0.6016079516673616 0.662120158717101 0.7121728502293647 0.7537419451274828 0.7897917712634492 0.8213297701685092 0.851208863874337 0.8757945072378874 0.8977322475167843 0.915882003918473 0.9309358517791348 0.9472539526653306 0.9610031280181532 0.9712757644767357 0.9785995502469538 0.9840138033696035 0.9858320926664759 0.9859485594852049 0.9860242607320393 0.9860914363648444 0.9861591936699419 0.9862278998153732 0.986297910500022 0.9863708289261777 0.986427587773808 0.9867326997667594 0.991799283966089 0.9970901351492029 0.9993516547030549 0.9994228431462299 0.9994894536905252 0.9995670816008992 0.9996585800628645 0.9997653303350055 0.9998761785062689 1.0 1.0
0.0 0.0015 0.0035 0.0075 0.015 0.035 0.07499999 0.15 0.25 0.35 0.45 0.55 0.65 0.75 0.85 0.95 1.05 1.15 1.25 1.35 1.45 1.55 1.65 1.75 1.85 1.95 2.1 2.3 2.5 2.7 2.9 3.1 3.300001 3.500001 3.700001 3.9 4.25 4.75 5.25 5.75 6.25 6.75 7.25 7.75 8.25 8.75 9.25 9.75 10.25 10.75 11.25 11.75 12.25 12.75 13.25 13.75 14.25 14.75 15.25 15.75 16.25 16.75 17.25 17.75 17.99982
1.417748478056043e-05 3.196944932515603e-05 6.060482411635995e-05 0.00010731245250025368 0.00019014280394661818 0.0004203022284029201 0.0015962910913261987 0.005089739720754516 0.011469230280542956 0.020307474461208213 0.030493249630419904 0.0451487216358469 0.07609696032453202 0.12681269305067572 0.17749833464170794 0.22276720884396203 0.2652752940134826 0.3035116724308072 0.3391055350800448 0.3724259340487691 0.4031309021755565 0.4326864383184314 0.48942626525730415 0.5608630702171196 0.6282141903116322 0.6876291365892121 0.7375469604614495 0.7791234548761463 0.8147945640252188 0.8460551289454227 0.8739747936398298 0.8983312583955293 0.9201898830047539 0.9393257972280897 0.9555861927047054 0.9704115082550785 0.9800526818038432 0.9871760870904961 0.9906514795865827 0.9929829965023733 0.9937088492867965 0.9937778557242999 0.9938254441573867 0.9938673097561579 0.9939081618123039 0.9939845468226914 0.9941067908972618 0.9941703860134071 0.9942078789578006 0.9942995477088211 0.9961785488485251 0.9983460501983852 0.9992866399743826 0.9993267436732929 0.9993655305945871 0.9994105983141984 0.9994631388593324 0.9995237997993494 0.9995927429176688 0.9996688849624722 0.9997507247172361 0.9998364866307161 0.9999174977174446 0.9999999999999999 1.0
0.0 0.0015 0.0035 0.0075 0.015 0.035 0.07499999 0.15 0.25 0.35 0.45 0.55 0.65 0.75 0.85 0.95 1.05 1.15 1.25 1.35 1.45 1.55 1.65 1.75 1.85 1.95 2.1 2.3 2.5 2.7 2.9 3.1 3.300001 3.500001 3.700001 3.9 4.25 4.75 5.25 5.75 6.25 6.75 7.25 7.75 8.25 8.75 9.25 9.75 10.25 10.75 11.25 11.75 12.25 12.75 13.25 13.75 14.25 14.75 15.25 15.75 16.25 16.75 17.25 17.75 18.25 18.75 19.25 19.75 19.9998
1.0074072735333763e-05 2.371858788340622e-05 4.807280206154322e-05 9.027653885240909e-05 0.00016818280988620032 0.00035710932598721274 0.0014431138413886907 0.0047597302333602974 0.010906320675953332 0.019685020081066276 0.03096659233418508 0.045780422611374376 0.07608274284340238 0.12504309279840908 0.17373852456461633 0.21840097196489205 0.2600090753237494 0.2988428282929623 0.33515360004349787 0.3693415518037429 0.4017178457815152 0.4321017363344209 0.4864085258186057 0.5561826385516592 0.6194016288793252 0.6771061107988845 0.726496191405316 0.7685686684515365 0.804835507657126 0.8372534081681992 0.8664827537659341 0.8926310788761965 0.916347384360676 0.938253282293942 0.9574486643196477 0.9740944468309128 0.9837797354423187 0.9901731099054234 0.9922688696577382 0.9937967045917663 0.9943963046005083 0.9945765876573364 0.9946549017072867 0.9947019607026352 0.9947331017826663 0.9950291718093008 0.9960156015106861 0.996580381415853 0.9967933053940962 0.9970051296049584 0.9978748667911285 0.998925164992518 0.9993129796057172 0.9993371289854949 0.9993622381358276 0.999391471304807 0.9994255706355235 0.9994648707829027 0.9995093871567717 0.9995584190461224 0.9996109191642116 0.999665755906374 0.9997218159852859 0.9997784786465895 0.9998355219015487 0.9998888702870097 0.9999434693398571 1.0 1.0
0.0 0.0015 0.0035 0.0075 0.015 0.035 0.07499999 0.15 0.25 0.35 0.45 0.55 0.65 0.75 0.85 0.95 1.05 1.15 1.25 1.35 1.45 1.55 1.65 1.75 1.85 1.95 2.1 2.3 2.5 2.7 2.9 3.1 3.300001 3.500001 3.700001 3.9 4.25 4.75 5.25 5.75 6.25 6.75 7.25 7.75 8.25 8.75 9.25 9.75 10.25 10.75 11.25 11.75 12.25 12.75 13.25 13.75 14.25 14.75 15.25 15.75 16.25 16.75 17.25 17.75 18.25 18.75 19.25 19.75 20.5 21.5 21.99978
1.0498254377235791e-05 2.5915257649061796e-05 5.608715667115265e-05 0.00011085054861035158 0.0002148003787693926 0.0004674136865733609 0.0016128223230471629 0.005012366935400678 0.01115089770896653 0.019561560543850203 0.02990757222016933 0.043936841056467904 0.07315978434260101 0.11872488018607134 0.16580428242730127 0.2086152451428849 0.24914200445575782 0.2873239935137437 0.32320750430497436 0.3569792808710671 0.38891621954959266 0.4195346921575816 0.4700651290912197 0.5378405774648607 0.5983357551135526 0.6546109917494561 0.7032420762154392 0.7453552667649087 0.7822403296365893 0.8156171833078222 0.8463398579202246 0.8743744750635458 0.899994658814198 0.9249993572596111 0.9472659086236227 0.9675470680660327 0.979297610784468 0.9868997204026508 0.9892617991178216 0.9908887658647781 0.9916964975638036 0.9921389245343576 0.9923459015070912 0.9924623365146071 0.9924931811785151 0.9930261975470632 0.9952414793243829 0.9969711455374871 0.9978354163554933 0.9978937278992336 0.998481971330121 0.999093414942518 0.9993462966357786 0.9993653026190641 0.9993862429890262 0.9994105110084206 0.999438649452309 0.9994702279733181 0.9995049844903476 0.9995432771508804 0.9995843047012439 0.9996271579631886 0.9996709577792096 0.9997151978494498 0.999759646413761 0.9998043343935104 0.9998496886836854 0.9998963260604836 0.9999442198054421 1.0 1.0
0.0 0.0015 0.0035 0.0075 0.015 0.035 0.07499999 0.15 0.25 0.35 0.45 0.55 0.65 0.75 0.85 0.95 1.05 1.15 1.25 1.35 1.45 1.55 1.65 1.75 1.85 1.95 2.1 2.3 2.5 2.7 2.9 3.1 3.300001 3.500001 3.700001 3.9 4.25 4.75 5.25 5.75 6.25 6.75 7.25 7.75 8.25 8.75 9.25 9.75 10.25 10.75 11.25 11.75 12.25 12.75 13.25 13.75 14.25 14.75 15.25 15.75 16.25 16.75 17.25 17.75 18.25 18.75 19.25 19.75 20.5 21.5 22.5 23.5 23.99976
1.0595533578573103e-05 2.6380925305293505e-05 5.77354768271552e-05 0.0001150386280075857 0.00022424204998145467 0.000489958075521951 0.0014088980197363003 0.004397793073013453 0.010389840972556257 0.018756775848242403 0.02949319650899687 0.04374177660433029 0.07140650221646726 0.11449917650081441 0.1610497955915544 0.20245642903270014 0.2416848943403424 0.279606768986989 0.3153476804566983 0.34896644752063144 0.3806408011549366 0.41125598690166015 0.45933805943338024 0.5261082377273109 0.5847228478586739 0.639816762922818 0.6883234670531292 0.7304190326285532 0.7674837810986875 0.801494837115764 0.8330363033279132 0.8620432180113726 0.8891326100402179 0.9156244617121162 0.9395211616279091 0.9619965666002515 0.9750108478365438 0.9836800374805668 0.9864936863820232 0.9882437383270722 0.9892138123623169 0.9898613288637285 0.9901908056657981 0.9903875980702953 0.9904185239972995 0.9911200034194143 0.9940803352788319 0.9967117611700502 0.9982257532682602 0.9982659810076676 0.9986958841810337 0.9991013791001063 0.9992878255438319 0.9993049069449838 0.9993239820414025 0.9993459311181959 0.9993706509737603 0.9993989669137777 0.9994308602022428 0.9994658185169084 0.9995025567520903 0.999540072377924 0.9995784295882642 0.9996172025229216 0.9996561775607197 0.9996953606910371 0.9997351032907628 0.9997758908067259 0.9998203871303224 0.9998716010797364 0.9999295713555693 0.9999999999999999 1.0
0.0 0.0015 0.0035 0.0075 0.015 0.035 0.07499999 0.15 0.25 0.35 0.45 0.55 0.65 0.75 0.85 0.95 1.05 1.15 1.25 1.35 1.45 1.55 1.65 1.75 1.85 1.95 2.1 2.3 2.5 2.7 2.9 3.1 3.300001 3.500001 3.700001 3.9 4.25 4.75 5.25 5.75 6.25 6.75 7.25 7.75 8.25 8.75 9.25 9.75 10.25 10.75 11.25 11.75 12.25 12.75 13.25 13.75 14.25 14.75 15.25 15.75 16.25 16.75 17.25 17.75 18.25 18.75 19.25 19.75 20.5 21.5 22.5 23.5 24.5 25.5 25.99974
1.108401192409985e-05 2.857451584363577e-05 6.528322241408557e-05 0.00013402268082886968 0.000266825816919581 0.000592463175697014 0.0013280257085402408 0.004791945201349913 0.010682410263994135 0.018332494402364875 0.028532966847604913 0.043218322210523324 0.07103970675385503 0.11227234105314783 0.159480536487779 0.20041429412445422 0.2395237503530671 0.2768301481348304 0.311678170067597 0.34461968281696503 0.3763875685447725 0.40718816969882254 0.4532968555489315 0.5207328222604141 0.5796983911155386 0.634600606971037 0.6819859202533233 0.723943563774882 0.7610786358321864 0.7947695530465579 0.8265823471397362 0.8562039173610401 0.88365059967187 0.9108697742160864 0.9352677654948051 0.9587072768481635 0.9722289030429403 0.9813270195331973 0.9845250308801663 0.9863120499595914 0.9873674939093754 0.9881141498333449 0.9885046890971713 0.9887378444168282 0.988765461663968 0.9896600252769314 0.9929715948483538 0.9962668036128072 0.9983750091226673 0.9984087512683386 0.998682849290037 0.9990429957461336 0.9991522705945486 0.9991686969317051 0.9991869573376837 0.9992080894255462 0.9992322144727247 0.9992598110669854 0.9992906832389057 0.9993237230314076 0.999359005912906 0.9993957823236512 0.999433305964874 0.9994711404862748 0.9995087369560708 0.9995458921064534 0.9995835964991883 0.9996222832235944 0.9996644967764733 0.9997131096161327 0.9997710974652753 0.9998407714276416 0.9999173892605968 1.0 1.0
0.0 0.0015 0.0035 0.0075 0.015 0.035 0.07499999 0.15 0.25 0.35 0.45 0.55 0.65 0.75 0.85 0.95 1.05 1.15 1.25 1.35 1.45 1.55 1.65 1.75 1.85 1.95 2.1 2.3 2.5 2.7 2.9 3.1 3.300001 3.500001 3.700001 3.9 4.25 4.75 5.25 5.75 6.25 6.75 7.25 7.75 8.25 8.75 9.25 9.75 10.25 10.75 11.25 11.75 12.25 12.75 13.25 13.75 14.25 14.75 15.25 15.75 16.25 16.75 17.25 17.75 18.25 18.75 19.25 19.75 20.5 21.5 22.5 23.5 24.5 25.5 26.5 27.5 27.99972
1.2577208580981053e-05 3.30225511345476e-05 7.707210831171166e-05 0.00016046217927333738 0.0003225351507454765 0.0007211341116976785 0.0015362578014816775 0.004945790326858686 0.010347556774475759 0.01787197006724584 0.028391710170406505 0.04230798770587877 0.0708515707142111 0.11138507025228121 0.15816507971860622 0.19908142412552254 0.2379200363873992 0.27497996284477566 0.3099790448471157 0.34273991482584465 0.3745370158858901 0.40540451360342344 0.4514654539698008 0.5185372247793109 0.576701066876844 0.6311054625756601 0.6786187442823237 0.7205195692203398 0.7574056554824694 0.7914307142109206 0.8233109270540232 0.8531951460446436 0.8812815596186993 0.9087022673202761 0.9337695146590695 0.9575193660991376 0.9715901332216625 0.9811972528801784 0.9842198481593352 0.9860175568072513 0.9870977376300699 0.9879013318035827 0.9883367802660047 0.9885903845172949 0.9886131243693745 0.9895839250911792 0.9928127249962582 0.9962460501229671 0.9983913205417428 0.9984217970472956 0.9986495606356253 0.9988963862430658 0.9990151324567361 0.9990307399287313 0.9990483672745841 0.9990688015355667 0.9990924489839252 0.9991194692879307 0.9991498079761981 0.9991826974548327 0.999217799189642 0.9992543551075175 0.9992914788388516 0.999328211593629 0.9993650807609854 0.999402085716607 0.9994395322182086 0.9994778619678484 0.9995187599886435 0.9995657878351057 0.9996218891471008 0.9996892451211888 0.9997669526873664 0.9998500638461096 0.999928009588026 1.0 1.0
0.0 0.0015 0.0035 0.0075 0.015 0.035 0.07499999 0.15 0.25 0.35 0.45 0.55 0.65 0.75 0.85 0.95 1.05 1.15 1.25 1.35 1.45 1.55 1.65 1.75 1.85 1.95 2.1 2.3 2.5 2.7 2.9 3.1 3.300001 3.500001 3.700001 3.9 4.25 4.75 5.25 5.75 6.25 6.75 7.25 7.75 8.25 8.75 9.25 9.75 10.25 10.75 11.25 11.75 12.25 12.75 13.25 13.75 14.25 14.75 15.25 15.75 16.25 16.75 17.25 17.75 18.25 18.75 19.25 19.75 20.5 21.5 22.5 23.5 24.5 25.5 26.5 27.5 28.5 29.5 29.9997
1.269571580738829e-05 3.304322411138839e-05 7.634534343235577e-05 0.00015790509564059049 0.0003159816778537031 0.0007040041875122035 0.0014802808693430284 0.004559030315383856 0.009630013246866895 0.017853513163144475 0.027809901866657147 0.04317732153595533 0.07049436763008872 0.10999434354051127 0.1576427081545929 0.1978568334281913 0.23713614336410235 0.2735603418661361 0.30882654064511855 0.3417797745848642 0.3737394250529295 0.40453406804600606 0.4497168145816605 0.5162372741554543 0.5750580444995281 0.6287449639303966 0.6764030111303025 0.7181281985577098 0.7553079046731929 0.7892449925718842 0.8212966041418247 0.8513839647429319 0.8794185232954789 0.9073988499820281 0.933149741729666 0.9576017591695464 0.9717541988970825 0.9813843032290822 0.9844542538794427 0.9862647988820646 0.9873947536757162 0.9882564234126342 0.9887118955346903 0.989025497908696 0.9890440989538218 0.9900235727549607 0.9930604368051024 0.9963935332334038 0.998360058593156 0.9983909404107062 0.9986168004120721 0.9988509850909014 0.9989173552279393 0.9989324908458783 0.9989496678156997 0.9989695896969274 0.998992642698033 0.9990189589964804 0.9990484969837428 0.9990808413566638 0.9991153385798061 0.9991512544034465 0.9991878710022808 0.9992244949529977 0.9992612025900378 0.9992979818688277 0.9993350164300097 0.9993723388095748 0.9994128214037021 0.9994591273145511 0.999513450844447 0.9995786445238437 0.9996538073560635 0.9997340980481942 0.9998127747674571 0.9998849380315709 0.9999461663870476 1.0 1.0
0.0 0.0015 0.0035 0.0075 0.015 0.035 0.07499999 0.15 0.25 0.35 0.45 0.55 0.65 0.75 0.85 0.95 1.05 1.15 1.25 1.35 1.45 1.55 1.65 1.75 1.85 1.95 2.1 2.3 2.5 2.7 2.9 3.1 3.300001 3.500001 3.700001 3.9 4.25 4.75 5.25 5.75 6.25 6.75 7.25 7.75 8.25 8.75 9.25 9.75 10.25 10.75 11.25 11.75 12.25 12.75 13.25 13.75 14.25 14.75 15.25 15.75 16.25 16.75 17.25 17.75 18.25 18.75 19.25 19.75 20.5 21.5 22.5 23.5 24.5 25.5 26.5 27.5 28.5 29.5 30.5 31.5 32.5 33.5 34.5 34.99965
1.4906967565592093e-05 3.874900848007791e-05 8.939637927986177e-05 0.0001847195091048888 0.00036939462771733156 0.0008224235322560462 0.0017233691382797789 0.004086335148595216 0.009865297834763413 0.016918324142563453 0.02800300355762794 0.0420177724369945 0.06888399998973085 0.10798121257651405 0.15516240614376706 0.19693958683476476 0.23549432218406358 0.2730228353359566 0.3078264877717977 0.3414533292665058 0.37296811537990443 0.4043830268081072 0.4477327199031235 0.5125179211994908 0.5736856190317438 0.6272670303477909 0.6739871370926593 0.7153886383315036 0.7526632673661198 0.786607479698655 0.8190191451924809 0.8493919705887557 0.8776566477202355 0.9057730113364804 0.9321571885822413 0.9568322298758296 0.9714542525324175 0.9815365415916906 0.9848779578466893 0.9866475285749863 0.9878555758927213 0.9887795140164143 0.989296017402343 0.989593161145049 0.9896076918996606 0.9904967402574419 0.9931195342233299 0.9960301744068307 0.9979696607680545 0.998021477449387 0.9983642142604815 0.9986458776623507 0.9987603994840182 0.9987756761683682 0.9987929575486971 0.9988128968666419 0.9988358680442369 0.998862013400947 0.9988912868045533 0.9989232984848783 0.9989573826629912 0.9989925391798293 0.999028359435738 0.9990644232195515 0.9991005056759299 0.999136580914342 0.9991729467543519 0.999210008657368 0.9992499591590955 0.9992953651880107 0.9993489020989956 0.9994127583480354 0.9994852086842837 0.9995622962500239 0.9996374180183467 0.9997057045295417 0.9997659252772755 0.9998184662658302 0.9998636119772232 0.9999046864418258 0.999941029686463 0.999972173798627 1.0 1.0
0.0 0.0015 0.0035 0.0075 0.015 0.035 0.07499999 0.15 0.25 0.35 0.45 0.55 0.65 0.75 0.85 0.95 1.05 1.15 1.25 1.35 1.45 1.55 1.65 1.75 1.85 1.95 2.1 2.3 2.5 2.7 2.9 3.1 3.300001 3.500001 3.700001 3.9 4.25 4.75 5.25 5.75 6.25 6.75 7.25 7.75 8.25 8.75 9.25 9.75 10.25 10.75 11.25 11.75 12.25 12.75 13.25 13.75 14.25 14.75 15.25 15.75 16.25 16.75 17.25 17.75 18.25 18.75 19.25 19.75 20.5 21.5 22.5 23.5 24.5 25.5 26.5 27.5 28.5 29.5 30.5 31.5 32.5 33.5 34.5 35.5 36.5 37.5 38.5 39.5 39.9996
1.7835040354166665e-05 4.527735948843474e-05 0.00010154072675754136 0.00020583969972168937 0.0004062103569991995 0.0008950695745133877 0.0018651871865951021 0.0038487314635580645 0.009359503081501405 0.016997560854362218 0.026596350661598236 0.042274865590892496 0.06772097556277504 0.10615453616200711 0.15267358724874888 0.19646560506532504 0.23583284233098506 0.27202871914136534 0.3068584151821888 0.3407174992484625 0.37208128245148103 0.40336085378254605 0.4467364941798212 0.5082970435733698 0.570161509230376 0.6246357289129316 0.671464576275905 0.7123430241168072 0.7499163530349036 0.7843666542568757 0.8165606227486781 0.846613777903361 0.8752922239053483 0.9040433266871624 0.9304635640299715 0.9560576201677625 0.9705823047620092 0.9808966858181956 0.984444928293302 0.9867495449138886 0.9880173275318794 0.9889624886672246 0.9895205185894318 0.9897847435055361 0.9898018388938814 0.9905473685510348 0.9929023609593439 0.9954448816356373 0.997275767854418 0.9973632785238863 0.9979675530913295 0.9984870102873802 0.9986455697975253 0.9986617552814808 0.9986795791293174 0.9987000390515134 0.9987235370328563 0.9987502045460177 0.9987800182601161 0.9988125895898567 0.9988472865520972 0.9988834048064333 0.9989201966611604 0.9989572188295245 0.9989942246032151 0.9990311818234487 0.9990683546966981 0.9991061439466214 0.9991466580228398 0.9991923312191131 0.9992461744803204 0.9993102303621054 0.9993835277953343 0.9994612839492417 0.9995369661769277 0.9996058304273355 0.9996662224148339 0.9997184670377157 0.9997632259156488 0.999803798949636 0.9998394775429633 0.9998710554185349 0.9998990961432587 0.9999240967595014 0.9999464945636553 0.9999660040677008 0.9999837519325304 0.9999999999999999 1.0
0.0 0.0015 0.0035 0.0075 0.015 0.035 0.07499999 0.15 0.25 0.35 0.45 0.55 0.65 0.75 0.85 0.95 1.05 1.15 1.25 1.35 1.45 1.55 1.65 1.75 1.85 1.95 2.1 2.3 2.5 2.7 2.9 3.1 3.300001 3.500001 3.700001 3.9 4.25 4.75 5.25 5.75 6.25 6.75 7.25 7.75 8.25 8.75 9.25 9.75 10.25 10.75 11.25 11.75 12.25 12.75 13.25 13.75 14.25 14.75 15.25 15.75 16.25 16.75 17.25 17.75 18.25 18.75 19.25 19.75 20.5 21.5 22.5 23.5 24.5 25.5 26.5 27.5 28.5 29.5 30.5 31.5 32.5 33.5 34.5 35.5 36.5 37.5 38.5 39.5 41.0 43.0 44.99955
2.0473818067425137e-05 5.093909551669521e-05 0.00011137700526851882 0.00022176967252159432 0.00043207217220317016 0.0009423357314347639 0.0019529166237206212 0.003996646444372301 0.00803514153857079 0.016049649593797868 0.025750038859544428 0.03926914856935649 0.06517223675385451 0.10283026031558479 0.14838246208575262 0.19378250570445232 0.23422916426017543 0.27137121186443935 0.30695660238139794 0.34002893128330824 0.37231347234686735 0.40421887980009247 0.4455367774886718 0.5041884200585526 0.5655066790693347 0.621683795540154 0.6688392049200279 0.7098193137343298 0.7472930238911368 0.7811997863815981 0.8139975259251534 0.8444897210989347 0.8725846992751254 0.9012863737586096 0.9281080610346559 0.9541835274066053 0.9691108420007648 0.9797345473083692 0.9837212972037327 0.9861288495917725 0.9875347798014283 0.9884657792982467 0.9891150633817994 0.9892154012631844 0.9892388184138052 0.9899069690288915 0.9922587195138598 0.9948397801258989 0.9962416455369554 0.9963943544225277 0.9974973421489605 0.9983309972502548 0.9985919111031116 0.9986084870886539 0.9986270706349115 0.9986483310345985 0.9986726650702105 0.9987002227255309 0.9987310017785778 0.9987646016377434 0.9988004080837244 0.9988376724673078 0.9988756774057412 0.9989139497755767 0.9989522235738293 0.9989904322997525 0.9990288264024577 0.9990677547331152 0.9991093380148083 0.9991561792994219 0.9992111770037311 0.9992764096331616 0.9993509041183206 0.9994297840023357 0.999506317155958 0.9995759694662519 0.9996370777797086 0.9996901172830447 0.9997354534922954 0.9997764793739384 0.9998125597585544 0.9998442455389606 0.9998723125042925 0.9998972731388219 0.9999195154958294 0.999939510318068 0.999957596457789 0.9999740695973085 0.9999880550058073 1.0 1.0
0.0 0.0015 0.0035 0.0075 0.015 0.035 0.07499999 0.15 0.25 0.35 0.45 0.55 0.65 0.75 0.85 0.95 1.05 1.15 1.25 1.35 1.45 1.55 1.65 1.75 1.85 1.95 2.1 2.3 2.5 2.7 2.9 3.1 3.300001 3.500001 3.700001 3.9 4.25 4.75 5.25 5.75 6.25 6.75 7.25 7.75 8.25 8.75 9.25 9.75 10.25 10.75 11.25 11.75 12.25 12.75 13.25 13.75 14.25 14.75 15.25 15.75 16.25 16.75 17.25 17.75 18.25 18.75 19.25 19.75 20.5 21.5 22.5 23.5 24.5 25.5 26.5 27.5 28.5 29.5 30.5 31.5 32.5 33.5 34.5 35.5 36.5 37.5 38.5 39.5 41.0 43.0 45.0 47.0 49.0 49.9995
2.58249238728582e-05 6.172450299848907e-05 0.00012784644233410208 0.0002443389285014075 0.00046157331110626565 0.000981216576088905 0.0020052446168893766 0.00405987445559672 0.007242548105153766 0.014758058854540894 0.024900868028623062 0.038619061553023595 0.06202142170833233 0.10133731869400157 0.14546724364350386 0.1902114674417947 0.23335943902907677 0.27005092276041054 0.30476148095494354 0.3381593749410331 0.37074738218005804 0.4016206798518534 0.4426354717536438 0.49971841479053936 0.5611226590624717 0.6176887279235995 0.6655375684280022 0.7067668134210153 0.7440667678606784 0.7775878074041295 0.8097196623054493 0.8398872090952447 0.8680694311457992 0.8962185789006346 0.9237765798136847 0.9492484757184511 0.9651913314669729 0.9763615358378256 0.9808793626113668 0.9838382838337397 0.9853337199719778 0.9862959400212664 0.9869518945005196 0.9870598735666358 0.9870849671632417 0.9877750345674323 0.990504044479205 0.9932316993081822 0.9948583943211875 0.9950924681764036 0.9968214719404673 0.9983122221253324 0.9985487551989345 0.9985671433834704 0.998586267069699 0.9986079973636509 0.9986328143242785 0.998660870157564 0.9986921810795457 0.9987263710708033 0.9987628133252665 0.9988007997961191 0.9988395689717855 0.9988786512293774 0.9989177988327865 0.9989569016413969 0.998996162275409 0.9990359020050443 0.9990781934326499 0.9991255917884023 0.9991810373129689 0.9992466061409028 0.9993213288421189 0.9994003781749904 0.9994771534091991 0.9995469589580818 0.9996081460840521 0.9996612039976884 0.9997065040623206 0.9997474143972478 0.9997833762716488 0.9998150677085862 0.9998430851692666 0.9998679523835571 0.9998901193866563 0.9999099960750545 0.9999278724107808 0.9999441192755013 0.9999578262590872 0.9999698094938688 0.9999806478602986 0.9999904969681211 0.9999999999999999 1.0
0.0 0.0015 0.0035 0.0075 0.015 0.035 0.07499999 0.15 0.25 0.35 0.45 0.55 0.65 0.75 0.85 0.95 1.05 1.15 1.25 1.35 1.45 1.55 1.65 1.75 1.85 1.95 2.1 2.3 2.5 2.7 2.9 3.1 3.300001 3.500001 3.700001 3.9 4.25 4.75 5.25 5.75 6.25 6.75 7.25 7.75 8.25 8.75 9.25 9.75 10.25 10.75 11.25 11.75 12.25 12.75 13.25 13.75 14.25 14.75 15.25 15.75 16.25 16.75 17.25 17.75 18.25 18.75 19.25 19.75 20.5 21.5 22.5 23.5 24.5 25.5 26.5 27.5 28.5 29.5 30.5 31.5 32.5 33.5 34.5 35.5 36.5 37.5 38.5 39.5 41.0 43.0 45.0 47.0 49.0 51.0 53.0 54.99945
3.364609248957737e-05 7.817226025940833e-05 0.0001553368582625452 0.0002868995473483711 0.0005272585818366164 0.0010942136371005554 0.002205857725476774 0.00442052731291986 0.007819938699094035 0.013794040599785536 0.02443787433668197 0.038514823011680716 0.0616249439041764 0.09820927049069773 0.14080385435019982 0.18604697552935687 0.2289392384574701 0.2677401281811142 0.3038105682377525 0.3359420821628411 0.36728783826567335 0.3983008030122995 0.43937408294120905 0.49374045706676317 0.5529362643555595 0.6103799015661779 0.6587691718618501 0.6998757358234915 0.7369515038467098 0.7703376087005245 0.8029103360246859 0.8328656879803865 0.8609174838257586 0.8894319424174372 0.9174558736998504 0.9431491718006434 0.9604756900520768 0.9718826536925572 0.9772573132652518 0.9807797808950498 0.9823938503141617 0.9834173408501479 0.984041190543805 0.9841073663506583 0.9841295109244512 0.9849167801584735 0.9884038775861512 0.9923345292320747 0.9931153946769646 0.9934279986715038 0.9957634473458438 0.9976914857476344 0.9984776121591302 0.9984959138064956 0.998515810442992 0.9985384171408489 0.9985642012477157 0.9985933557097755 0.9986258901580134 0.9986614387782199 0.998699370006282 0.9987389798008403 0.9987795210259566 0.9988204517346535 0.9988615234801542 0.9989026236289 0.9989439093781619 0.9989856913680296 0.9990300350367871 0.999079554625652 0.9991372293738657 0.9992052081338408 0.9992825065862179 0.9993641551425099 0.9994433948097827 0.9995154012805161 0.999578488316073 0.9996331702763706 0.9996798403994416 0.9997220032213266 0.9997590363191873 0.9997916432446716 0.9998204400543736 0.999845957758389 0.9998686898222938 0.9998890493990394 0.9999073957733541 0.9999240407279868 0.9999380549381374 0.9999502258429694 0.9999611897241467 0.9999713796658636 0.9999811338299747 0.9999906901997628 1.0 1.0
0.0 0.0015 0.0035 0.0075 0.015 0.035 0.07499999 0.15 0.25 0.35 0.45 0.55 0.65 0.75 0.85 0.95 1.05 1.15 1.25 1.35 1.45 1.55 1.65 1.75 1.85 1.95 2.1 2.3 2.5 2.7 2.9 3.1 3.300001 3.500001 3.700001 3.9 4.25 4.75 5.25 5.75 6.25 6.75 7.25 7.75 8.25 8.75 9.25 9.75 10.25 10.75 11.25 11.75 12.25 12.75 13.25 13.75 14.25 14.75 15.25 15.75 16.25 16.75 17.25 17.75 18.25 18.75 19.25 19.75 20.5 21.5 22.5 23.5 24.5 25.5 26.5 27.5 28.5 29.5 30.5 31.5 32.5 33.5 34.5 35.5 36.5 37.5 38.5 39.5 41.0 43.0 45.0 47.0 49.0 51.0 53.0 55.0 57.0 59.0 59.9994
3.918023188227322e-05 8.892096796469636e-05 0.0001703422214845406 0.0003045650008421058 0.0005443909977356177 0.0011012125768628334 0.0021867413843932202 0.0043408911795962376 0.007628355852363176 0.01223037781069253 0.022272581202230496 0.03650909157644603 0.059402817051885326 0.09476215365753317 0.13674151376275578 0.18173976725976757 0.2243843109194294 0.2647403113340713 0.3002836535837273 0.3340409435736592 0.36446846782768394 0.394732702414748 0.434543817899071 0.4884376678492034 0.5467192911092145 0.6036757221080963 0.652978768904443 0.6944891584323868 0.7308655018952233 0.7649891279820733 0.7970126947015407 0.8278236884426278 0.8549798630305304 0.883193580782991 0.9105836352686907 0.9369809814611526 0.9546127824222956 0.9669306118427409 0.9727645112836024 0.9762856087220143 0.9781708953217512 0.9791465103630868 0.9796978255393156 0.9798087641575693 0.9798280049712874 0.9807521390681244 0.9852642098988939 0.9897654052563645 0.9923384307805863 0.9926937232216538 0.9953735595937468 0.9973883102690986 0.9984696131168276 0.9984872016281969 0.9985071296019864 0.9985295378537643 0.9985550173445094 0.9985837742388289 0.9986158753785066 0.9986509706320166 0.9986884733507534 0.998727685925434 0.9987678929997014 0.9988085993140883 0.9988495348476927 0.9988905805126723 0.9989318661778024 0.9989736414631425 0.9990179247251755 0.9990672476586463 0.9991245231057401 0.9991918208396958 0.9992681533270684 0.999348664006417 0.9994267169648057 0.999497598612549 0.9995596690868361 0.9996134442138369 0.9996593195708553 0.9997007425684833 0.9997371056596918 0.9997691031365539 0.9997973453657271 0.9998223679107815 0.9998446384983405 0.9998645653111063 0.9998825031246988 0.9998987585820192 0.9999124109416472 0.9999242630347702 0.9999349039481431 0.9999447607559795 0.9999541490410621 0.999963303860898 0.9999724033496697 0.9999815689172664 0.999990664425386 1.0 1.0
0.0 0.0015 0.0035 0.0075 0.015 0.035 0.07499999 0.15 0.25 0.35 0.45 0.55 0.65 0.75 0.85 0.95 1.05 1.15 1.25 1.35 1.45 1.55 1.65 1.75 1.85 1.95 2.1 2.3 2.5 2.7 2.9 3.1 3.300001 3.500001 3.700001 3.9 4.25 4.75 5.25 5.75 6.25 6.75 7.25 7.75 8.25 8.75 9.25 9.75 10.25 10.75 11.25 11.75 12.25 12.75 13.25 13.75 14.25 14.75 15.25 15.75 16.25 16.75 17.25 17.75 18.25 18.75 19.25 19.75 20.5 21.5 22.5 23.5 24.5 25.5 26.5 27.5 28.5 29.5 30.5 31.5 32.5 33.5 34.5 35.5 36.5 37.5 38.5 39.5 41.0 43.0 45.0 47.0 49.0 51.0 53.0 55.0 57.0 59.0 61.0 63.0 65.0 67.0 69.0 69.9993
6.216893215549527e-05 0.0001343375329328287 0.00023650463068668824 0.00038866905377176185 0.0006408288060379149 0.001193158424401777 0.0022463384510640993 0.00431617825576669 0.007431505042664469 0.011768129779465966 0.01806519506254288 0.03177449308377533 0.05405428062518544 0.08794225006589905 0.1283288167031679 0.17167504777097292 0.21688879964836685 0.25756260019364857 0.29566104927242526 0.32919527301434354 0.36122019986856607 0.3923128929849593 0.43168816149856953 0.4812361548160027 0.5347381137954185 0.5919376771274328 0.6444717462138995 0.6863630297379686 0.7227891338971697 0.7571125426822812 0.7891048158264155 0.8189699160361186 0.8465987544752465 0.8742978535207044 0.9022876638822627 0.928637749108401 0.9492486012864578 0.9613476999113767 0.9666666975217367 0.9706095015519073 0.9723172176487691 0.9734344245612836 0.9738520772177595 0.9739059568571831 0.9739237710251106 0.9752750594085787 0.9831015176055029 0.9914823883034204 0.9918705347282011 0.9922856366634374 0.9953880274922503 0.9980901330279832 0.9983504287277661 0.9983732752988997 0.9983940841088943 0.9984175993601587 0.9984442821061167 0.9984743062171723 0.9985077493837112 0.9985443478316078 0.9985835299088985 0.9986246333813796 0.9986669257881674 0.9987098704210086 0.9987532343783762 0.9987968685557965 0.9988408708295852 0.9988854652805266 0.9989326319956747 0.9989848489251436 0.9990450418413572 0.9991152247573019 0.999194398893523 0.9992776862098077 0.9993583982085517 0.9994317299599268 0.9994959987376781 0.9995517261530187 0.9995993013363949 0.9996422787077609 0.9996800148618059 0.999713218002372 0.9997425127058777 0.9997684480635413 0.999791509385828 0.9998121222735621 0.9998306561801488 0.9998474317395769 0.9998614847598802 0.9998736431355909 0.9998845171772724 0.9998945531805681 0.9999040749685038 0.9999133156122364 0.9999224439611323 0.999931578959511 0.999940795889017 0.9999501672493677 0.9999597305287191 0.9999695218073001 0.9999795622718559 0.99998963623827 1.0 1.0
0.0 0.0015 0.0035 0.0075 0.015 0.035 0.07499999 0.15 0.25 0.35 0.45 0.55 0.65 0.75 0.85 0.95 1.05 1.15 1.25 1.35 1.45 1.55 1.65 1.75 1.85 1.95 2.1 2.3 2.5 2.7 2.9 3.1 3.300001 3.500001 3.700001 3.9 4.25 4.75 5.25 5.75 6.25 6.75 7.25 7.75 8.25 8.75 9.25 9.75 10.25 10.75 11.25 11.75 12.25 12.75 13.25 13.75 14.25 14.75 15.25 15.75 16.25 16.75 17.25 17.75 18.25 18.75 19.25 19.75 20.5 21.5 22.5 23.5 24.5 25.5 26.5 27.5 28.5 29.5 30.5 31.5 32.5 33.5 34.5 35.5 36.5 37.5 38.5 39.5 41.0 43.0 45.0 47.0 49.0 51.0 53.0 55.0 57.0 59.0 61.0 63.0 65.0 67.0 69.0 71.0 73.0 75.0 77.0 79.0 79.9992
8.94369623473871e-05 0.00018814531146411705 0.00031466923601669035 0.0004875520402167233 0.0007531529574936292 0.0012970601633502633 0.002305631309038753 0.004262098580230307 0.007175956423216067 0.011225480871189077 0.017099476543432385 0.02648021731466043 0.04724238887251916 0.0789386339365692 0.11625458151128043 0.1565681412686937 0.19994104815972763 0.24215862701369809 0.2819648103822287 0.31692506544010834 0.34786366876123637 0.37829353363296003 0.41584637360386123 0.4637826254700373 0.514983665650341 0.5698572632245942 0.6216370199247419 0.6658671051113682 0.7039278344549849 0.7372700146803762 0.7699122019321991 0.8012993123251161 0.8287857820985405 0.8567834491059474 0.8843465303614432 0.9124613876410095 0.9344203327918064 0.9479421214024266 0.954751560782967 0.9595022244580383 0.9611938296855632 0.962167532966351 0.9629528627463146 0.9631866924521315 0.9632052026777305 0.9648009045163585 0.9751291848008803 0.9869562658700238 0.9909726091085604 0.9913980810835626 0.9944843563305885 0.9973971103738788 0.9983261313476977 0.9983449628073104 0.9983661973308439 0.9983896624495951 0.9984161055279417 0.9984458262191981 0.9984788758217478 0.9985150211932833 0.9985537596096483 0.9985945027314539 0.9986365904015744 0.9986794776189104 0.9987229526449624 0.9987668953707571 0.9988113578022418 0.9988565062169348 0.998904188594871 0.9989567554633507 0.9990168345378352 0.999086185352871 0.9991637409020856 0.9992449271386 0.9993234159646085 0.9993946796786679 0.9994571506729412 0.9995113571438854 0.9995576813529014 0.9995995744429474 0.999636406682146 0.9996688614003406 0.9996975391423976 0.9997229688123377 0.9997456135107384 0.9997658784948277 0.9997841171927772 0.9998006366165664 0.9998144821563495 0.9998264523333744 0.9998371370790488 0.9998469736855563 0.9998562799729153 0.999865283599813 0.9998741460854002 0.9998829809052387 0.9998918668642586 0.9999008572774003 0.9999099895394163 0.9999192877959251 0.999928767524887 0.9999384322287433 0.9999482923794399 0.9999583572283751 0.9999686289159294 0.9999788579196911 0.9999893187921451 1.0 1.0
0.0 0.0015 0.0035 0.0075 0.015 0.035 0.07499999 0.15 0.25 0.35 0.45 0.55 0.65 0.75 0.85 0.95 1.05 1.15 1.25 1.35 1.45 1.55 1.65 1.75 1.85 1.95 2.1 2.3 2.5 2.7 2.9 3.1 3.300001 3.500001 3.700001 3.9 4.25 4.75 5.25 5.75 6.25 6.75 7.25 7.75 8.25 8.75 9.25 9.75 10.25 10.75 11.25 11.75 12.25 12.75 13.25 13.75 14.25 14.75 15.25 15.75 16.25 16.75 17.25 17.75 18.25 18.75 19.25 19.75 20.5 21.5 22.5 23.5 24.5 25.5 26.5 27.5 28.5 29.5 30.5 31.5 32.5 33.5 34.5 35.5 36.5 37.5 38.5 39.5 41.0 43.0 45.0 47.0 49.0 51.0 53.0 55.0 57.0 59.0 61.0 63.0 65.0 67.0 69.0 71.0 73.0 75.0 77.0 79.0 81.0 83.0 85.0 87.0 89.0 91.0 93.0 95.0 97.0 98.25 98.75 99.25 99.75 99.999
0.00016189348616522012 0.0003322974149316015 0.0005282303868188893 0.0007667115295812698 0.001090288662604208 0.0016693075431207663 0.0026771151225467643 0.0045693577737037664 0.007348201375675236 0.011139509091655264 0.016695711251922832 0.025507394523271002 0.04116415726925735 0.06749900793524556 0.10261289200110145 0.1409333807879128 0.1823035869005313 0.22563155508828495 0.26769704283267864 0.30833187992152766 0.3465515966321902 0.38297771449815127 0.4232087075797063 0.4684917137979834 0.5157141343328502 0.566222947734071 0.619795239280008 0.6703440170518536 0.7116246636074345 0.745328599756794 0.7762371740491466 0.8062990449782805 0.8353335995992041 0.8631504184063238 0.8892924770117343 0.9173961113547362 0.9412231889767799 0.9518213692449099 0.9578427925311915 0.9621781042582503 0.9649248814615227 0.966137315581533 0.9668401069649404 0.967020549085973 0.9670467232883049 0.969299395705439 0.9851753596851507 0.9912535485462425 0.9913399464540826 0.9918956643842258 0.9955702845737326 0.9974302411451733 0.9979334990726961 0.9980255288988346 0.9980492714959246 0.9980759891012203 0.9981058263527032 0.9981391166382847 0.9981761084611313 0.9982164287150036 0.9982598039409718 0.9983056139355883 0.9983531704821628 0.9984021980128277 0.9984521622633493 0.9985031614750786 0.9985551446820194 0.9986081888604004 0.9986643389768729 0.9987257867450083 0.9987948621895458 0.9988726951738925 0.9989578143624686 0.9990455704262287 0.999129711243427 0.9992057801013341 0.9992723206026796 0.9993300093649956 0.9993793101788457 0.9994238971653041 0.999463127625587 0.9994977331853538 0.9995283535557263 0.999555548308191 0.9995798063648197 0.9996015553127438 0.9996211677309682 0.9996389668142054 0.99965394886625 0.9996669588857406 0.9996786240356192 0.9996894039061481 0.9996996312701318 0.9997095435763881 0.9997193072728299 0.999729036259671 0.9997388058435641 0.9997486631768426 0.9997586350254416 0.9997687335157535 0.9997789639201224 0.9997893298413171 0.9997998305763585 0.999810462715797 0.9998212213036289 0.9998321006105734 0.9998430946437321 0.999854197550803 0.9998654043054842 0.9998767102505381 0.9998881095512371 0.9998995987629827 0.9999111766379869 0.9999228448809743 0.9999346026483696 0.9999461923861487 0.9999578882210718 0.9999686935043006 0.999978683067977 0.999988466781753 1.0 1.0
0.0 0.0015 0.0035 0.0075 0.015 0.035 0.07499999 0.15 0.25 0.35 0.45 0.55 0.65 0.75 0.85 0.95 1.05 1.15 1.25 1.35 1.45 1.55 1.65 1.75 1.85 1.95 2.1 2.3 2.5 2.7 2.9 3.1 3.300001 3.500001 3.700001 3.9 4.25 4.75 5.25 5.75 6.25 6.75 7.25 7.75 8.25 8.75 9.25 9.75 10.25 10.75 11.25 11.75 12.25 12.75 13.25 13.75 14.25 14.75 15.25 15.75 16.25 16.75 17.25 17.75 18.25 18.75 19.25 19.75 20.5 21.5 22.5 23.5 24.5 25.5 26.5 27.5 28.5 29.5 30.5 31.5 32.5 33.5 34.5 35.5 36.5 37.5 38.5 39.5 41.0 43.0 45.0 47.0 49.0 51.0 53.0 55.0 57.0 59.0 61.0 63.0 65.0 67.0 69.0 71.0 73.0 75.0 77.0 79.0 81.0 83.0 85.0 87.0 89.0 91.0 93.0 95.0 97.0 99.0 101.0 103.0 105.0 107.0 109.0 111.0 113.0 115.0 117.0 118.25 118.75 119.25 119.75 119.9988
0.00030053145539120894 0.0006084547168241199 0.0009384680423247027 0.001305298442662851 0.0017457628118412625 0.0024072638095167112 0.0034419197261843465 0.005261586854992704 0.007861428044072482 0.011373526888954547 0.016497835486014148 0.024610375167058267 0.03868964810020284 0.06236507336728255 0.09053862129417496 0.122288251058749 0.16029062611847267 0.20027357698040635 0.24145124956109218 0.28164443903991804 0.3209594039849948 0.3600973858453027 0.40349753703038044 0.45204564097143624 0.5005968371887254 0.5515239503954339 0.6015903619670487 0.6492650334983429 0.693222626245808 0.73078578957948 0.766188428334347 0.7972318979415464 0.8246223223914794 0.8513684502921909 0.8775441346035455 0.9060351923906987 0.9328558242567976 0.9452280558249275 0.9516986655433295 0.9551912414559222 0.9570010711679414 0.9583612571520759 0.958766310618346 0.9588048893864622 0.9588342634789907 0.9611021045098812 0.9773385710435726 0.990858333663446 0.9911231437224615 0.9917419705847776 0.9953039581528905 0.9977148341388845 0.9978018685139071 0.9978284360492926 0.9978545802502535 0.9978827248465182 0.9979141743808202 0.9979491729802308 0.9979878517500287 0.9980302428788204 0.9980757827043241 0.9981242775523966 0.9981747210770008 0.9982271595718627 0.9982810870610231 0.9983368138571147 0.9983938265699486 0.9984525843392534 0.9985151940720697 0.9985836377185444 0.9986594981262727 0.9987429346107727 0.9988319238107123 0.9989219887972784 0.9990073752241541 0.9990840602388779 0.9991508718506739 0.9992086377407307 0.9992579257305318 0.9993024234046944 0.9993415426882294 0.9993760362158551 0.9994065573439477 0.9994336717239723 0.9994578701417596 0.9994795804526057 0.999499174452998 0.9995169725280714 0.9995319878800374 0.9995450587508408 0.9995568089846072 0.9995676968530577 0.9995780552912669 0.9995881229289256 0.9995980679605444 0.9996080063555234 0.999618015511186 0.9996281446326997 0.9996384224366414 0.999648862811129 0.9996594690292734 0.9996702368595389 0.9996811568623455 0.9996922159814154 0.9997033988457852 0.9997146885654781 0.9997260674367607 0.9997375174303967 0.9997490204990663 0.9997605597708764 0.9997721252818257 0.9997837092379315 0.9997953048217192 0.9998069061922227 0.9998185084849841 0.9998301078120536 0.9998417011354055 0.9998532866647746 0.9998648633513187 0.9998764310322864 0.9998879870855721 0.999899535417209 0.9999110810724899 0.999922627071357 0.9999339208236675 0.9999452422075458 0.9999565864851182 0.9999665350068498 0.9999770983128803 0.9999890434143 1.0 1.0
0.0 0.0015 0.0035 0.0075 0.015 0.035 0.07499999 0.15 0.25 0.35 0.45 0.55 0.65 0.75 0.85 0.95 1.05 1.15 1.25 1.35 1.45 1.55 1.65 1.75 1.85 1.95 2.1 2.3 2.5 2.7 2.9 3.1 3.300001 3.500001 3.700001 3.9 4.25 4.75 5.25 5.75 6.25 6.75 7.25 7.75 8.25 8.75 9.25 9.75 10.25 10.75 11.25 11.75 12.25 12.75 13.25 13.75 14.25 14.75 15.25 15.75 16.25 16.75 17.25 17.75 18.25 18.75 19.25 19.75 20.5 21.5 22.5 23.5 24.5 25.5 26.5 27.5 28.5 29.5 30.5 31.5 32.5 33.5 34.5 35.5 36.5 37.5 38.5 39.5 41.0 43.0 45.0 47.0 49.0 51.0 53.0 55.0 57.0 59.0 61.0 63.0 65.0 67.0 69.0 71.0 73.0 75.0 77.0 79.0 81.0 83.0 85.0 87.0 89.0 91.0 93.0 95.0 97.0 99.0 101.0 103.0 105.0 107.0 109.0 111.0 113.0 115.0 117.0 119.0 121.0 123.0 125.0 127.0 129.0 131.0 133.0 135.0 136.25 136.75 137.25 137.75 138.25 138.75 139.25 139.75 139.9986
0.00045055768791383855 0.0009074340890756486 0.0013832668167597722 0.0018906938577973504 0.002461309151985039 0.003221625553854541 0.00430541842243714 0.006097242815576068 0.008587288384627028 0.01191100813220373 0.016787788402090522 0.02445300580838156 0.03749691813469873 0.05929459237836747 0.08488672583712681 0.11309427986546033 0.1445672993264161 0.17945188228391848 0.21773271290922577 0.256541080445487 0.2946115612375142 0.33288292219797755 0.3763630844464731 0.4256731982276787 0.4752047378012423 0.5246932623094495 0.5769297453393668 0.6286717325571646 0.6719953371513755 0.7120959683988025 0.7465481967176291 0.7790728906336256 0.8091371713736184 0.8388677351476003 0.8659754632495561 0.8961110559823977 0.9202460564369382 0.9360895901902092 0.9418163503928797 0.9461346893978662 0.947762966889019 0.9486147316761863 0.9491495538786044 0.9492593140181687 0.9492861921769401 0.9516325752723933 0.9683798064260837 0.9854352182030341 0.9898325103051843 0.9904804378482979 0.9938658112776961 0.9971105667214051 0.9975601481186258 0.9975862530148242 0.9976137832169876 0.9976441780394608 0.9976774737172535 0.997714710419271 0.9977556389831289 0.99780048429002 0.997848729337335 0.9979001126353148 0.9979544167739026 0.9980107889229275 0.9980698841142356 0.998130784145216 0.9981938579032074 0.9982593984435182 0.9983298336985607 0.9984069485227186 0.9984913534945793 0.9985821950368579 0.9986764467791506 0.9987698363523523 0.9988570977262732 0.998934775687305 0.9990020390715708 0.9990599244991867 0.9991091598455747 0.9991534649893351 0.9991923218071881 0.9992265237337741 0.9992567469068984 0.9992835725809395 0.9993075022558997 0.9993289664559893 0.9993483378041148 0.9993659344025682 0.9993807949402838 0.9993937480035968 0.9994054113247068 0.9994162383642121 0.9994265590848324 0.9994366105083565 0.9994465602870759 0.9994565245224434 0.9994665812691521 0.9994767806585242 0.9994871524256811 0.9994977115315724 0.9995084623654906 0.999519401733525 0.9995305211372587 0.9995418084547733 0.999553249079998 0.9995648268939569 0.9995765247877486 0.9995883252602373 0.9996002107168978 0.9996121636752716 0.9996241670264577 0.9996362041658562 0.9996482590678804 0.999660316379346 0.9996723614941821 0.9996843805534316 0.9996963605759954 0.9997082894399557 0.9997201558452193 0.9997319533105758 0.9997436798374963 0.9997553343613439 0.9997669167513736 0.9997784277920548 0.9997898691457152 0.9998012433338631 0.9998125537185101 0.9998238045955588 0.9998350010080265 0.9998461458136223 0.9998572496587153 0.9998683186883145 0.9998793630444871 0.9998903918233414 0.9999011937224739 0.999912011310992 0.9999216729653526 0.9999303688259662 0.9999392068622974 0.9999503530313756 0.9999632083909079 0.9999754801426537 0.999987657795442 1.0 1.0
0.0 0.0015 0.0035 0.0075 0.015 0.035 0.07499999 0.15 0.25 0.35 0.45 0.55 0.65 0.75 0.85 0.95 1.05 1.15 1.25 1.35 1.45 1.55 1.65 1.75 1.85 1.95 2.1 2.3 2.5 2.7 2.9 3.1 3.300001 3.500001 3.700001 3.9 4.25 4.75 5.25 5.75 6.25 6.75 7.25 7.75 8.25 8.75 9.25 9.75 10.25 10.75 11.25 11.75 12.25 12.75 13.25 13.75 14.25 14.75 15.25 15.75 16.25 16.75 17.25 17.75 18.25 18.75 19.25 19.75 20.5 21.5 22.5 23.5 24.5 25.5 26.5 27.5 28.5 29.5 30.5 31.5 32.5 33.5 34.5 35.5 36.5 37.5 38.5 39.5 41.0 43.0 45.0 47.0 49.0 51.0 53.0 55.0 57.0 59.0 61.0 63.0 65.0 67.0 69.0 71.0 73.0 75.0 77.0 79.0 81.0 83.0 85.0 87.0 89.0 91.0 93.0 95.0 97.0 99.0 101.0 103.0 105.0 107.0 109.0 111.0 113.0 115.0 117.0 119.0 121.0 123.0 125.0 127.0 129.0 131.0 133.0 135.0 137.0 139.0 141.0 143.0 145.0 147.0 149.0 151.0 153.0 155.0 156.25 156.75 157.25 157.75 158.25 158.75 159.25 159.75 159.9984
0.0005097984082317961 0.0010250491634185047 0.001556658120820433 0.0021155311356978873 0.00272893149129274 0.003506028262062272 0.004564449218699932 0.006282404017482255 0.008637936359753613 0.011755581728874816 0.016328716687830157 0.02357801350131546 0.03585688504697229 0.05663836155494059 0.08077617966777854 0.10707695498595075 0.1362654089219526 0.16774965920259632 0.20129644858355783 0.23691119670042013 0.27446470331205275 0.3120880070876579 0.35477623129735636 0.4027571167706825 0.45166036615271127 0.5021782023982814 0.553100111188247 0.6048338620327047 0.653467736170417 0.6985695757311635 0.736572486267675 0.7678521259492191 0.795712730455703 0.8234387731529976 0.8507940547088909 0.8826043541373763 0.9105026831786861 0.9281586926220364 0.9368939509264212 0.9420109269602894 0.9441713930688397 0.9444824633117219 0.944505625092178 0.9445277606259247 0.9445534965397242 0.9467136394057236 0.9615231188144082 0.9786469297214286 0.9884838334796018 0.989129764036433 0.9923308950205422 0.9959204803206468 0.9973287488192046 0.9973583394488126 0.9973878288473702 0.9974200857441265 0.997455897728267 0.9974952928657614 0.9975388100232335 0.9975863609380468 0.997637696694081 0.997692888714391 0.9977509719167261 0.9978120314667883 0.9978765711971285 0.9979433914326986 0.9980134390612585 0.9980868015712109 0.9981663653056208 0.998253553499504 0.998348480158766 0.998448604248552 0.9985501893172445 0.9986485181527437 0.9987389830970119 0.998818809877306 0.9988873727192744 0.9989460607916522 0.9989958140140962 0.9990403632250301 0.9990792452391699 0.9991133945565368 0.9991435000515252 0.9991701627230095 0.9991939080820827 0.999215184410031 0.9992343670359743 0.9992517783895184 0.999266477234809 0.9992792906275919 0.9992908346255863 0.9993015606650802 0.9993117968275851 0.9993217787511134 0.9993316735346441 0.999341597080955 0.9993516277037804 0.9993618159992894 0.9993721923561533 0.9993827724332476 0.9993935613405143 0.9994045565616941 0.9994157502576715 0.9994271309117204 0.9994386844327888 0.9994503951426449 0.9994622463565533 0.9994742209058831 0.9994863014478002 0.9994984707749616 0.9995107119510063 0.9995230085041129 0.9995353445431361 0.999547704776961 0.999560074630639 0.9995724402840994 0.9995847886915052 0.9995971076393204 0.9996093857075987 0.9996216123474065 0.9996337779001788 0.9996458735396521 0.9996578913299314 0.9996698242254906 0.9996816660518161 0.9996934115634748 0.9997050563860468 0.9997165970548364 0.9997280320794439 0.999739365389105 0.9997506022873204 0.9997617488905357 0.9997728121668539 0.9997837998973231 0.9997947207146488 0.9998055840644815 0.999816400340908 0.9998271807509603 0.9998378629688295 0.9998484524915743 0.9998589583777286 0.9998693897051819 0.9998797536355956 0.9998898561073041 0.9998999170994445 0.9999098473622323 0.9999194611763697 0.9999301838673031 0.9999407024121777 0.9999494615691394 0.9999597583154277 0.999971638969571 0.9999860840210695 1.0 1.0
0.0 0.0015 0.0035 0.0075 0.015 0.035 0.07499999 0.15 0.25 0.35 0.45 0.55 0.65 0.75 0.85 0.95 1.05 1.15 1.25 1.35 1.45 1.55 1.65 1.75 1.85 1.95 2.1 2.3 2.5 2.7 2.9 3.1 3.300001 3.500001 3.700001 3.9 4.25 4.75 5.25 5.75 6.25 6.75 7.25 7.75 8.25 8.75 9.25 9.75 10.25 10.75 11.25 11.75 12.25 12.75 13.25 13.75 14.25 14.75 15.25 15.75 16.25 16.75 17.25 17.75 18.25 18.75 19.25 19.75 20.5 21.5 22.5 23.5 24.5 25.5 26.5 27.5 28.5 29.5 30.5 31.5 32.5 33.5 34.5 35.5 36.5 37.5 38.5 39.5 41.0 43.0 45.0 47.0 49.0 51.0 53.0 55.0 57.0 59.0 61.0 63.0 65.0 67.0 69.0 71.0 73.0 75.0 77.0 79.0 81.0 83.0 85.0 87.0 89.0 91.0 93.0 95.0 97.0 99.0 101.0 103.0 105.0 107.0 109.0 111.0 113.0 115.0 117.0 119.0 121.0 123.0 125.0 127.0 129.0 131.0 133.0 135.0 137.0 139.0 141.0 143.0 145.0 147.0 149.0 151.0 153.0 155.0 157.0 159.0 161.0 163.0 165.0 167.0 169.0 171.0 173.0 175.0 177.0 179.0 181.0 183.0 185.0 187.0 189.0 191.0 193.0 194.25 194.75 195.25 195.75 196.25 196.75 197.25 197.75 198.25 198.75 199.25 199.75 199.998
0.0008592147487813014 0.001723007143821945 0.002600530579920374 0.0035009396595151857 0.004447120888702872 0.005530752442206124 0.006846273332657043 0.008809499425120841 0.011380986259365473 0.014703466550255031 0.01962293880525819 0.02726283615455544 0.03981955585132048 0.061598017603579344 0.08666345157583391 0.11368621145580556 0.14347589920195664 0.17554971753318485 0.20974104661240295 0.24566463197885358 0.28332190554871794 0.3227475438463846 0.3685741407581498 0.420334494812885 0.47276834978085763 0.5266103649230456 0.5810728828277637 0.6356924974643638 0.6888165187796832 0.7380688285130029 0.7833749325188951 0.8250251992461084 0.8625326909330164 0.8947087791331878 0.9198502944350712 0.9435775423539664 0.9596201464055012 0.9726323758915151 0.9789096997571666 0.9842129065715347 0.9884680301004586 0.9901256835546495 0.9902012713044959 0.990224100016385 0.9902562644767356 0.9903113780679509 0.9904175575856289 0.9904645468639758 0.9904974548856206 0.9908274106411793 0.9922414475374184 0.9941657979681621 0.995602092880058 0.9959815658498438 0.9960260770505971 0.9960733321822975 0.9961257422122505 0.9961835767892501 0.9962462867820665 0.9963152540760749 0.9963909253256118 0.9964716112146232 0.9965572168570973 0.9966500459128858 0.9967473127011957 0.9968502407340221 0.9969601858462165 0.9970758917469801 0.9972049041170277 0.9973466519150872 0.9974998127751911 0.9976578067837066 0.9978126131397789 0.9979582609254519 0.9980884340102064 0.9982010687095413 0.9982966541177185 0.998377529951274 0.9984453498146173 0.998505366769893 0.998557224045696 0.99860229300368 0.9986417855969981 0.9986764426266243 0.9987071644745523 0.9987345139010937 0.998759081442283 0.9987812668270107 0.9987999060626898 0.9988160924777063 0.9988306442655159 0.9988441528420056 0.9988570447629292 0.9988696255267414 0.9988821110767536 0.9988946514881326 0.9989073484614316 0.9989202682270867 0.9989334511892871 0.9989469188785315 0.998960679247993 0.9989747304689592 0.9989890637774131 0.9990036655442731 0.999018518793569 0.9990336043583261 0.999048901639654 0.9990643892795742 0.9990800456095715 0.9990958489783837 0.9991117779590236 0.9991278116075608 0.9991439296183888 0.9991601123932329 0.9991763411619148 0.9991925979996042 0.999208865982087 0.9992251291685131 0.999241372618649 0.9992575824618843 0.999273745931738 0.9992898513658562 0.9993058882232658 0.9993218471016256 0.9993377197199744 0.9993534990049914 0.9993691790219879 0.9993847550439151 0.9994002234651048 0.9994155818702766 0.9994308290172862 0.9994459648371258 0.9994609904166715 0.9994759080159353 0.9994907209990581 0.9995054339033163 0.9995200523873663 0.9995345832312452 0.9995489343437656 0.9995631082954753 0.999577107639671 0.999590934860641 0.9996045924254214 0.9996180827320408 0.9996314081440233 0.9996445709903892 0.9996575735656548 0.9996704197515206 0.9996831168973396 0.9996956723697166 0.9997080933799887 0.9997203870359804 0.9997325603247531 0.9997446200953514 0.9997565730933081 0.9997684259951483 0.9997801853393805 0.9997918566811497 0.9998034463001844 0.9998149609247657 0.9998264081285224 0.9998377938806474 0.9998489250967322 0.9998600154083198 0.9998689901586356 0.9998808975940546 0.9998938863677185 0.999905473588725 0.9999163251153503 0.9999288353529776 0.9999439679639447 0.9999604631380443 0.9999708833301111 0.9999740614421972 0.9999760639165947 0.9999838712066709 1.0 1.0
