1.0 2.0 3.0 4.0 5.0 6.0 7.0 8.0 9.0 10.0 11.0 12.0 13.0 14.0 15.0 16.0 17.0 18.0 19.0 20.0 22.0 24.0 26.0 28.0 30.0 35.0 40.0 45.0 50.0 55.0 60.0 65.0 70.0 75.0 80.0 85.0 90.0 95.0 100.0 110.0 120.0 130.0 140.0 150.0
0.0 1.130992 1.006708 1.014184 1.089702 1.22492 1.449613 1.685635 1.894162 2.09766 2.284061 2.455922 2.549189 2.492565 2.361686 2.174032 2.022462 1.930519 1.918559 1.934392 2.085597 2.257498 2.393712 2.425073 2.41095 2.405118 2.469388 2.436 2.387663 2.358185 2.34869 2.332239 2.274148 2.273608 2.276856 2.247413 2.245627 2.260184 2.235047 2.235006 2.273127 2.280628 2.297209 2.27896
0.0 1.0000000000000001e-11
1.0 1.0
0.0 0.375 0.625 0.875 1.125 1.375 1.625 1.875 2.125 2.375 2.625 2.875 3.125 3.375 3.625 3.875 4.125 4.375 4.625 4.875 5.125 5.375 5.625 5.875 6.125 6.375 6.625 6.875 7.125 7.375 7.625 7.875 8.125
0.007722191343315879 0.009104221201472291 0.651844098205451 0.6569737706181992 0.6748466890178176 0.7087238384108203 0.7255621148368542 0.7417174946838716 0.7543937505110123 0.7712871715359948 0.7779660450363152 0.7855836892671292 0.7941092555773525 0.8035033273615562 0.8137214787475067 0.8247175070288533 0.8364457239780504 0.8488632019855308 0.8619313225154267 0.8756168477272761 0.8898929544529377 0.9072455540856045 0.9199344485237817 0.9354395622962897 0.9492109402176204 0.9772872281487406 0.9794926364116772 0.9794926364116772 0.9794926364116772 0.9794926364116772 0.9794926364116772 1.0 1.0
0.0 0.375 0.625 0.875 1.125 1.375 1.625 1.875 2.125 2.375 2.625 2.875 3.125 3.375 3.625 3.875 4.125 4.375 4.625 4.875 5.125 5.375 5.625 5.875 6.125 6.375 6.625 6.875 7.125 7.375 7.625 7.875 8.125 8.375 8.625 8.875 9.125
0.0004269716411530347 0.0005388895310898616 0.9780017882727239 0.978285989188109 0.9795628612485806 0.9813655210434391 0.9822646432196094 0.9831238151180132 0.9837866333528621 0.9847019449848253 0.9850403612229863 0.9854256214604441 0.985856018082692 0.9863293823767975 0.9868432970767724 0.9873952628991209 0.9879828185684604 0.9886036503409 0.98925566076872 0.9899370369649421 0.9906462883613906 0.9913822737144561 0.9921442226096863 0.992931749464775 0.9937448542797221 0.9947290696198366 0.9954166193838654 0.9962611724117324 0.9970200871592949 0.9985190636300629 0.9987616424108082 0.9987616424108082 0.9987616424108082 0.9987616424108082 0.9987616424108082 1.0 1.0
0.0 0.375 0.625 0.875 1.125 1.375 1.625 1.875 2.125 2.375 2.625 2.875 3.125 3.375 3.625 3.875 4.125 4.375 4.625 4.875 5.125 5.375 5.625 5.875 6.125 6.375 6.625 6.875 7.125 7.375 7.625 7.875 8.125 8.375 8.625 8.875 9.125 9.375 9.625 9.875 10.125
7.236686777555565e-05 8.715072756209482e-05 0.9834009708021122 0.9834423275481378 0.9919889367104 0.9922732244941339 0.9969514612231489 0.9971296181677403 0.9972544141820707 0.9973752400527865 0.9975992781570681 0.9976482044269109 0.9977020991264803 0.9977612035145033 0.9978253798359967 0.9978943190797825 0.9979677169848545 0.9980452880408848 0.998126774488549 0.9982119545698255 0.9983006465281397 0.9983927138585534 0.9984880668078199 0.9985866643744562 0.9986885145587517 0.9987936761128317 0.9989022582906482 0.9990144198479438 0.999130367292189 0.9992613320296649 0.9993523375716699 0.9994638888568897 0.9995796340438186 0.9998236481207045 0.9998560820439585 0.9998560820439585 0.9998560820439585 0.9998560820439585 0.9998560820439585 1.0 1.0
0.0 0.375 0.625 0.875 1.125 1.375 1.625 1.875 2.125 2.375 2.625 2.875 3.125 3.375 3.625 3.875 4.125 4.375 4.625 4.875 5.125 5.375 5.625 5.875 6.125 6.375 6.625 6.875 7.125 7.375 7.625 7.875 8.125 8.375 8.625 8.875 9.125 9.375 9.625 9.875 10.125 10.375 10.625 10.875 11.125
3.033245624791559e-05 7.18530807835036e-05 0.9131613373847435 0.9147775156946107 0.9448381428537886 0.9449538523442417 0.9672083670871942 0.9797554308147942 0.989228430803634 0.9944094437342285 0.9963382377463282 0.9965394377726936 0.9970207055117184 0.9989621407139615 0.9989855883416509 0.9990167448102932 0.9990457619967574 0.9990741331735046 0.9991038466204417 0.9991348908373958 0.9991671980733474 0.9992007168275221 0.9992354125994013 0.9992712688887363 0.9993082866955424 0.9993464857701166 0.9993859036130232 0.9994265962251041 0.999468636357454 0.9995121125114038 0.9995571266884881 0.999603787890346 0.9996522036185947 0.9997069644422838 0.9997450527651922 0.9997914474630415 0.9998390634292605 0.9999382674214449 0.9999517062735863 0.9999517062735863 0.9999517062735863 0.9999517062735863 0.9999517062735863 1.0 1.0
0.0 0.375 0.625 0.875 1.125 1.375 1.625 1.875 2.125 2.375 2.625 2.875 3.125 3.375 3.625 3.875 4.125 4.375 4.625 4.875 5.125 5.375 5.625 5.875 6.125 6.375 6.625 6.875 7.125 7.375 7.625 7.875 8.125 8.375 8.625 8.875 9.125 9.375 9.625 9.875 10.125 10.375 10.625 10.875 11.125 11.375 11.625 11.875 12.125
0.05520309306912446 0.05551011988154961 0.7587220580053229 0.7650027925120298 0.8033586652797066 0.8036678629005568 0.8576828943551644 0.9086091351662958 0.9481262748362127 0.9702757139834711 0.9779591375483329 0.9815381455452712 0.9854935177740349 0.996040227375573 0.9963771943888377 0.9978215562893435 0.9988175265344797 0.999357513460368 0.9995290502283178 0.9995445824782045 0.999559566965047 0.9995743657899665 0.9995896872016906 0.9996055242639083 0.999621877927151 0.999638757260003 0.9996561793720316 0.999674169311026 0.9996927598317882 0.9997119907795706 0.9997319078569558 0.9997525601576108 0.9997739962870926 0.999796257375156 0.9998193667226678 0.9998433142848222 0.9998476707762058 0.9998751277777274 0.9998880815439357 0.9999093519983462 0.9999321440738573 0.9999780398450713 0.999982898987788 0.999982898987788 0.999982898987788 0.999982898987788 0.999982898987788 1.0 1.0
0.0 0.375 0.625 0.875 1.125 1.375 1.625 1.875 2.125 2.375 2.625 2.875 3.125 3.375 3.625 3.875 4.125 4.375 4.625 4.875 5.125 5.375 5.625 5.875 6.125 6.375 6.625 6.875 7.125 7.375 7.625 7.875 8.125 8.375 8.625 8.875 9.125 9.375 9.625 9.875 10.125 10.375 10.625 10.875 11.125 11.375 11.625 11.875 12.125 12.375 12.625 12.875 13.125
0.08065859944412154 0.0995449551409384 0.658951060219666 0.6928066510933458 0.7397477893801259 0.7412478890230163 0.7887890111972388 0.8386839043107057 0.8860680408009105 0.9208590697291068 0.9343512896490005 0.9476069725078545 0.9590739626677031 0.9816795630592349 0.9839375043295803 0.9905459956349335 0.9950767673678685 0.9976998717477991 0.998829062802732 0.999265728261922 0.9995655711784779 0.9997278576001132 0.9997811744742411 0.9997887091368682 0.9997961415611382 0.9998035894603057 0.999811266179892 0.9998191854782517 0.9998273609836975 0.9998358093935142 0.9998445498237516 0.9998536028469208 0.9998629886454093 0.9998727241505757 0.9998828183872761 0.999893265997815 0.9999040384771708 0.9999150747320082 0.9999262736163158 0.9999374938793897 0.9999396533350305 0.999952115361107 0.999957387151563 0.9999658429737256 0.9999740713539057 0.9999890900411336 0.9999917849360342 0.9999917849360342 0.9999917849360342 0.9999917849360342 0.9999917849360342 1.0 1.0
0.0 0.375 0.625 0.875 1.125 1.375 1.625 1.875 2.125 2.375 2.625 2.875 3.125 3.375 3.625 3.875 4.125 4.375 4.625 4.875 5.125 5.375 5.625 5.875 6.125 6.375 6.625 6.875 7.125 7.375 7.625 7.875 8.125 8.375 8.625 8.875 9.125 9.375 9.625 9.875 10.125 10.375 10.625 10.875 11.125 11.375 11.625 11.875 12.125 12.375 12.625 12.875 13.125 13.375 13.625 13.875 14.125
0.08215546772676871 0.11061566639415905 0.5798199717871602 0.6433565994693984 0.705520123875799 0.7232521167599235 0.7651284742650508 0.8081760700990438 0.8504671148398729 0.8839936916290526 0.8973873970256147 0.9151341081443334 0.9311844900215173 0.9574098334282534 0.9710503601053232 0.9811742125327134 0.988578156028648 0.9934147475021876 0.9962635236218772 0.9979852694717108 0.9990153665676877 0.9994960599452238 0.9996856776552892 0.999791375661497 0.999849971152693 0.9998705838385334 0.9998750808513148 0.9998795934802602 0.9998841661533562 0.9998888844732088 0.999893758434163 0.9998987987072638 0.9999040157032877 0.9999094179330438 0.9999150095087886 0.9999207866305893 0.9999267328754462 0.9999328140960141 0.9999389746727221 0.9999451376439087 0.9999512117070681 0.999957105377506 0.9999627444524165 0.9999680853627019 0.9999711811891392 0.9999751764285435 0.999977533001392 0.9999815330297532 0.9999851659741522 0.9999914321161292 0.9999938989469037 0.9999938989469037 0.9999938989469037 0.9999938989469037 0.9999938989469037 1.0 1.0
0.0 0.375 0.625 0.875 1.125 1.375 1.625 1.875 2.125 2.375 2.625 2.875 3.125 3.375 3.625 3.875 4.125 4.375 4.625 4.875 5.125 5.375 5.625 5.875 6.125 6.375 6.625 6.875 7.125 7.375 7.625 7.875 8.125 8.375 8.625 8.875 9.125 9.375 9.625 9.875 10.125 10.375 10.625 10.875 11.125 11.375 11.625 11.875 12.125 12.375 12.625 12.875 13.125 13.375 13.625 13.875 14.125 14.375 14.625 14.875
0.07476363802944215 0.10380641174026481 0.5009747690176325 0.5656404031323374 0.6458391177156753 0.6680401122122777 0.7112077724951003 0.7537029759738825 0.8014282434323792 0.8425696896234098 0.8637695873616689 0.8875079168191842 0.9067471396530279 0.9326074542882221 0.9485530755560323 0.9614509002770156 0.9721071582291385 0.9804548501101694 0.9867389847487994 0.9914150920451501 0.9947738723083921 0.9969623627352298 0.9982568007174092 0.9990330024423849 0.9995039579502226 0.9997294274337508 0.9998188668599461 0.9998688365028846 0.9998975522679239 0.9999086579844993 0.9999121146961961 0.9999156353624796 0.9999192288270292 0.9999229454547308 0.9999267877353003 0.9999307526603308 0.9999348286889498 0.9999389922985256 0.9999432055727541 0.9999474163572662 0.999951563109388 0.9999555845717255 0.9999594314945784 0.9999630755314901 0.9999665119364385 0.999969766592099 0.9999728773369723 0.9999758771338642 0.9999776994972495 0.9999802980089345 0.9999818395219506 0.999986500322679 0.9999886673457866 0.999991208552502 0.9999940313979969 0.9999940313979969 0.9999940313979969 0.9999940313979969 1.0 1.0
0.0 0.375 0.625 0.875 1.125 1.375 1.625 1.875 2.125 2.375 2.625 2.875 3.125 3.375 3.625 3.875 4.125 4.375 4.625 4.875 5.125 5.375 5.625 5.875 6.125 6.375 6.625 6.875 7.125 7.375 7.625 7.875 8.125 8.375 8.625 8.875 9.125 9.375 9.625 9.875 10.125 10.375 10.625 10.875 11.125 11.375 11.625 11.875 12.125 12.375 12.625 12.875 13.125 13.375 13.625 13.875 14.125 14.375 14.625 14.875 15.125 15.375 15.625 15.875
0.06693964171114607 0.096944962056724 0.44374200051148266 0.5031954460083051 0.5976841864411909 0.6208583650136514 0.6623841597716049 0.7022665826696507 0.7502484110346542 0.7929350506447546 0.8198339418982298 0.8495252424723189 0.875304110927206 0.9051594489810697 0.9262747569476004 0.9426041751998353 0.9555469054602415 0.9654980199460157 0.9735011292890376 0.980142784390763 0.9855147108553337 0.9897516162921447 0.9929846764278563 0.9954057996117591 0.997173332005933 0.9983347212382498 0.9990204413094362 0.9994382950745607 0.9996965038645468 0.9998217678860963 0.9998728448012233 0.9999018157992461 0.999919116598932 0.9999265148727108 0.9999295684139905 0.9999326834467179 0.999935860203424 0.9999391022495787 0.9999423801054591 0.9999456534657463 0.9999488749716906 0.9999519976779305 0.9999549840953526 0.9999578129603172 0.9999604812499255 0.9999630094062086 0.9999654270096531 0.9999677597962384 0.999970034509577 0.9999722766660359 0.999974509622031 0.9999767545016829 0.9999793575018422 0.9999803927827082 0.9999817371485278 0.9999856533269748 0.9999877329083138 0.9999898661835714 0.9999934334368074 0.9999934334368074 0.9999934334368074 0.9999934334368074 1.0 1.0
0.0 0.375 0.625 0.875 1.125 1.375 1.625 1.875 2.125 2.375 2.625 2.875 3.125 3.375 3.625 3.875 4.125 4.375 4.625 4.875 5.125 5.375 5.625 5.875 6.125 6.375 6.625 6.875 7.125 7.375 7.625 7.875 8.125 8.375 8.625 8.875 9.125 9.375 9.625 9.875 10.125 10.375 10.625 10.875 11.125 11.375 11.625 11.875 12.125 12.375 12.625 12.875 13.125 13.375 13.625 13.875 14.125 14.375 14.625 14.875 15.125 15.375 15.625 15.875 16.125 16.375 16.625 16.875
0.060482930549198316 0.09200165064223857 0.4043695956178399 0.4604634396764696 0.5622852238301896 0.5857806366400653 0.6253343649844803 0.6630389900695945 0.7097298969254936 0.7509218895994993 0.7787547660723335 0.8099409241985513 0.8378508112259704 0.8691432902783841 0.893685500602601 0.9141513336487326 0.9319412327909136 0.9465720997451368 0.9583025946774655 0.9677107474779565 0.9748299714551258 0.9802422989873858 0.9847197982307048 0.9884147878201192 0.9914827672613985 0.9939215751078067 0.9957860776448599 0.9972081563487459 0.998259125311054 0.9989541522627521 0.9993692151988488 0.9996252570060562 0.9997857307755068 0.9998655121646943 0.999898646277755 0.9999177024235848 0.9999295069568249 0.9999350585421053 0.9999378382110291 0.9999405925617674 0.9999432884720546 0.9999459005464372 0.9999483978956982 0.9999507632092044 0.9999529943285996 0.9999551085954247 0.9999571308307736 0.9999590826465381 0.999960986396384 0.9999628634063109 0.9999647331787909 0.9999666133258033 0.9999685198263939 0.9999704674774071 0.9999724703133079 0.9999745420285819 0.9999769675828862 0.9999780821960494 0.999979463497536 0.9999832391009497 0.9999855205476439 0.9999923076243264 0.9999923076243264 0.9999923076243264 0.9999923076243264 0.9999923076243264 1.0 1.0
0.0 0.375 0.625 0.875 1.125 1.375 1.625 1.875 2.125 2.375 2.625 2.875 3.125 3.375 3.625 3.875 4.125 4.375 4.625 4.875 5.125 5.375 5.625 5.875 6.125 6.375 6.625 6.875 7.125 7.375 7.625 7.875 8.125 8.375 8.625 8.875 9.125 9.375 9.625 9.875 10.125 10.375 10.625 10.875 11.125 11.375 11.625 11.875 12.125 12.375 12.625 12.875 13.125 13.375 13.625 13.875 14.125 14.375 14.625 14.875 15.125 15.375 15.625 15.875 16.125 16.375 16.625 16.875 17.125 17.375 17.625 17.875
0.05554302987473086 0.08859112340025273 0.37412427319764274 0.42789123693608055 0.5346093965243928 0.5584032663952151 0.5969489350634158 0.6324041206969221 0.676993959055454 0.7163764906210849 0.7439468192984908 0.7753451854923455 0.8036402215084687 0.8345289929266178 0.8600849743669662 0.8820267692644314 0.9020692322575921 0.9195689655760124 0.9344559343041404 0.9473243419322948 0.9580118930719177 0.9667242602053172 0.9739249399895534 0.9797044508250365 0.984188466034383 0.9875376288635561 0.9902565468273347 0.9925641578540405 0.9944905815566385 0.9960253184790102 0.9972134975513302 0.9981349614550875 0.9988216990625588 0.9992806352407838 0.9995560412446679 0.999726709116343 0.9998351739478043 0.9998893711623631 0.9999121634843793 0.9999252089616105 0.9999333537162703 0.999937380344924 0.9999395841361322 0.9999416599415322 0.9999436105977728 0.9999454590267269 0.9999472270274269 0.9999489335237143 0.9999505980894962 0.9999522393222968 0.9999538742240254 0.9999555181213234 0.9999571849199387 0.9999588874747225 0.9999606379724748 0.9999624482762473 0.9999643303004804 0.9999662962268352 0.999968358812525 0.9999705315367718 0.9999730137075838 0.9999743162074725 0.9999758900492997 0.999979857658178 0.999982565090796 0.9999911007069354 0.9999911007069354 0.9999911007069354 0.9999911007069354 0.9999911007069354 1.0 1.0
0.0 0.375 0.625 0.875 1.125 1.375 1.625 1.875 2.125 2.375 2.625 2.875 3.125 3.375 3.625 3.875 4.125 4.375 4.625 4.875 5.125 5.375 5.625 5.875 6.125 6.375 6.625 6.875 7.125 7.375 7.625 7.875 8.125 8.375 8.625 8.875 9.125 9.375 9.625 9.875 10.125 10.375 10.625 10.875 11.125 11.375 11.625 11.875 12.125 12.375 12.625 12.875 13.125 13.375 13.625 13.875 14.125 14.375 14.625 14.875 15.125 15.375 15.625 15.875 16.125 16.375 16.625 16.875 17.125 17.375 17.625 17.875 18.125 18.375 18.625 18.875
0.049473607149600154 0.0840655491286634 0.350864006030362 0.40281509403052107 0.5143441051776129 0.5378072683492341 0.5754154209999283 0.6089890562759723 0.6514314566177556 0.6892812422358923 0.7160732966195946 0.7468091535414633 0.774710613741016 0.8043367318075327 0.830287887068744 0.8525900899097055 0.8733292461444977 0.8919394294339998 0.9081935068382897 0.9227837778161974 0.9354749576455444 0.9468201711393882 0.956885267892673 0.9652752246291605 0.9723261653083536 0.9781695124411707 0.9828088551686993 0.9863835090380397 0.9891625955847078 0.9913431768434958 0.9931814396080556 0.9947714649756767 0.9961105115188945 0.9971839841658388 0.9980212851807941 0.9986803439669942 0.999170001442279 0.9994961444641108 0.9996916045789017 0.9998104048927187 0.9998843388934661 0.9999099106142615 0.9999214109806117 0.999929647457375 0.9999314890223543 0.9999331938413144 0.9999348222763839 0.9999363940435013 0.999937927170351 0.9999394387572306 0.9999409444288161 0.9999424582496221 0.9999439929520049 0.999945560305068 0.99994717144514 0.9999488372088139 0.9999505684249972 0.9999523762172092 0.9999542721521681 0.9999562684652328 0.9999583781654383 0.9999606151174756 0.9999629939699587 0.999965529940231 0.9999682821530519 0.9999699238174751 0.999971881605555 0.9999777658243201 0.9999797345975797 0.9999904646691815 0.9999904646691815 0.9999904646691815 0.9999904646691815 0.9999904646691815 1.0 1.0
0.0 0.375 0.625 0.875 1.125 1.375 1.625 1.875 2.125 2.375 2.625 2.875 3.125 3.375 3.625 3.875 4.125 4.375 4.625 4.875 5.125 5.375 5.625 5.875 6.125 6.375 6.625 6.875 7.125 7.375 7.625 7.875 8.125 8.375 8.625 8.875 9.125 9.375 9.625 9.875 10.125 10.375 10.625 10.875 11.125 11.375 11.625 11.875 12.125 12.375 12.625 12.875 13.125 13.375 13.625 13.875 14.125 14.375 14.625 14.875 15.125 15.375 15.625 15.875 16.125 16.375 16.625 16.875 17.125 17.375 17.625 17.875 18.125 18.375 18.625 18.875 19.125 19.375 19.625 19.875
0.04135541006720475 0.07809888802617346 0.3348376005802121 0.38626472629777386 0.5058898858351975 0.5273869373267076 0.5638180879148408 0.5963849527971464 0.6360326415168703 0.670963293844006 0.696982485876331 0.7272434357384029 0.7544531207026178 0.783151157863409 0.80872709509518 0.8307769098957966 0.8514037060782915 0.8702954752336054 0.8870090799391174 0.9023740836363368 0.9159420796541071 0.9283408842832208 0.9396459664315197 0.9495046947181816 0.9580771930580324 0.9656944672234968 0.9723037609368622 0.9776240765287564 0.9818106463162118 0.9851790332183177 0.9879975989147369 0.9903398855290163 0.9922155805682094 0.9937700321066717 0.9951338626466645 0.9963486872586573 0.9973502354000015 0.9981561027884346 0.9987898831540952 0.9992788530873694 0.9996371015126474 0.999769850086521 0.9998555936462533 0.9999134109542546 0.9999158621601911 0.9999175946049038 0.9999192160330566 0.9999207751539402 0.9999222941570876 0.9999237907078776 0.9999252808717771 0.9999267788872397 0.9999282973111525 0.9999298477154489 0.9999314410315867 0.9999330878950273 0.9999347989208188 0.9999365849766266 0.9999384573409394 0.9999404279250655 0.9999425093879601 0.9999447151693962 0.9999470594389321 0.9999495568662576 0.999952222059822 0.9999550686788445 0.9999581080018134 0.9999613471479558 0.9999645975725864 0.9999667700977919 0.9999711585270046 0.9999762568630624 0.9999785941945415 0.9999909091045687 0.9999909091045687 0.9999909091045687 0.9999909091045687 0.9999909091045687 1.0 1.0
0.0 0.375 0.625 0.875 1.125 1.375 1.625 1.875 2.125 2.375 2.625 2.875 3.125 3.375 3.625 3.875 4.125 4.375 4.625 4.875 5.125 5.375 5.625 5.875 6.125 6.375 6.625 6.875 7.125 7.375 7.625 7.875 8.125 8.375 8.625 8.875 9.125 9.375 9.625 9.875 10.125 10.375 10.625 10.875 11.125 11.375 11.625 11.875 12.125 12.375 12.625 12.875 13.125 13.375 13.625 13.875 14.125 14.375 14.625 14.875 15.125 15.375 15.625 15.875 16.125 16.375 16.625 16.875 17.125 17.375 17.625 17.875 18.125 18.375 18.625 18.875 19.125 19.375 19.625 19.875 20.125 20.375 20.625 20.875
0.03423862766640937 0.07675291981195587 0.3232761805484349 0.3793463851564502 0.5110372014562328 0.5334234186668524 0.5697961661605958 0.6009059312720318 0.639832792602118 0.6728974865388003 0.6977638221528017 0.7267047328109846 0.7527032951756264 0.7797394464206701 0.8039445196866377 0.825143959492895 0.8450332249748338 0.8631667008869327 0.879386993094848 0.8943300097039308 0.9077085111231804 0.9199972937523672 0.9313563733509688 0.9414763218692894 0.9504192878426212 0.9584941958465798 0.9657394548507486 0.9718538983573799 0.9768641189519688 0.9809753611488408 0.9843682322887832 0.987164807036593 0.9893729449277936 0.9911609131026172 0.9927824286781353 0.9943072357826911 0.9956159792743592 0.9967201902352492 0.9976948878289512 0.9985593085795165 0.9992945905170958 0.9995660309389004 0.999748116662668 0.9998937518801673 0.9998996570208534 0.9999017251448914 0.9999034807157806 0.9999051153028654 0.9999066903757543 0.9999082320591575 0.9999097623304815 0.9999112992359663 0.9999128563312705 0.9999144455828028 0.999916078466213 0.9999177660197882 0.9999195190453363 0.9999213485811448 0.9999232660901489 0.9999252836531839 0.9999274140783252 0.9999296709517443 0.999932068571597 0.999934621668314 0.9999373449036708 0.9999402518816387 0.9999433537651029 0.9999466573433348 0.9999501629977542 0.9999538624896945 0.9999577375364352 0.9999617590992186 0.999965349886528 0.9999679970159291 0.9999744877885111 0.9999782509266947 0.9999806568309844 0.9999924244696277 0.9999924244696277 0.9999924244696277 0.9999924244696277 0.9999924244696277 1.0 1.0
0.0 0.375 0.625 0.875 1.125 1.375 1.625 1.875 2.125 2.375 2.625 2.875 3.125 3.375 3.625 3.875 4.125 4.375 4.625 4.875 5.125 5.375 5.625 5.875 6.125 6.375 6.625 6.875 7.125 7.375 7.625 7.875 8.125 8.375 8.625 8.875 9.125 9.375 9.625 9.875 10.125 10.375 10.625 10.875 11.125 11.375 11.625 11.875 12.125 12.375 12.625 12.875 13.125 13.375 13.625 13.875 14.125 14.375 14.625 14.875 15.125 15.375 15.625 15.875 16.125 16.375 16.625 16.875 17.125 17.375 17.625 17.875 18.125 18.375 18.625 18.875 19.125 19.375 19.625 19.875 20.125 20.375 20.625 20.875 21.125 21.375 21.625 21.875
0.028344955016823364 0.08207855221920728 0.31652559453326296 0.386927674532855 0.5341379311777111 0.5608644190138241 0.590072739078076 0.620736776991444 0.6597945628747282 0.6936254558299149 0.7174754208560342 0.7430588855784337 0.7680546829760856 0.7949625555634409 0.8151100024532529 0.8342537329636576 0.8528577031226823 0.8697141019420189 0.8845630680025409 0.8982273031053749 0.9108647392627501 0.9225725874440179 0.9329454119097086 0.9425313247217219 0.9508834409106007 0.9586760203843914 0.9655287104249274 0.9713421373400061 0.9761478292171547 0.9803817990966531 0.9839130032146217 0.9868859712937307 0.9891547091462229 0.9909830157159483 0.9926324645987527 0.994226472981332 0.9956529649144913 0.9968182993160714 0.9978591785254041 0.9988076283351699 0.9992265685420778 0.9994640968686291 0.9996774057417591 0.9998671733893256 0.9998822843313548 0.9998847495590437 0.9998867683353219 0.9998886042461569 0.9998903394090961 0.9998920137673233 0.9998936634380562 0.9998953132507734 0.9998969777892752 0.9998986715359451 0.9999004094295437 0.999902204755731 0.9999040689493017 0.9999060136783104 0.9999080512117089 0.99991019441174 0.9999124567288664 0.9999148524096764 0.9999173964106786 0.9999201041244762 0.9999229908143656 0.99992607055199 0.9999293547467897 0.9999328501430123 0.9999365566645945 0.9999404650825668 0.9999445554684395 0.9999487965856997 0.9999531465997317 0.99995755538506 0.9999619678214094 0.999966327926458 0.9999697747184636 0.9999754897833234 0.9999786356449946 0.9999820045992608 0.9999860486374504 0.9999939994962905 0.9999939994962905 0.9999939994962905 0.9999939994962905 0.9999939994962905 1.0 1.0
0.0 0.375 0.625 0.875 1.125 1.375 1.625 1.875 2.125 2.375 2.625 2.875 3.125 3.375 3.625 3.875 4.125 4.375 4.625 4.875 5.125 5.375 5.625 5.875 6.125 6.375 6.625 6.875 7.125 7.375 7.625 7.875 8.125 8.375 8.625 8.875 9.125 9.375 9.625 9.875 10.125 10.375 10.625 10.875 11.125 11.375 11.625 11.875 12.125 12.375 12.625 12.875 13.125 13.375 13.625 13.875 14.125 14.375 14.625 14.875 15.125 15.375 15.625 15.875 16.125 16.375 16.625 16.875 17.125 17.375 17.625 17.875 18.125 18.375 18.625 18.875 19.125 19.375 19.625 19.875 20.125 20.375 20.625 20.875 21.125 21.375 21.625 21.875 22.125 22.375 22.625 22.875
0.02783759696776803 0.09405199523692051 0.316934414532413 0.4041468430557831 0.5662061998750764 0.5993609391274735 0.6333375356126659 0.6612304418510739 0.6980633489929082 0.7272350603201273 0.747727350410788 0.7718732386035203 0.7930233668172008 0.8168774517135629 0.8347387669968978 0.8516384056446648 0.8684977917159991 0.8831830266309701 0.8963150824249633 0.9082236297268005 0.9194796315617633 0.9297288247004917 0.9389567126389162 0.9473804615756076 0.954888416237311 0.96181076181664 0.9680358709231071 0.9733140229602117 0.977756485377267 0.9816701080256627 0.9850404932584125 0.9879100634381854 0.9901744128111596 0.9919613468562247 0.9934697219192684 0.9948936788633107 0.9959408952655545 0.9968572801482446 0.9977331888854062 0.9985797157765689 0.999229949508575 0.9994255265875778 0.99960904538375 0.999783253363565 0.9998665176429699 0.9998694408976154 0.9998717834834979 0.9998738634720152 0.9998758070909884 0.9998776638728858 0.9998794772286409 0.9998812742704425 0.9998830730283016 0.9998848907464424 0.9998867481417607 0.9998886619794038 0.9998906447483168 0.9998927093759643 0.9998948704222201 0.9998971425711636 0.9998995399061266 0.9999020773900159 0.999904770763921 0.9999076362758909 0.9999106897430584 0.9999139457405066 0.9999174160043457 0.9999211072264397 0.9999250188491331 0.9999291406318462 0.9999334510288046 0.9999379165046437 0.9999424925483281 0.9999471258784249 0.9999517581185589 0.9999563302079599 0.9999607869387493 0.9999650809102231 0.9999691754438684 0.999973045673327 0.9999758745574802 0.9999807111022526 0.9999832157655903 0.9999858933223622 0.999989063440888 0.9999953171399698 0.9999953171399698 0.9999953171399698 0.9999953171399698 0.9999953171399698 1.0 1.0
0.0 0.375 0.625 0.875 1.125 1.375 1.625 1.875 2.125 2.375 2.625 2.875 3.125 3.375 3.625 3.875 4.125 4.375 4.625 4.875 5.125 5.375 5.625 5.875 6.125 6.375 6.625 6.875 7.125 7.375 7.625 7.875 8.125 8.375 8.625 8.875 9.125 9.375 9.625 9.875 10.125 10.375 10.625 10.875 11.125 11.375 11.625 11.875 12.125 12.375 12.625 12.875 13.125 13.375 13.625 13.875 14.125 14.375 14.625 14.875 15.125 15.375 15.625 15.875 16.125 16.375 16.625 16.875 17.125 17.375 17.625 17.875 18.125 18.375 18.625 18.875 19.125 19.375 19.625 19.875 20.125 20.375 20.625 20.875 21.125 21.375 21.625 21.875 22.125 22.375 22.625 22.875 23.125 23.375 23.625 23.875
0.0294290299749754 0.1079985539534423 0.3197475848296634 0.4243152113670448 0.601956896275015 0.6439739674072636 0.6764352941934364 0.7036574722631362 0.7367957912188389 0.7640118048977419 0.781960334335519 0.8037851443249601 0.8224851155376607 0.8434748738113248 0.8590561554173639 0.8734504112770572 0.8883218594776585 0.9009173232717513 0.9120919939218354 0.9221211964593324 0.9317186633302792 0.9403806395040415 0.9481627871464077 0.9551401875225687 0.9614613593253611 0.9673135047024618 0.9725624149727562 0.977083095063103 0.9809005627603494 0.9842703307946319 0.9871986929328506 0.9896993759795489 0.9915792125339812 0.993150503571526 0.9944467415211441 0.995662638179103 0.9965550768216977 0.9973076943970881 0.9980087317495839 0.9986782195977741 0.9993060884219762 0.9994573125974402 0.9995963563933111 0.9997285830832611 0.9998540593847706 0.9998576381814621 0.9998604437149426 0.9998628621475124 0.9998650316629965 0.9998670660667033 0.9998690341968673 0.9998709668044122 0.9998728930522337 0.9998748308272123 0.9998768025038034 0.9998788240713713 0.9998809091524588 0.999883071732369 0.9998853292794125 0.9998876986454608 0.9998901942775122 0.9998928319772089 0.9998956292153982 0.9998986035212737 0.9999017710541644 0.999905146578167 0.9999087419654411 0.9999125639384708 0.999916611431806 0.9999208733850579 0.9999253269671495 0.9999299370435903 0.9999346571150868 0.999939431803593 0.9999442006321226 0.9999489025655968 0.9999534807800012 0.9999578867466135 0.9999620830478351 0.9999660445694813 0.9999697580441596 0.9999732204277262 0.9999764366669146 0.9999794174162275 0.9999815286008464 0.9999852359872374 0.9999871140970015 0.9999891360171829 0.9999915359109179 0.9999963512894771 0.9999963512894771 0.9999963512894771 0.9999963512894771 0.9999963512894771 1.0 1.0
0.0 0.375 0.625 0.875 1.125 1.375 1.625 1.875 2.125 2.375 2.625 2.875 3.125 3.375 3.625 3.875 4.125 4.375 4.625 4.875 5.125 5.375 5.625 5.875 6.125 6.375 6.625 6.875 7.125 7.375 7.625 7.875 8.125 8.375 8.625 8.875 9.125 9.375 9.625 9.875 10.125 10.375 10.625 10.875 11.125 11.375 11.625 11.875 12.125 12.375 12.625 12.875 13.125 13.375 13.625 13.875 14.125 14.375 14.625 14.875 15.125 15.375 15.625 15.875 16.125 16.375 16.625 16.875 17.125 17.375 17.625 17.875 18.125 18.375 18.625 18.875 19.125 19.375 19.625 19.875 20.125 20.375 20.625 20.875 21.125 21.375 21.625 21.875 22.125 22.375 22.625 22.875 23.125 23.375 23.625 23.875 24.125 24.375 24.625 24.875
0.03198672296283438 0.11882162025788234 0.3198741129835323 0.43813071391975406 0.629155250328528 0.681967018317976 0.7135227060868979 0.7405355826300322 0.7713558181868309 0.7981025298627283 0.8147970156797472 0.8349290363780272 0.8516744437835407 0.8702814711096992 0.8838180894647906 0.8960381073910989 0.9088447370384989 0.9194211494448641 0.9286764326319291 0.9368977114104792 0.9448264348935972 0.9519166742753411 0.9582363969732351 0.9638940729811277 0.9690016088904944 0.9737357570706568 0.9779459346019275 0.9816058932951846 0.9846831924816205 0.987417852978673 0.9897587319652875 0.991799782921816 0.9933466808573364 0.9946454391722735 0.9956909512298724 0.9966532501271983 0.9973531700026412 0.9979359895284206 0.9984730918918238 0.998975116829585 0.9994399894292121 0.9995542256935211 0.9996575011671861 0.9997550070684117 0.9998473118454971 0.9998513187710115 0.9998545620250977 0.9998573668018383 0.9998598776491523 0.999862186400142 0.9998643587159199 0.9998664468820456 0.9998684731817941 0.9998704861999692 0.9998725206759247 0.9998745943006451 0.9998767271146002 0.9998789336566553 0.99988123089898 0.9998836340890949 0.9998861571943692 0.9998888162776582 0.9998916304523378 0.9998946182602868 0.9998977954494029 0.9999011768531896 0.9999047750699649 0.9999085972116822 0.9999126417035521 0.9999168970394495 0.9999213400293251 0.9999259352404097 0.9999306358608082 0.9999353863664818 0.999940126356624 0.9999447951002298 0.999949336184267 0.999953701679247 0.9999578548316096 0.9999617711559138 0.999965438053842 0.99996885303621 0.9999720214877829 0.9999749543812894 0.9999776661946352 0.9999801732624539 0.9999824925010353 0.9999846405904511 0.9999861517129736 0.9999888728226589 0.9999902464711162 0.9999917398366144 0.9999935269791399 0.9999971830313387 0.9999971830313387 0.9999971830313387 0.9999971830313387 0.9999971830313387 1.0 1.0
0.0 0.75 1.25 1.75 2.25 2.75 3.25 3.75 4.25 4.75 5.25 5.75 6.25 6.75 7.25 7.75 8.25 8.75 9.25 9.75 10.25 10.75 11.25 11.75 12.25 12.75 13.25 13.75 14.25 14.75 15.25 15.75 16.25 16.75 17.25 17.75 18.25 18.75 19.25 19.75 20.25 20.75 21.25 21.75 22.25 22.75 23.25 23.75 24.25 24.75 25.25 25.75
0.0973767966471451 0.5216154406063687 0.7058690941274869 0.7681095872624918 0.8197632725239984 0.8538041319052857 0.8864030972255666 0.9125788673127245 0.9335031154545231 0.9489047661967064 0.960912882378698 0.9710182007218859 0.978984546120645 0.9852504800472562 0.9897439922180823 0.9932732794865158 0.9955120199224469 0.9971457657511856 0.9981446026129103 0.9989697724874144 0.999684180945991 0.9998366628553008 0.9998463513200208 0.9998528260792605 0.9998581738131195 0.9998629884305201 0.9998675229170426 0.9998720522597486 0.9998767434412859 0.9998817754150795 0.9998873132761382 0.999893490627359 0.9999004412813767 0.9999082625564711 0.9999169478983401 0.9999263070749149 0.9999359622437795 0.9999454307985502 0.9999542649492974 0.9999621728460504 0.9999690532379479 0.9999749492260818 0.9999799778493161 0.9999842765854516 0.9999879750733436 0.9999891089099553 0.9999911923548511 0.9999941517166998 0.9999977150181752 0.9999977150181752 1.0 1.0
0.0 0.75 1.25 1.75 2.25 2.75 3.25 3.75 4.25 4.75 5.25 5.75 6.25 6.75 7.25 7.75 8.25 8.75 9.25 9.75 10.25 10.75 11.25 11.75 12.25 12.75 13.25 13.75 14.25 14.75 15.25 15.75 16.25 16.75 17.25 17.75 18.25 18.75 19.25 19.75 20.25 20.75 21.25 21.75 22.25 22.75 23.25 23.75 24.25 24.75 25.25 25.75 26.25 26.75 27.25 27.75
0.1061053760166394 0.5082081133113469 0.7079277652309477 0.772377642243494 0.826758492926819 0.8675058129854283 0.9010356943554212 0.9284341397207272 0.9489462524819271 0.9627227350060537 0.9725100750123808 0.980152862733852 0.9858850601465379 0.9902352349260363 0.993315532969067 0.9955827048124587 0.9970836292017441 0.9981207196954428 0.9987642638733265 0.9992936813624261 0.9997394475068958 0.99983758885621 0.9998469820859908 0.9998536264797449 0.9998591356300723 0.9998641346500968 0.9998689432255468 0.9998737725777257 0.9998787627468425 0.9998840120458942 0.999889610021214 0.9998957074594134 0.999902434465149 0.9999099034517933 0.9999181207903146 0.9999268977210226 0.9999358831561584 0.9999446391837711 0.9999527663809841 0.9999600075923367 0.9999662804164575 0.9999716332411168 0.9999761798117981 0.9999800505596047 0.9999833671489763 0.9999862332002953 0.9999887331315287 0.999990934359108 0.9999928903359867 0.9999935153122135 0.9999953056597036 0.9999964194524473 0.9999985732663303 0.9999985732663303 1.0 1.0
0.0 0.75 1.25 1.75 2.25 2.75 3.25 3.75 4.25 4.75 5.25 5.75 6.25 6.75 7.25 7.75 8.25 8.75 9.25 9.75 10.25 10.75 11.25 11.75 12.25 12.75 13.25 13.75 14.25 14.75 15.25 15.75 16.25 16.75 17.25 17.75 18.25 18.75 19.25 19.75 20.25 20.75 21.25 21.75 22.25 22.75 23.25 23.75 24.25 24.75 25.25 25.75 26.25 26.75 27.25 27.75 28.25 28.75 29.25 29.75
0.107868479244199 0.4848411926951176 0.6811916112079668 0.7472571604581636 0.8033518598002264 0.8527218265752383 0.8908253737460533 0.9207213134674375 0.9432374847064322 0.9600396989744691 0.972458816954353 0.9813926957318121 0.9877248272694061 0.992034412700928 0.9949050644017721 0.9968382216054982 0.9980200554652228 0.9988314082665147 0.999307082497614 0.9996807991340456 0.9997710369803909 0.9998432462282829 0.9998507374871948 0.999856702596686 0.9998619015592487 0.9998667545679096 0.9998715194940196 0.9998763497956682 0.9998813718869932 0.9998866916725727 0.9998924142718041 0.9998986455523781 0.9999054729908331 0.9999129269931709 0.9999209474851423 0.9999293568261373 0.9999378463188283 0.9999460322784692 0.9999535727034117 0.9999602499035462 0.9999660043315904 0.9999708929579578 0.9999750282690455 0.9999785353141465 0.9999815290880216 0.9999841067265165 0.9999863469848645 0.9999883124983753 0.9999900527597988 0.999991606901712 0.9999930059888253 0.999994274846559 0.9999954334785843 0.9999958161499727 0.9999969358707471 0.9999978947031961 0.99999904919326 0.99999904919326 1.0 1.0
0.0 0.75 1.25 1.75 2.25 2.75 3.25 3.75 4.25 4.75 5.25 5.75 6.25 6.75 7.25 7.75 8.25 8.75 9.25 9.75 10.25 10.75 11.25 11.75 12.25 12.75 13.25 13.75 14.25 14.75 15.25 15.75 16.25 16.75 17.25 17.75 18.25 18.75 19.25 19.75 20.25 20.75 21.25 21.75 22.25 22.75 23.25 23.75 24.25 24.75 25.25 25.75 26.25 26.75 27.25 27.75 28.25 28.75 29.25 29.75 30.25 30.75 31.25 31.75
0.1090573553139411 0.4654007434354798 0.6594352383036294 0.7252584456811224 0.7816689298164341 0.8329882706232583 0.8722293876100876 0.9040006344999474 0.9287933636714036 0.9481600470148354 0.9632276646324759 0.974676856805868 0.9832541560428357 0.9894470762374499 0.9936436807904447 0.9964166046258873 0.9980091902610312 0.9989491676239967 0.9993968271873647 0.9997097643811912 0.9997857183931341 0.9998461766329864 0.9998526763261273 0.9998580322774321 0.9998628463960691 0.9998674455332113 0.9998720417124003 0.9998767731718047 0.999881755793584 0.999887089494333 0.9998928708425183 0.9998991936384687 0.9999061365500252 0.9999137264149438 0.9999218818763347 0.9999303703051649 0.9999388290490119 0.9999468629232428 0.9999541583110199 0.9999605480168164 0.9999660102646151 0.9999706227784538 0.9999745065496841 0.9999777868352258 0.9999805765329222 0.9999829700758189 0.9999850433794378 0.9999868565308248 0.9999884568045014 0.9999898814675124 0.9999911600255711 0.9999923159946675 0.9999933682772287 0.9999943321850117 0.999995220235272 0.9999960427307553 0.9999968082447799 0.9999970671131232 0.9999978348574761 0.9999985022423318 0.9999993184317333 0.9999993184317333 1.0 1.0
0.0 0.75 1.25 1.75 2.25 2.75 3.25 3.75 4.25 4.75 5.25 5.75 6.25 6.75 7.25 7.75 8.25 8.75 9.25 9.75 10.25 10.75 11.25 11.75 12.25 12.75 13.25 13.75 14.25 14.75 15.25 15.75 16.25 16.75 17.25 17.75 18.25 18.75 19.25 19.75 20.25 20.75 21.25 21.75 22.25 22.75 23.25 23.75 24.25 24.75 25.25 25.75 26.25 26.75 27.25 27.75 28.25 28.75 29.25 29.75 30.25 30.75 31.25 31.75 32.25 32.75 33.25 33.75
0.11414400707656762 0.4545808049355848 0.6486367056508667 0.7133128093630292 0.7700773635146302 0.8193254223330655 0.8604469125785782 0.8931186503479968 0.9190404073923478 0.939437747685065 0.955649627311356 0.9682753268060161 0.9781755088934402 0.9857840487696536 0.991331779243905 0.9952290900154047 0.9975707016049292 0.9988521254903102 0.9993995413167235 0.999712731661354 0.9997865443553494 0.9998427414732598 0.9998490242334532 0.9998541543887814 0.9998587994326344 0.9998632922369804 0.9998678339731886 0.9998725623248848 0.9998775945742058 0.999883035429417 0.9998889869561041 0.9998955473034005 0.9999027960688267 0.9999107523853858 0.9999193097002217 0.9999281930689112 0.9999369973157627 0.9999453012504439 0.9999527850029724 0.9999592902768184 0.9999648112052325 0.9999694404088619 0.9999733126115311 0.9999765649207618 0.9999793177846213 0.9999816704991664 0.9999837015731334 0.9999854722004197 0.9999870302769566 0.9999884133975092 0.9999896512076616 0.9999907672801188 0.9999917805047573 0.999992706150982 0.9999935566711007 0.999994342308141 0.9999950715451056 0.9999957514802328 0.999996388080694 0.999996986409864 0.9999975507858818 0.9999979254148358 0.9999983257708078 0.9999988362377401 0.9999994675264146 0.9999994675264146 0.9999999999999999 1.0
0.0 0.75 1.25 1.75 2.25 2.75 3.25 3.75 4.25 4.75 5.25 5.75 6.25 6.75 7.25 7.75 8.25 8.75 9.25 9.75 10.25 10.75 11.25 11.75 12.25 12.75 13.25 13.75 14.25 14.75 15.25 15.75 16.25 16.75 17.25 17.75 18.25 18.75 19.25 19.75 20.25 20.75 21.25 21.75 22.25 22.75 23.25 23.75 24.25 24.75 25.25 25.75 26.25 26.75 27.25 27.75 28.25 28.75 29.25 29.75 30.25 30.75 31.25 31.75 32.25 32.75 33.25 33.75 34.25 34.75 35.25 35.75
0.12411648377051825 0.4626211118077581 0.6582825136438817 0.7202724651824352 0.7745231450108574 0.8221239381575524 0.8616739738346517 0.8934140100311864 0.9185282364069554 0.9385144047051382 0.9544637054531968 0.9669844006630326 0.9769226746399994 0.984685837350895 0.9904974255099164 0.9946690496683748 0.9972128491522864 0.9986866583848756 0.9993439131447325 0.9996921864785234 0.9997746340619567 0.9998331221418673 0.9998416485580637 0.9998476660209078 0.9998524038097436 0.9998569400624022 0.9998615425874967 0.9998663622450942 0.9998715246395156 0.9998771436180972 0.9998833305854411 0.9998901925439181 0.9998978152547332 0.9999062172508033 0.9999152778823089 0.9999246878247794 0.9999339936855394 0.999942733416139 0.999950567901373 0.9999573402752349 0.9999630578128239 0.9999678295184904 0.9999718036024661 0.9999751273509914 0.9999779290076024 0.9999803131744182 0.9999823628778438 0.9999841430415014 0.9999857041928129 0.999987085930621 0.9999883191608214 0.9999894282257895 0.9999904325718123 0.9999913478695596 0.9999921868690408 0.9999929600315298 0.9999936760074914 0.9999943420136114 0.9999949641142425 0.9999955474391262 0.9999960963533221 0.9999966146074887 0.9999971054318765 0.999997571628726 0.9999980156434267 0.9999983145347682 0.999998718728656 0.9999990484504869 0.9999995628626578 0.9999995628626578 1.0 1.0
0.0 0.75 1.25 1.75 2.25 2.75 3.25 3.75 4.25 4.75 5.25 5.75 6.25 6.75 7.25 7.75 8.25 8.75 9.25 9.75 10.25 10.75 11.25 11.75 12.25 12.75 13.25 13.75 14.25 14.75 15.25 15.75 16.25 16.75 17.25 17.75 18.25 18.75 19.25 19.75 20.25 20.75 21.25 21.75 22.25 22.75 23.25 23.75 24.25 24.75 25.25 25.75 26.25 26.75 27.25 27.75 28.25 28.75 29.25 29.75 30.25 30.75 31.25 31.75 32.25 32.75 33.25 33.75 34.25 34.75 35.25 35.75 36.25 36.75 37.25 37.75 38.25 38.75 39.25 39.75 40.25 40.75
0.14721377085798334 0.47665265054257366 0.681004795703091 0.7460006298391431 0.8003266911054481 0.844225399919483 0.880720247776811 0.9087703728760869 0.9305112328407925 0.9478162822887367 0.961361254713551 0.9718529591579538 0.9801487458114246 0.9865936343261443 0.9914292796379348 0.9949975798871797 0.9971690629239419 0.9985746235902774 0.9992354650838609 0.9996313774564131 0.9997373708990438 0.9998038373597868 0.9998211226441334 0.9998337856754048 0.9998397462330477 0.9998446423363797 0.9998494796490028 0.9998545544488202 0.9998600122363946 0.9998659886297381 0.9998726160045702 0.9998800220127406 0.9998883097741832 0.9998975044649776 0.999907466838321 0.9999178324583817 0.9999280662932067 0.9999376321298751 0.9999461525955935 0.9999534680987099 0.9999596031711396 0.9999646903603796 0.999968900332336 0.9999723990505176 0.9999753294495668 0.9999778074521788 0.9999799244383971 0.9999817514917286 0.9999833437794593 0.9999847442512293 0.9999859865270361 0.9999870971303357 0.999988097152134 0.9999890035071064 0.9999898298944755 0.9999905875012244 0.9999912855442674 0.9999919316676853 0.9999925322701744 0.999993092757345 0.9999936176990047 0.999994110984294 0.9999945759617925 0.9999950155184291 0.9999954321669804 0.9999958281002883 0.999996205242793 0.9999965652891828 0.9999969097425074 0.9999972399340391 0.9999975570565552 0.9999978621723895 0.9999981562408098 0.9999984401249958 0.9999987146054597 0.9999989034593392 0.9999992258285717 0.9999997108197116 0.9999997108197116 0.9999997108197116 1.0 1.0
0.0 0.75 1.25 1.75 2.25 2.75 3.25 3.75 4.25 4.75 5.25 5.75 6.25 6.75 7.25 7.75 8.25 8.75 9.25 9.75 10.25 10.75 11.25 11.75 12.25 12.75 13.25 13.75 14.25 14.75 15.25 15.75 16.25 16.75 17.25 17.75 18.25 18.75 19.25 19.75 20.25 20.75 21.25 21.75 22.25 22.75 23.25 23.75 24.25 24.75 25.25 25.75 26.25 26.75 27.25 27.75 28.25 28.75 29.25 29.75 30.25 30.75 31.25 31.75 32.25 32.75 33.25 33.75 34.25 34.75 35.25 35.75 36.25 36.75 37.25 37.75 38.25 38.75 39.25 39.75 40.25 40.75 41.25 41.75 42.25 42.75 43.25 43.75 44.25 44.75 45.25 45.75
0.15935845152020925 0.47031607731038333 0.6681239601383616 0.7428316136120366 0.7995026845188749 0.8429560892889036 0.880171965401422 0.9078448476837061 0.9317435112278408 0.948917618976866 0.9630370332660695 0.973426830369058 0.9815217421252819 0.9875979235080153 0.9920612896676728 0.9953525225078476 0.9973897861163833 0.9986314491633468 0.9992755982507775 0.9996496763577964 0.9997464350574149 0.9998074482745675 0.9998207365355354 0.9998276955005035 0.9998329777828993 0.9998378742418967 0.9998428256079851 0.9998480312169553 0.9998536522973174 0.9998598350268519 0.9998667240825855 0.9998744595529071 0.9998831544802397 0.9998928359645339 0.9999033497736015 0.9999142918374638 0.999925071895447 0.9999351081623595 0.9999440045038659 0.9999516062019221 0.9999579533126304 0.9999631950746619 0.9999675163723004 0.999971094105601 0.9999740793702834 0.9999765940621407 0.9999787339703206 0.999980573446938 0.9999821701090791 0.9999835687418411 0.9999848043646223 0.9999859045578302 0.9999868912389549 0.99998778196898 0.99998859094029 0.9999893297216487 0.9999900078250306 0.9999906331266963 0.9999912122018928 0.9999917505872153 0.9999922529592951 0.9999927233070071 0.9999931650513151 0.9999935811365046 0.9999939741181767 0.9999943462210105 0.9999946993949067 0.9999950353522368 0.9999953556040119 0.9999956614960523 0.9999959542208638 0.9999962348413907 0.999996504313689 0.9999967634966435 0.9999970131649241 0.999997254014924 0.9999974866847338 0.9999977117503621 0.9999979297381529 0.9999981411285632 0.9999983463626423 0.9999985458447298 0.9999987399473151 0.9999989290142764 0.9999991133641186 0.9999993116304873 0.9999994624784208 0.9999997981134666 0.9999997981134666 0.9999997981134666 0.9999999999999999 1.0
0.0 0.75 1.25 1.75 2.25 2.75 3.25 3.75 4.25 4.75 5.25 5.75 6.25 6.75 7.25 7.75 8.25 8.75 9.25 9.75 10.25 10.75 11.25 11.75 12.25 12.75 13.25 13.75 14.25 14.75 15.25 15.75 16.25 16.75 17.25 17.75 18.25 18.75 19.25 19.75 20.25 20.75 21.25 21.75 22.25 22.75 23.25 23.75 24.25 24.75 25.25 25.75 26.25 26.75 27.25 27.75 28.25 28.75 29.25 29.75 30.25 30.75 31.25 31.75 32.25 32.75 33.25 33.75 34.25 34.75 35.25 35.75 36.25 36.75 37.25 37.75 38.25 38.75 39.25 39.75 40.25 40.75 41.25 41.75 42.25 42.75 43.25 43.75 44.25 44.75 45.25 45.75 46.25 46.75 47.25 47.75 48.25 48.75 49.25 49.75 50.25
0.1617202222344807 0.4579513126488433 0.6629539260004368 0.7332045313009499 0.7907699471959865 0.8364704491658307 0.8730801563333891 0.9032341297752701 0.9283589479975289 0.9468862722977544 0.9609854535943146 0.9721733654396117 0.9807017509416728 0.9870934058808687 0.9917587863106183 0.9951927342689397 0.9974374903059738 0.9987382275220962 0.9992708407540586 0.9996246721721467 0.9997709552272703 0.9997977071073201 0.9998089598869797 0.9998162286706365 0.9998215864235162 0.9998266195779179 0.9998317476048081 0.9998371763864041 0.9998430746395512 0.9998496026017479 0.9998569202402778 0.9998651838474999 0.9998745202623381 0.9998849608837762 0.9998963334767694 0.9999081835396779 0.9999198475865764 0.9999306783444398 0.9999402459011941 0.9999483928836197 0.9999551739291909 0.9999607583546303 0.9999653500912027 0.9999691420778267 0.9999722980377743 0.9999749496089878 0.9999771999703648 0.9999791291109517 0.9999807989478146 0.9999822575630117 0.9999835425218333 0.9999846833966095 0.9999857036582156 0.9999866221028075 0.9999874539110643 0.9999882114318116 0.9999889048143251 0.9999895424568873 0.9999901313580667 0.9999906773923376 0.9999911855273327 0.9999916599908358 0.9999921043999451 0.9999925218680779 0.99999291509198 0.9999932864181984 0.9999936378955033 0.9999939713256886 0.9999942882997798 0.999994590225057 0.9999948783520751 0.9999951537968221 0.9999954175590937 0.9999956705349226 0.9999959135344134 0.999996147289849 0.9999963724616346 0.9999965896512689 0.9999967994056672 0.9999970022241867 0.9999971985634908 0.9999973888418724 0.9999975734430366 0.9999977527209652 0.9999979270015374 0.9999980965852325 0.9999982617503719 0.9999984227552811 0.9999985798393703 0.9999987332252972 0.9999988831216674 0.9999990297214145 0.9999991732061231 0.9999993137460285 0.9999993397723272 0.9999994631546606 0.9999996183818325 0.9999998329330876 0.9999998329330876 1.0 1.0
0.0 0.75 1.25 1.75 2.25 2.75 3.25 3.75 4.25 4.75 5.25 5.75 6.25 6.75 7.25 7.75 8.25 8.75 9.25 9.75 10.25 10.75 11.25 11.75 12.25 12.75 13.25 13.75 14.25 14.75 15.25 15.75 16.25 16.75 17.25 17.75 18.25 18.75 19.25 19.75 20.25 20.75 21.25 21.75 22.25 22.75 23.25 23.75 24.25 24.75 25.25 25.75 26.25 26.75 27.25 27.75 28.25 28.75 29.25 29.75 30.25 30.75 31.25 31.75 32.25 32.75 33.25 33.75 34.25 34.75 35.25 35.75 36.25 36.75 37.25 37.75 38.25 38.75 39.25 39.75 40.25 40.75 41.25 41.75 42.25 42.75 43.25 43.75 44.25 44.75 45.25 45.75 46.25 46.75 47.25 47.75 48.25 48.75 49.25 49.75 50.25 50.75 51.25 51.75 52.25 52.75 53.25 53.75 54.25 54.75 55.25
0.1604231479648588 0.4533039529196918 0.6664859333495271 0.733985387784453 0.7914573456408933 0.8379888336499122 0.8740213451084958 0.9044941963232372 0.9293367630574966 0.9475912540616381 0.9615106559388549 0.9725332866831684 0.9810028372302105 0.9873751622906431 0.9920055423907208 0.9953983353637953 0.9974992794789553 0.9986573684307445 0.9991805791977469 0.999529218042769 0.9997326672623646 0.9997849160729065 0.9997962016919753 0.999804124612227 0.9998096891604284 0.9998149169634551 0.9998202598684324 0.9998259367586438 0.9998321286397518 0.9998390116942739 0.9998467618346748 0.9998555524889322 0.9998655260289395 0.9998767208022098 0.9998889497160881 0.9999017109582596 0.9999142690666334 0.9999259107774673 0.9999361706275683 0.9999448864231595 0.9999521257314785 0.9999580767253922 0.99996296184208 0.9999669896866119 0.9999703365117188 0.9999731437171041 0.9999755219596473 0.9999775569541417 0.9999793150309826 0.9999808476838586 0.999982195139851 0.9999833890599628 0.9999844545699166 0.999985411783253 0.9999862769301519 0.9999870632162003 0.9999877814867233 0.9999884407020762 0.9999890483265215 0.9999896106198856 0.9999901328660235 0.9999906195564554 0.9999910745324139 0.9999915010977262 0.9999919021063114 0.9999922800367153 0.9999926370596229 0.9999929750745865 0.9999932957586347 0.9999936005927376 0.9999938908942132 0.9999941678372516 0.999994432473979 0.9999946857463399 0.9999949285060812 0.999995161519613 0.9999953854815115 0.9999956010231601 0.9999958087181515 0.9999960090903882 0.9999962026189442 0.9999963897429254 0.9999965708652507 0.9999967463558928 0.9999969165561983 0.9999970817815891 0.9999972423231823 0.9999973984510308 0.9999975504146633 0.9999976984463255 0.9999978427620597 0.9999979835627854 0.999998121036459 0.9999982553580752 0.9999983866912858 0.9999985151894811 0.9999986409968692 0.9999987642479364 0.9999988850701479 0.9999990035823266 0.9999991198978951 0.9999992341232541 0.9999993463583231 0.9999994566987008 0.9999994961071977 0.9999996173037025 0.9999996985167137 0.9999998698236959 0.9999998698236959 1.0 1.0
0.0 0.75 1.25 1.75 2.25 2.75 3.25 3.75 4.25 4.75 5.25 5.75 6.25 6.75 7.25 7.75 8.25 8.75 9.25 9.75 10.25 10.75 11.25 11.75 12.25 12.75 13.25 13.75 14.25 14.75 15.25 15.75 16.25 16.75 17.25 17.75 18.25 18.75 19.25 19.75 20.25 20.75 21.25 21.75 22.25 22.75 23.25 23.75 24.25 24.75 25.25 25.75 26.25 26.75 27.25 27.75 28.25 28.75 29.25 29.75 30.25 30.75 31.25 31.75 32.25 32.75 33.25 33.75 34.25 34.75 35.25 35.75 36.25 36.75 37.25 37.75 38.25 38.75 39.25 39.75 40.25 40.75 41.25 41.75 42.25 42.75 43.25 43.75 44.25 44.75 45.25 45.75 46.25 46.75 47.25 47.75 48.25 48.75 49.25 49.75 50.25 50.75 51.25 51.75 52.25 52.75 53.25 53.75 54.25 54.75 55.25 55.75 56.25 56.75 57.25 57.75 58.25 58.75 59.25 59.75 60.25
0.15656947615319963 0.44573217452515307 0.6577760571373807 0.7279398825015521 0.7877112535928363 0.8340164281461797 0.8736517053940426 0.904224829800915 0.9277779001118789 0.9464540611336699 0.9609298934003295 0.9720490145327707 0.9806655500365594 0.9872103663138487 0.9919984648381517 0.995476089430096 0.997600695287541 0.9987605538702596 0.9993205906954264 0.9996393699394764 0.9997227100267901 0.9997748762017963 0.9997861124138671 0.999794274975327 0.9998000098326412 0.9998053769948637 0.9998108819618743 0.999816748855153 0.9998231706337517 0.9998303355122691 0.9998384328914174 0.9998476507162242 0.9998581447988325 0.9998699595106587 0.9998828953690285 0.9998964098888964 0.9999097064874213 0.9999220159701939 0.9999328436740963 0.9999420247833083 0.9999496386595854 0.9999558896378835 0.9999610154638101 0.9999652375253939 0.9999687421718011 0.9999716786214634 0.9999741634693083 0.9999762870324644 0.9999781191945648 0.999979714204114 0.9999811144592675 0.9999823533275461 0.9999834572862313 0.999984447539792 0.9999853411952156 0.9999861521785492 0.9999868919088283 0.999987569821044 0.9999881937705006 0.9999887703401263 0.9999893050863224 0.9999898027265846 0.9999902672872278 0.9999907022311637 0.9999911105479365 0.9999914948297428 0.9999918573420588 0.9999922000673108 0.9999925247517812 0.9999928329406519 0.999993126001727 0.9999934051604771 0.9999936715054306 0.9999939260162092 0.9999941695748499 0.9999944029771268 0.9999946269433341 0.9999948421274514 0.999995049124692 0.9999952484785112 0.9999954406854593 0.9999956262000332 0.9999958054400684 0.9999959787894341 0.9999961466028859 0.9999963092071443 0.999996466904668 0.999996619975272 0.9999967686782837 0.9999969132552388 0.9999970539304207 0.9999971909130165 0.9999973243971175 0.999997454565493 0.9999975815874337 0.9999977056219866 0.9999978268179549 0.9999979453149767 0.9999980612440632 0.9999981747286782 0.9999982858847376 0.9999983948216868 0.9999985016419632 0.9999986064426122 0.9999987093152882 0.9999988103467929 0.9999989096190762 0.9999990072103137 0.9999991031938285 0.9999991976402485 0.9999992906158881 0.9999993821843661 0.9999994724060666 0.9999995613381385 0.9999996234122944 0.9999996916892832 0.9999997816543519 0.9999998975182023 0.9999998975182023 1.0 1.0
0.0 0.75 1.25 1.75 2.25 2.75 3.25 3.75 4.25 4.75 5.25 5.75 6.25 6.75 7.25 7.75 8.25 8.75 9.25 9.75 10.25 10.75 11.25 11.75 12.25 12.75 13.25 13.75 14.25 14.75 15.25 15.75 16.25 16.75 17.25 17.75 18.25 18.75 19.25 19.75 20.25 20.75 21.25 21.75 22.25 22.75 23.25 23.75 24.25 24.75 25.25 25.75 26.25 26.75 27.25 27.75 28.25 28.75 29.25 29.75 30.25 30.75 31.25 31.75 32.25 32.75 33.25 33.75 34.25 34.75 35.25 35.75 36.25 36.75 37.25 37.75 38.25 38.75 39.25 39.75 40.25 40.75 41.25 41.75 42.25 42.75 43.25 43.75 44.25 44.75 45.25 45.75 46.25 46.75 47.25 47.75 48.25 48.75 49.25 49.75 50.25 50.75 51.25 51.75 52.25 52.75 53.25 53.75 54.25 54.75 55.25 55.75 56.25 56.75 57.25 57.75 58.25 58.75 59.25 59.75 60.25 60.75 61.25 61.75 62.25 62.75 63.25 63.75 64.25 64.75 65.25
0.15237565752296214 0.44481689058726753 0.6546525295480713 0.7243225613097948 0.782592750746855 0.8282082682437258 0.8691954194082868 0.9005420585702443 0.9248937674821371 0.944176104436483 0.9591469908473349 0.970675868091446 0.9796087381748809 0.9864620743936547 0.9914988636888064 0.9951100210616508 0.9973958186979028 0.9986504056330758 0.9992651165817346 0.9996128667658344 0.9997102574586647 0.9997638369758757 0.999776144959291 0.9997848040202887 0.9997908673700774 0.999796466721488 0.9998021899421166 0.9998082930032358 0.9998149831786194 0.9998224623611022 0.9998309330354221 0.999840596233464 0.9998516196252898 0.9998640513703043 0.9998776772533222 0.9998919129581677 0.9999059011936242 0.9999188208821956 0.9999301544313507 0.9999397400900601 0.9999476729933272 0.9999541752125083 0.9999594999476925 0.99996388075316 0.999967513209904 0.9999705534512534 0.9999731232909073 0.9999753169921566 0.9999772074290596 0.99997885117681 0.9999802924182984 0.9999815659359155 0.9999826993392594 0.9999837147170854 0.9999846299018252 0.9999854593951102 0.9999862150941965 0.9999869068192978 0.9999875427440607 0.9999881297184207 0.9999886735161254 0.99998917903652 0.9999896504600557 0.9999900913709765 0.9999905048665506 0.9999908936302525 0.9999912600001002 0.9999916060235409 0.9999919335021132 0.999992244023194 0.999992539000894 0.9999928196852056 0.9999930872018212 0.9999933425526715 0.9999935866422925 0.9999938202853585 0.9999940442201342 0.9999942591154701 0.9999944655799508 0.9999946641694271 0.9999948553918596 0.9999950397121615 0.9999952175575795 0.9999953893203839 0.9999955553632501 0.9999957160208724 0.9999958716031929 0.9999960223964777 0.9999961686665451 0.9999963106609182 0.9999964486093632 0.9999965827265797 0.9999967132122003 0.9999968402529437 0.9999969640236904 0.9999970846880211 0.9999972023987542 0.9999973172995609 0.9999974295255027 0.99999753920357 0.9999976464526814 0.9999977513852985 0.9999978541068876 0.9999979547180725 0.9999980533119432 0.9999981499783617 0.9999982448007323 0.9999983378592311 0.9999984292286531 0.9999985189811028 0.9999986071838423 0.9999986939009042 0.9999987791941698 0.999998863121215 0.9999989457380014 0.9999990270961862 0.9999991072468882 0.9999991862374599 0.999999264113639 0.9999993409195495 0.9999994166971623 0.9999994914868346 0.9999995653267715 0.9999996382535628 0.999999689385829 0.9999997604330584 0.9999999159093743 0.9999999159093743 0.9999999159093743 1.0 1.0
0.0 0.75 1.25 1.75 2.25 2.75 3.25 3.75 4.25 4.75 5.25 5.75 6.25 6.75 7.25 7.75 8.25 8.75 9.25 9.75 10.25 10.75 11.25 11.75 12.25 12.75 13.25 13.75 14.25 14.75 15.25 15.75 16.25 16.75 17.25 17.75 18.25 18.75 19.25 19.75 20.25 20.75 21.25 21.75 22.25 22.75 23.25 23.75 24.25 24.75 25.25 25.75 26.25 26.75 27.25 27.75 28.25 28.75 29.25 29.75 30.25 30.75 31.25 31.75 32.25 32.75 33.25 33.75 34.25 34.75 35.25 35.75 36.25 36.75 37.25 37.75 38.25 38.75 39.25 39.75 40.25 40.75 41.25 41.75 42.25 42.75 43.25 43.75 44.25 44.75 45.25 45.75 46.25 46.75 47.25 47.75 48.25 48.75 49.25 49.75 50.25 50.75 51.25 51.75 52.25 52.75 53.25 53.75 54.25 54.75 55.25 55.75 56.25 56.75 57.25 57.75 58.25 58.75 59.25 59.75 60.25 60.75 61.25 61.75 62.25 62.75 63.25 63.75 64.25 64.75 65.25 65.75 66.25 66.75 67.25 67.75 68.25 68.75 69.25 69.75 70.25
0.1517085184545219 0.4441934777477578 0.6557772111258625 0.7232713029699049 0.7819640465062111 0.8251031600195752 0.8673606540233243 0.8976678120348134 0.9233564246517487 0.942632499561656 0.9581080548429234 0.9698498257336119 0.9789465444416938 0.9858746745312517 0.9910266209234507 0.9947709207133011 0.9971643198323121 0.9985234007608105 0.999200985053101 0.9995887772492429 0.9997012583472098 0.999754619802681 0.9997675854061749 0.9997750640992888 0.9997812005028691 0.9997870105998607 0.9997929538876063 0.9997992955103816 0.9998062590306961 0.9998140603187018 0.999822916051441 0.9998330415611385 0.9998446172147564 0.9998576956215666 0.9998720477322031 0.9998870460546845 0.9999017701419218 0.99991534365685 0.9999272232930814 0.9999372491248841 0.9999455314811099 0.9999523106538017 0.9999578559830665 0.9999624139255922 0.9999661899157444 0.9999693475048834 0.999972014160219 0.9999742883815854 0.9999762462856695 0.9999779469691443 0.9999794365807773 0.9999807514414072 0.9999819203731689 0.9999829664531359 0.9999839082989654 0.9999847610586853 0.9999855371476531 0.9999862468295185 0.9999868986304262 0.9999874996940482 0.9999880560397891 0.9999885727736529 0.9999890542480081 0.9999895041966067 0.999989925835177 0.9999903219507194 0.9999906949682092 0.9999910470108451 0.9999913799425443 0.9999916954099017 0.9999919948663964 0.9999922796062811 0.9999925507855612 0.9999928094392082 0.9999930564962225 0.9999932927946945 0.9999935190914876 0.9999937360740726 0.9999939443664452 0.9999941445377319 0.9999943371081087 0.9999945225536407 0.9999947013122008 0.9999948737856205 0.9999950403450694 0.9999952013326693 0.999995357065797 0.999995507837623 0.9999956539208763 0.9999957955683825 0.9999959330168297 0.9999960664856921 0.9999961961799199 0.999996322291553 0.9999964449997213 0.9999965644733338 0.9999966808694654 0.9999967943360458 0.9999969050118603 0.9999970130281632 0.9999971185076019 0.9999972215658305 0.9999973223125863 0.9999974208511514 0.9999975172783525 0.9999976116861752 0.9999977041617637 0.9999977947879587 0.9999978836422219 0.999997970798249 0.9999980563265088 0.9999981402937042 0.9999982227622346 0.9999983037928857 0.9999983834421401 0.9999984617643282 0.999998538811629 0.9999986146324561 0.9999986892741469 0.9999987627813495 0.9999988351970979 0.9999989065617367 0.9999989769145347 0.9999990462926086 0.9999991147319998 0.9999991822665975 0.9999992489292153 0.9999993147515911 0.9999993797638486 0.9999994439950359 0.9999995074731253 0.9999995702250131 0.9999996322770576 0.9999996936540037 0.9999997605097374 0.9999998120278243 0.9999999286299819 0.9999999286299819 0.9999999286299819 0.9999999999999999 1.0
0.0 1.5 2.5 3.5 4.5 5.5 6.5 7.5 8.5 9.5 10.5 11.5 12.5 13.5 14.5 15.5 16.5 17.5 18.5 19.5 20.5 21.5 22.5 23.5 24.5 25.5 26.5 27.5 28.5 29.5 30.5 31.5 32.5 33.5 34.5 35.5 36.5 37.5 38.5 39.5 40.5 41.5 42.5 43.5 44.5 45.5 46.5 47.5 48.5 49.5 50.5 51.5 52.5 53.5 54.5 55.5 56.5 57.5 58.5 59.5 60.5 61.5 62.5 63.5 64.5 65.5 66.5 67.5 68.5 69.5 70.5 71.5 72.5 73.5 74.5 75.5
0.5448084557065904 0.6971478031531101 0.8125902429542206 0.8915158803945282 0.9395420106938162 0.9688352221419352 0.9857175437079811 0.9950379293801574 0.998518201511595 0.9995480319703325 0.9996987838663912 0.9997196703801221 0.999734502286059 0.99975060901369 0.999770400878151 0.9997961182013873 0.9998293866069102 0.9998675295926404 0.9999019201313621 0.9999271965665687 0.9999442282047589 0.9999556536558174 0.9999635543565858 0.9999692342922607 0.9999734735229158 0.9999767442886182 0.999979341036407 0.9999814535962536 0.9999832083178879 0.9999846918393066 0.9999859651722878 0.999987072316566 0.9999880457222637 0.9999889097979093 0.9999896832300298 0.999990380592742 0.9999910134063928 0.9999915909149985 0.999992120632105 0.9999926087390518 0.9999930603763516 0.9999934798587268 0.9999938708405218 0.9999942364442165 0.9999945793533113 0.999994901891216 0.9999952060797808 0.9999954936901922 0.9999957662773281 0.9999960252166573 0.9999962717258707 0.9999965068865118 0.9999967316656075 0.9999969469296651 0.9999971534523064 0.9999973519333537 0.9999975430026469 0.9999977272289506 0.9999979051275888 0.9999980771655335 0.9999982437703124 0.9999984053300092 0.9999985621996241 0.9999987147036208 0.9999988631397413 0.9999990077828251 0.9999991488848083 0.9999992866798132 0.9999994213841484 0.9999995532001262 0.9999996823147901 0.9999997269764294 0.999999841414039 0.999999925731298 1.0 1.0
0.0 1.5 2.5 3.5 4.5 5.5 6.5 7.5 8.5 9.5 10.5 11.5 12.5 13.5 14.5 15.5 16.5 17.5 18.5 19.5 20.5 21.5 22.5 23.5 24.5 25.5 26.5 27.5 28.5 29.5 30.5 31.5 32.5 33.5 34.5 35.5 36.5 37.5 38.5 39.5 40.5 41.5 42.5 43.5 44.5 45.5 46.5 47.5 48.5 49.5 50.5 51.5 52.5 53.5 54.5 55.5 56.5 57.5 58.5 59.5 60.5 61.5 62.5 63.5 64.5 65.5 66.5 67.5 68.5 69.5 70.5 71.5 72.5 73.5 74.5 75.5 76.5 77.5 78.5 79.5 80.5
0.5450549074261349 0.7009526182638428 0.8143424555337043 0.8926983415596873 0.9402615591915899 0.9695072669533236 0.9863152412213332 0.9952551036320174 0.9985553435780887 0.9995101450478266 0.9996821716614224 0.9997098752187052 0.9997252235531696 0.999741818200948 0.9997622530818476 0.9997889014594287 0.9998234851904861 0.9998631827000649 0.9998988909635664 0.9999250380926132 0.9999426106776815 0.9999543800416205 0.9999625078903135 0.9999683430518801 0.9999726914433592 0.9999760407481434 0.9999786951257265 0.9999808507107532 0.9999826380772578 0.9999841467475413 0.9999854397498849 0.9999865625211508 0.9999875485135391 0.9999884228620105 0.9999892047842732 0.9999899092185265 0.9999905479598263 0.9999911304477808 0.9999916643391873 0.9999921559165134 0.999992610395849 0.9999930321470527 0.999993424869362 0.9999937917186447 0.9999941354041114 0.9999944582735752 0.9999947623694428 0.9999950494796149 0.9999953211769355 0.9999955788522767 0.999995823738718 0.9999960569357227 0.9999962794244095 0.9999964920853672 0.9999966957075632 0.999996891004885 0.9999970786212315 0.9999972591381477 0.9999974330850051 0.9999976009415465 0.9999977631442487 0.9999979200926854 0.9999980721507993 0.9999982196532653 0.9999983629054897 0.999998502189974 0.9999986377637682 0.9999987698673805 0.9999988987196852 0.9999990245250503 0.9999991474729552 0.9999992677387541 0.999999385486985 0.9999995008699691 0.9999996140311205 0.9999997251046908 0.9999997636850486 0.999999935655671 0.999999935655671 1.0 1.0
0.0 1.5 2.5 3.5 4.5 5.5 6.5 7.5 8.5 9.5 10.5 11.5 12.5 13.5 14.5 15.5 16.5 17.5 18.5 19.5 20.5 21.5 22.5 23.5 24.5 25.5 26.5 27.5 28.5 29.5 30.5 31.5 32.5 33.5 34.5 35.5 36.5 37.5 38.5 39.5 40.5 41.5 42.5 43.5 44.5 45.5 46.5 47.5 48.5 49.5 50.5 51.5 52.5 53.5 54.5 55.5 56.5 57.5 58.5 59.5 60.5 61.5 62.5 63.5 64.5 65.5 66.5 67.5 68.5 69.5 70.5 71.5 72.5 73.5 74.5 75.5 76.5 77.5 78.5 79.5 80.5 81.5 82.5 83.5 84.5 85.5
0.5435935381024315 0.7041424917555121 0.8144590721216651 0.89144973153045 0.9396096483884814 0.9692909559020048 0.9861522848821138 0.995176715674443 0.9984497202760476 0.9994715593818237 0.9996653481430748 0.9997008427191689 0.9997167810034883 0.999733860343871 0.9997548989147828 0.9997824024102229 0.9998181901354727 0.9998593108861242 0.9998962186827907 0.9999231507599414 0.9999412074761429 0.9999532837842322 0.9999616142311366 0.9999675877715463 0.9999720331336733 0.9999754518124206 0.9999781566443583 0.9999803494381977 0.9999821646101398 0.9999836943400144 0.999985003502175 0.9999861388389683 0.999987134744866 0.9999880170309839 0.9999888053974538 0.9999895151376319 0.9999901582903464 0.9999907444741963 0.9999912814738497 0.9999917756610083 0.9999922323161725 0.9999926558537486 0.9999930500039168 0.9999934179423535 0.9999937623957911 0.9999940857221407 0.9999943899740822 0.9999946769473929 0.9999949482216443 0.9999952051958128 0.9999954491086284 0.9999956810678261 0.9999959020615921 0.9999961129763687 0.9999963146121159 0.9999965076899427 0.9999966928622809 0.9999968707179722 0.9999970417962584 0.9999972065842379 0.999997365529583 0.9999975190392687 0.9999976674846596 0.9999978112078691 0.9999979505217592 0.9999980857150279 0.9999982170534804 0.9999983447800301 0.9999984691216929 0.9999985902869158 0.9999987084688853 0.9999988238465428 0.9999989365867481 0.9999990468441518 0.9999991547636115 0.9999992604798104 0.9999993641182748 0.9999994657980452 0.9999995656296404 0.9999996637178566 0.999999760161131 0.9999998122273461 0.9999999438099837 0.9999999438099837 0.9999999999999999 1.0
0.0 1.5 2.5 3.5 4.5 5.5 6.5 7.5 8.5 9.5 10.5 11.5 12.5 13.5 14.5 15.5 16.5 17.5 18.5 19.5 20.5 21.5 22.5 23.5 24.5 25.5 26.5 27.5 28.5 29.5 30.5 31.5 32.5 33.5 34.5 35.5 36.5 37.5 38.5 39.5 40.5 41.5 42.5 43.5 44.5 45.5 46.5 47.5 48.5 49.5 50.5 51.5 52.5 53.5 54.5 55.5 56.5 57.5 58.5 59.5 60.5 61.5 62.5 63.5 64.5 65.5 66.5 67.5 68.5 69.5 70.5 71.5 72.5 73.5 74.5 75.5 76.5 77.5 78.5 79.5 80.5 81.5 82.5 83.5 84.5 85.5 86.5 87.5 88.5 89.5 90.5
0.5341486854216687 0.6991621655325192 0.8159036538762688 0.891748764011928 0.9402245773343515 0.969554620784412 0.986427981779724 0.9953576022888163 0.998664257944986 0.9995426026478368 0.9996463252148924 0.9996875077871494 0.9997041632240535 0.9997220097107029 0.9997440343745166 0.99977286411372 0.9998104347642711 0.9998536098107027 0.9998922541799284 0.9999203448347528 0.9999391268022816 0.9999516671116334 0.9999603062262402 0.999966492855385 0.9999710900159742 0.9999746197045647 0.9999774075465543 0.9999796636608572 0.9999815280211598 0.9999830966210035 0.9999844370081135 0.9999855978457415 0.999986614919864 0.9999875150468392 0.9999883186797791 0.9999890416545769 0.9999896964240377 0.9999902929106195 0.9999908391234984 0.9999913416071127 0.9999918057693349 0.9999922361222164 0.999992636470781 0.9999930100473347 0.9999933596255032 0.9999936875987896 0.9999939960477296 0.9999942867931091 0.9999945614365096 0.99999482139452 0.9999950679228111 0.9999953021440106 0.999995525060374 0.9999957375740584 0.999995940497258 0.9999961345636091 0.9999963204370584 0.9999964987220005 0.9999966699658112 0.9999968346689848 0.9999969932889352 0.9999971462425298 0.999997293913692 0.9999974366546687 0.9999975747872965 0.9999977086093377 0.9999978383957477 0.9999979643985475 0.9999980868517656 0.9999982059714383 0.9999983219581432 0.9999984349971267 0.9999985452603307 0.9999986529088005 0.9999987580915438 0.9999988609475589 0.999998961606974 0.9999990601902881 0.9999991568114112 0.9999992515767773 0.9999993445864854 0.9999994359345525 0.999999525709927 0.9999996139956024 0.9999997008717845 0.9999997864133573 0.9999998327316347 0.9999999499243409 0.9999999499243409 1.0 1.0
0.0 1.5 2.5 3.5 4.5 5.5 6.5 7.5 8.5 9.5 10.5 11.5 12.5 13.5 14.5 15.5 16.5 17.5 18.5 19.5 20.5 21.5 22.5 23.5 24.5 25.5 26.5 27.5 28.5 29.5 30.5 31.5 32.5 33.5 34.5 35.5 36.5 37.5 38.5 39.5 40.5 41.5 42.5 43.5 44.5 45.5 46.5 47.5 48.5 49.5 50.5 51.5 52.5 53.5 54.5 55.5 56.5 57.5 58.5 59.5 60.5 61.5 62.5 63.5 64.5 65.5 66.5 67.5 68.5 69.5 70.5 71.5 72.5 73.5 74.5 75.5 76.5 77.5 78.5 79.5 80.5 81.5 82.5 83.5 84.5 85.5 86.5 87.5 88.5 89.5 90.5 91.5 92.5 93.5 94.5
0.5218936774224363 0.7006154948747466 0.8181923468641519 0.8938695232276389 0.9414425392677115 0.9702445832446116 0.9867986846194003 0.9956660374954084 0.9987369184956154 0.9995435739478162 0.9996374515682231 0.9996797747454641 0.9996968216122654 0.9997150228759242 0.9997375428826054 0.9997671088081949 0.9998057398069121 0.9998501808705123 0.9998898932572633 0.9999186799176883 0.999937890947599 0.999950703554818 0.9999595227685253 0.9999658324962142 0.9999705158168045 0.9999741067160758 0.9999769386640368 0.9999792268286611 0.9999811146300455 0.9999827004598737 0.9999840535819577 0.9999852238869209 0.9999862480418373 0.9999871535176956 0.9999879612260384 0.9999886873549018 0.9999893446032816 0.999989943073884 0.9999904909035993 0.9999909947287908 0.9999914600169242 0.9999918913212783 0.9999922924700884 0.9999926667140748 0.999993016832365 0.9999933452220188 0.9999936539635984 0.9999939448741284 0.9999942195537502 0.9999944794147246 0.9999947257104325 0.9999949595593338 0.9999951819613595 0.9999953938168257 0.9999955959377819 0.9999957890568386 0.9999959738385145 0.9999961508880642 0.9999963207552606 0.9999964839419604 0.9999966409071483 0.9999967920732417 0.9999969378248292 0.9999970785187589 0.999997214480355 0.9999973460122445 0.9999974733905753 0.999997596873715 0.9999977166992261 0.9999978330863873 0.9999979462398504 0.9999980563490093 0.9999981635893881 0.9999982681251619 0.9999983701085271 0.999998469681214 0.9999985669761265 0.999998662116459 0.9999987552185972 0.99999884639073 0.9999989357344898 0.9999990233445739 0.9999991093112659 0.9999991937180405 0.9999992766449678 0.9999993581665697 0.9999994383537117 0.9999995172736021 0.9999995949896665 0.9999996715624304 0.9999997470500235 0.9999997880284008 0.9999998918222334 1.0 1.0
0.0 1.5 2.5 3.5 4.5 5.5 6.5 7.5 8.5 9.5 10.5 11.5 12.5 13.5 14.5 15.5 16.5 17.5 18.5 19.5 20.5 21.5 22.5 23.5 24.5 25.5 26.5 27.5 28.5 29.5 30.5 31.5 32.5 33.5 34.5 35.5 36.5 37.5 38.5 39.5 40.5 41.5 42.5 43.5 44.5 45.5 46.5 47.5 48.5 49.5 50.5 51.5 52.5 53.5 54.5 55.5 56.5 57.5 58.5 59.5 60.5 61.5 62.5 63.5 64.5 65.5 66.5 67.5 68.5 69.5 70.5 71.5 72.5 73.5 74.5 75.5 76.5 77.5 78.5 79.5 80.5 81.5 82.5 83.5 84.5 85.5 86.5 87.5 88.5 89.5 90.5 91.5 92.5 93.5 94.5 95.5 96.5 97.5 98.5 99.5
0.5215315003354741 0.6999974269928037 0.8206082393484995 0.8952095247786883 0.942199082722612 0.9703852024640075 0.9868709246097824 0.9957293520247381 0.9988225247323804 0.9995353641929374 0.9996290967030501 0.9996729160025487 0.9996904440501473 0.9997089726414224 0.9997319304287543 0.9997621474529584 0.9998017257887224 0.9998473032260197 0.9998879674592999 0.999917365237938 0.9999369480815096 0.9999499951155801 0.9999589687164653 0.9999653835302801 0.9999701399832953 0.9999737825750106 0.9999766512456877 0.9999789655450694 0.9999808718984864 0.9999824708141822 0.9999838330211138 0.9999850095550775 0.9999860378885523 0.999986946069793 0.9999877554486064 0.9999884825258943 0.9999891402282877 0.9999897388234623 0.9999902865669125 0.9999907901722154 0.9999912551602642 0.9999916861189856 0.999992086897497 0.9999924607536173 0.9999928104698561 0.9999931384416688 0.9999934467430145 0.9999937371868746 0.999994011360553 0.9999942706698035 0.9999945163590019 0.999994749538883 0.9999949712041907 0.9999951822475471 0.9999953834745816 0.9999955756140168 0.9999957593264939 0.9999959352133982 0.9999961038231627 0.9999962656563115 0.9999964211717632 0.9999965707906138 0.9999967148986572 0.9999968538514297 0.999996987977991 0.9999971175796641 0.9999972429377258 0.9999973643105071 0.9999974819375536 0.9999975960407598 0.9999977068271435 0.9999978144878369 0.9999979192017425 0.9999980211349032 0.9999981204430237 0.9999982172695789 0.9999983117497231 0.9999984040087763 0.9999984941653767 0.9999985823297151 0.9999986686053002 0.999998753088833 0.9999988358708364 0.9999989170375467 0.9999989966688965 0.9999990748411621 0.9999991516254507 0.9999992270892134 0.9999993012961188 0.9999993743065574 0.999999446177768 0.9999995169638377 0.9999995867164577 0.999999655484798 0.9999997233157588 0.9999997902542237 0.9999998397517599 0.9999999189979457 1.0 1.0
0.0 1.5 2.5 3.5 4.5 5.5 6.5 7.5 8.5 9.5 10.5 11.5 12.5 13.5 14.5 15.5 16.5 17.5 18.5 19.5 20.5 21.5 22.5 23.5 24.5 25.5 26.5 27.5 28.5 29.5 30.5 31.5 32.5 33.5 34.5 35.5 36.5 37.5 38.5 39.5 40.5 41.5 42.5 43.5 44.5 45.5 46.5 47.5 48.5 49.5 50.5 51.5 52.5 53.5 54.5 55.5 56.5 57.5 58.5 59.5 60.5 61.5 62.5 63.5 64.5 65.5 66.5 67.5 68.5 69.5 70.5 71.5 72.5 73.5 74.5 75.5 76.5 77.5 78.5 79.5 80.5 81.5 82.5 83.5 84.5 85.5 86.5 87.5 88.5 89.5 90.5 91.5 92.5 93.5 94.5 95.5 96.5 97.5 98.5 99.5 100.5 101.5 102.5 103.5 104.5
0.5184700279182463 0.6815331652713092 0.8107848329753263 0.8902199515140626 0.9390721658523761 0.9680922585629351 0.9853769350041506 0.9948391649718534 0.9986455140730812 0.9995048903957687 0.9996152695293556 0.999660443203177 0.9996786275653156 0.9996977040955178 0.9997214414325717 0.9997528147712327 0.9997940480465993 0.9998416117486283 0.9998840008758872 0.9999145694374 0.9999348929881154 0.9999484185581784 0.999957713236843 0.9999643513701926 0.9999692679025071 0.9999730281296045 0.999975985027674 0.9999783666945605 0.9999803252962327 0.9999819653240185 0.9999833603802092 0.9999845634899354 0.999985613625264 0.9999865399500797 0.9999873646521048 0.9999881048393073 0.9999887739313559 0.9999893825561944 0.9999899392388445 0.9999904509025808 0.9999909232265536 0.9999913609203019 0.9999917679227135 0.9999921475632056 0.9999925026763167 0.9999928356974072 0.9999931487331775 0.9999934436195924 0.9999937219634359 0.999993985183866 0.9999942345388584 0.9999944711491324 0.9999946960157801 0.9999949100404135 0.9999951140339802 0.9999953087318735 0.9999954948014879 0.9999956728472561 0.9999958434245011 0.999996007038176 0.9999961641541979 0.9999963151969289 0.9999964605579912 0.9999966005987853 0.9999967356517491 0.9999968660253953 0.9999969920043109 0.9999971138518021 0.9999972318129161 0.9999973461157003 0.9999974569705731 0.9999975645746043 0.999997669110887 0.9999977707501736 0.9999978696516311 0.9999979659641012 0.9999980598266036 0.9999981513688395 0.9999982407132063 0.9999983279731615 0.9999984132557396 0.9999984966619315 0.9999985782846689 0.9999986582133572 0.9999987365309801 0.9999988133162399 0.9999988886428017 0.9999989625800495 0.9999990351937152 0.9999991065458793 0.9999991766952221 0.9999992456972756 0.9999993136046761 0.9999993804672892 0.9999994463327141 0.9999995112460313 0.9999995752501807 0.9999996383863395 0.9999997006936697 0.9999997622098226 0.9999998229706861 0.999999867989474 0.9999999401200972 0.9999999999999999 1.0
0.0 1.5 2.5 3.5 4.5 5.5 6.5 7.5 8.5 9.5 10.5 11.5 12.5 13.5 14.5 15.5 16.5 17.5 18.5 19.5 20.5 21.5 22.5 23.5 24.5 25.5 26.5 27.5 28.5 29.5 30.5 31.5 32.5 33.5 34.5 35.5 36.5 37.5 38.5 39.5 40.5 41.5 42.5 43.5 44.5 45.5 46.5 47.5 48.5 49.5 50.5 51.5 52.5 53.5 54.5 55.5 56.5 57.5 58.5 59.5 60.5 61.5 62.5 63.5 64.5 65.5 66.5 67.5 68.5 69.5 70.5 71.5 72.5 73.5 74.5 75.5 76.5 77.5 78.5 79.5 80.5 81.5 82.5 83.5 84.5 85.5 86.5 87.5 88.5 89.5 90.5 91.5 92.5 93.5 94.5 95.5 96.5 97.5 98.5 99.5 100.5 101.5 102.5 103.5 104.5 105.5 106.5 107.5 108.5 109.5 110.5 111.5 112.5 113.5 114.5
0.5249321049686603 0.6758274712247254 0.8034746521321309 0.884472363089045 0.935450917364378 0.9657756160699769 0.9837471353551486 0.9938473962049764 0.998221876282647 0.999429696452501 0.9996194665558985 0.9996433911705359 0.9996615242223472 0.9996814174042713 0.9997062824298404 0.9997393109393774 0.9997829374723382 0.9998334061923395 0.9998783177894531 0.9999105847794921 0.9999319828209015 0.9999462039955307 0.9999559673395512 0.9999629323014113 0.9999680830491148 0.9999720146207667 0.9999750988631059 0.9999775763137816 0.9999796076847168 0.999981303466937 0.9999827414788471 0.9999839780087566 0.9999850543670783 0.9999860014551927 0.9999868427814794 0.9999875964610634 0.9999882766588133 0.9999888945753274 0.999989459175377 0.9999899777105665 0.9999904561094368 0.9999908992653059 0.9999913112534141 0.9999916955038817 0.9999920549241675 0.9999923919988052 0.9999927088714617 0.999993007397962 0.9999932892018376 0.9999935557096751 0.9999938081826778 0.9999940477393907 0.9999942753834744 0.9999944920100173 0.9999946984295226 0.9999948953729578 0.9999950835031178 0.9999952634247239 0.9999954356894736 0.9999956008010908 0.9999957592216382 0.9999959113765667 0.999996057657241 0.9999961984259886 0.9999963340173632 0.9999964647406688 0.999996590881854 0.9999967127078042 0.9999968304664675 0.999996944388118 0.9999970546878797 0.9999971615654747 0.9999972652087581 0.9999973657916976 0.9999974634780352 0.9999975584210341 0.9999976507636056 0.9999977406404545 0.9999978281775753 0.9999979134936396 0.999997996699492 0.9999980779001696 0.9999981571937661 0.9999982346729462 0.9999983104249468 0.999998384531828 0.9999984570712313 0.9999985281161273 0.9999985977355729 0.9999986659947114 0.9999987329552774 0.9999987986754705 0.9999988632104606 0.9999989266125137 0.9999989889309921 0.999999050212986 0.999999110502934 0.9999991698431289 0.9999992282738432 0.9999992858332036 0.9999993425576952 0.9999993984820357 0.999999453639302 0.9999995080610555 0.9999995617777219 0.9999996148182114 0.9999996672100459 0.9999997189801157 0.999999770153923 0.9999998207559594 0.9999998708102119 0.9999999193794256 0.9999999677051095 1.0 1.0
0.0 1.5 2.5 3.5 4.5 5.5 6.5 7.5 8.5 9.5 10.5 11.5 12.5 13.5 14.5 15.5 16.5 17.5 18.5 19.5 20.5 21.5 22.5 23.5 24.5 25.5 26.5 27.5 28.5 29.5 30.5 31.5 32.5 33.5 34.5 35.5 36.5 37.5 38.5 39.5 40.5 41.5 42.5 43.5 44.5 45.5 46.5 47.5 48.5 49.5 50.5 51.5 52.5 53.5 54.5 55.5 56.5 57.5 58.5 59.5 60.5 61.5 62.5 63.5 64.5 65.5 66.5 67.5 68.5 69.5 70.5 71.5 72.5 73.5 74.5 75.5 76.5 77.5 78.5 79.5 80.5 81.5 82.5 83.5 84.5 85.5 86.5 87.5 88.5 89.5 90.5 91.5 92.5 93.5 94.5 95.5 96.5 97.5 98.5 99.5 100.5 101.5 102.5 103.5 104.5 105.5 106.5 107.5 108.5 109.5 110.5 111.5 112.5 113.5 114.5 115.5 116.5 117.5 118.5 119.5 120.5 121.5 122.5 123.5 124.5
0.5270641949119361 0.6916219325104758 0.8085605717576335 0.8879829736779378 0.937200591681603 0.9673485798331208 0.9846112704232686 0.9943097797154989 0.9983303032824453 0.9994432286194327 0.9996073450052902 0.9996325054660623 0.999650835019929 0.9996710751605907 0.9996965465765975 0.9997306007866806 0.9997758232300971 0.999828283943148 0.9998749109287783 0.9999083024163075 0.9999303960321162 0.9999450626066039 0.999955123644718 0.9999622929760446 0.9999675877817803 0.9999716221005901 0.9999747799451308 0.9999773100037784 0.9999793785952549 0.999981100233469 0.9999825557592006 0.9999838035097237 0.9999848864274383 0.9999858366603901 0.9999866786427615 0.9999874312150788 0.9999881090785374 0.9999887238475236 0.999989284797626 0.9999897994127451 0.9999902737818418 0.99999071293251 0.9999911210280876 0.9999915015533963 0.999991857451202 0.9999921912258253 0.9999925050252705 0.9999928007044028 0.9999930798767526 0.9999933439549485 0.9999935941835699 0.9999938316656801 0.9999940573805164 0.9999942722087606 0.9999944769388567 0.9999946722834369 0.9999948588894295 0.9999950373431135 0.9999952081802261 0.9999953718910182 0.9999955289253069 0.9999956796962673 0.9999958245854862 0.9999959639454888 0.9999960981010031 0.999996227354013 0.9999963519845172 0.9999964722535616 0.9999965884028598 0.9999967006593421 0.999996809233892 0.9999969143237469 0.9999970161137616 0.9999971147761554 0.9999972104732922 0.9999973033571748 0.9999973935699508 0.9999974812456809 0.9999975665104655 0.9999976494829501 0.9999977302745786 0.9999978089906029 0.999997885730084 0.9999979605865233 0.9999980336482418 0.9999981049983798 0.9999981747157817 0.9999982428748695 0.9999983095458956 0.9999983747955746 0.9999984386869566 0.999998501279554 0.9999985626300995 0.9999986227921666 0.9999986818165495 0.9999987397515151 0.9999987966429297 0.9999988525341321 0.9999989074665665 0.9999989614794023 0.9999990146101663 0.9999990668943639 0.9999991183658578 0.9999991690567415 0.9999992189978452 0.9999992682186093 0.9999993167469581 0.9999993646095517 0.9999994118321662 0.9999994584390617 0.9999995044537398 0.9999995498986912 0.9999995947952698 0.9999996391641973 0.9999996830253113 0.9999997263978175 0.9999997692999107 0.9999998117495331 0.9999998537637423 0.9999998953589643 0.999999902845 0.9999999417778336 0.9999999753516488 1.0 1.0
0.0 1.5 2.5 3.5 4.5 5.5 6.5 7.5 8.5 9.5 10.5 11.5 12.5 13.5 14.5 15.5 16.5 17.5 18.5 19.5 20.5 21.5 22.5 23.5 24.5 25.5 26.5 27.5 28.5 29.5 30.5 31.5 32.5 33.5 34.5 35.5 36.5 37.5 38.5 39.5 40.5 41.5 42.5 43.5 44.5 45.5 46.5 47.5 48.5 49.5 50.5 51.5 52.5 53.5 54.5 55.5 56.5 57.5 58.5 59.5 60.5 61.5 62.5 63.5 64.5 65.5 66.5 67.5 68.5 69.5 70.5 71.5 72.5 73.5 74.5 75.5 76.5 77.5 78.5 79.5 80.5 81.5 82.5 83.5 84.5 85.5 86.5 87.5 88.5 89.5 90.5 91.5 92.5 93.5 94.5 95.5 96.5 97.5 98.5 99.5 100.5 101.5 102.5 103.5 104.5 105.5 106.5 107.5 108.5 109.5 110.5 111.5 112.5 113.5 114.5 115.5 116.5 117.5 118.5 119.5 120.5 121.5 122.5 123.5 124.5 125.5 126.5 127.5 128.5 129.5 130.5 131.5 132.5 133.5 134.5
0.5342529629714986 0.6987696961132316 0.8137829147600962 0.891379408964724 0.9389613514931675 0.9688987478379029 0.985842788488931 0.9949798601481772 0.9984732150829788 0.999414762284825 0.9995871320343347 0.9996175201348976 0.9996362305245211 0.9996569723713195 0.9996832592903129 0.9997186384753731 0.9997658845533565 0.9998208745481177 0.9998697402671695 0.9999046648072483 0.9999277426017149 0.9999430560786673 0.9999535592013723 0.9999610421661229 0.9999665644427125 0.999970766969058 0.9999740509807596 0.9999766766188841 0.9999788181513364 0.9999805957017069 0.9999820942054838 0.9999833750422736 0.9999844834307521 0.999985453170251 0.9999863101557671 0.9999870742647136 0.9999877610003828 0.9999883826057508 0.9999889488440273 0.9999894675802663 0.999989945209655 0.9999903869780973 0.9999907972267682 0.9999911795758484 0.9999915370689754 0.9999918722898203 0.9999921874406489 0.9999924844158151 0.999992764856248 0.9999930301938004 0.9999932816816601 0.9999935204298304 0.9999937474190669 0.9999939635274881 0.999994169540713 0.9999943661645303 0.9999945540401066 0.9999947337477855 0.9999949058159588 0.999995070728669 0.9999952289281431 0.9999953808211286 0.9999955267839623 0.9999956671638366 0.9999958022800676 0.9999959324291627 0.9999960578888762 0.9999961789165615 0.9999962957510716 0.999996408615548 0.9999965177193195 0.9999966232577773 0.9999967254147812 0.9999968243610136 0.9999969202581594 0.9999970132572603 0.9999971035011214 0.9999971911243114 0.9999972762516424 0.9999973590028578 0.9999974394904785 0.999997517820056 0.9999975940916935 0.9999976683999184 0.99999774083419 0.9999978114790256 0.9999978804145077 0.9999979477165368 0.9999980134568327 0.9999980777035665 0.9999981405213618 0.9999982019715474 0.9999982621121579 0.9999983209985666 0.9999983786832326 0.9999984352160806 0.9999984906445011 0.9999985450136039 0.9999985983662176 0.9999986507431442 0.9999987021834108 0.9999987527238909 0.9999988023999374 0.9999988512452558 0.9999988992919043 0.9999989465704208 0.9999989931100758 0.9999990389386194 0.9999990840826612 0.9999991285677974 0.9999991724182299 0.9999992156571471 0.9999992583068504 0.9999993003887545 0.9999993419231331 0.9999993829296269 0.9999994234269892 0.9999994634332133 0.9999995029655322 0.9999995420405451 0.9999995806742177 0.9999996188820093 0.9999996566787449 0.9999996940786167 0.9999997310954359 0.9999997677425078 0.9999998040327567 0.9999998399786008 0.9999998755920775 0.9999999108849712 0.9999999232829676 0.9999999552564968 0.9999999789959847 1.0 1.0
0.0 1.5 2.5 3.5 4.5 5.5 6.5 7.5 8.5 9.5 10.5 11.5 12.5 13.5 14.5 15.5 16.5 17.5 18.5 19.5 20.5 21.5 22.5 23.5 24.5 25.5 26.5 27.5 28.5 29.5 30.5 31.5 32.5 33.5 34.5 35.5 36.5 37.5 38.5 39.5 40.5 41.5 42.5 43.5 44.5 45.5 46.5 47.5 48.5 49.5 50.5 51.5 52.5 53.5 54.5 55.5 56.5 57.5 58.5 59.5 60.5 61.5 62.5 63.5 64.5 65.5 66.5 67.5 68.5 69.5 70.5 71.5 72.5 73.5 74.5 75.5 76.5 77.5 78.5 79.5 80.5 81.5 82.5 83.5 84.5 85.5 86.5 87.5 88.5 89.5 90.5 91.5 92.5 93.5 94.5 95.5 96.5 97.5 98.5 99.5 100.5 101.5 102.5 103.5 104.5 105.5 106.5 107.5 108.5 109.5 110.5 111.5 112.5 113.5 114.5 115.5 116.5 117.5 118.5 119.5 120.5 121.5 122.5 123.5 124.5 125.5 126.5 127.5 128.5 129.5 130.5 131.5 132.5 133.5 134.5 135.5 136.5 137.5 138.5 139.5 140.5 141.5 142.5 143.5 144.5
0.5354753632819074 0.701683365568054 0.8182440768797956 0.8935057646527542 0.9402556540807392 0.9698526104337133 0.9865099595365665 0.995317873119618 0.9985318756443834 0.9993969277871685 0.9995628873128902 0.9996041979362278 0.9996232816970138 0.9996444673666964 0.9996714709376504 0.9997080180370563 0.9997570664234464 0.9998143282280264 0.9998652081148885 0.9999015087661102 0.9999254693865669 0.999941364280261 0.9999522659232978 0.9999600286861352 0.9999657543468209 0.999970107402681 0.9999735041914124 0.999976214981988 0.9999784210608809 0.9999802475918217 0.9999817831769896 0.9999830919512281 0.9999842212087554 0.9999852064487589 0.9999860746803875 0.9999868467465147 0.9999875389198202 0.9999881640424853 0.9999887323502233 0.9999892520795253 0.9999897299164392 0.9999901713350557 0.9999905808523241 0.9999909622118731 0.9999913185817791 0.9999916526204878 0.9999919665896431 0.99999226242508 0.9999925417964091 0.9999928061551897 0.9999930567653564 0.9999932947412505 0.9999935210641008 0.9999937366086462 0.9999939421558132 0.9999941384066604 0.9999943259912536 0.9999945054826102 0.9999946774005024 0.9999948422190643 0.9999950003718621 0.9999951522569652 0.9999952982420178 0.9999954386642379 0.9999955738380244 0.9999957040524214 0.9999958295777109 0.999995950664651 0.999996067547393 0.9999961804443681 0.9999962895594285 0.9999963950846363 0.9999964971983624 0.9999965960698496 0.9999966918566777 0.9999967847076793 0.9999968747624319 0.9999969621540483 0.9999970470065132 0.9999971294364582 0.9999972095559516 0.9999972874695815 0.9999973632764851 0.999997437070602 0.9999975089409269 0.9999975789718913 0.9999976472433628 0.9999977138311521 0.9999977788071399 0.9999978422397838 0.9999979041939924 0.9999979647313773 0.9999980239107616 0.999998081787926 0.9999981384158617 0.9999981938452784 0.99999824812435 0.9999983012988418 0.999998353412491 0.9999984045070057 0.9999984546221934 0.9999985037958322 0.9999985520641798 0.9999985994617183 0.9999986460214091 0.999998691774692 0.9999987367517391 0.9999987809812014 0.9999988244907155 0.999998867306397 0.9999989094534736 0.9999989509560323 0.9999989918368926 0.9999990321182398 0.9999990718211184 0.9999991109658122 0.9999991495715906 0.9999991876572164 0.9999992252404377 0.9999992623382423 0.9999992989671108 0.9999993351428899 0.9999993708805388 0.9999994061948901 0.9999994410996355 0.9999994756084665 0.9999995097343138 0.9999995434896015 0.9999995768864999 0.9999996099366719 0.999999642651274 0.9999996750409547 0.9999997071163633 0.9999997388877685 0.9999997703648049 0.9999998015569809 0.9999998324735506 0.9999998631235152 0.999999893515495 0.999999923658111 0.9999999401114431 0.9999999820009154 0.9999999820009154 1.0 1.0
0.0 1.5 2.5 3.5 4.5 5.5 6.5 7.5 8.5 9.5 10.5 11.5 12.5 13.5 14.5 15.5 16.5 17.5 18.5 19.5 20.5 21.5 22.5 23.5 24.5 25.5 26.5 27.5 28.5 29.5 30.5 31.5 32.5 33.5 34.5 35.5 36.5 37.5 38.5 39.5 40.5 41.5 42.5 43.5 44.5 45.5 46.5 47.5 48.5 49.5 50.5 51.5 52.5 53.5 54.5 55.5 56.5 57.5 58.5 59.5 60.5 61.5 62.5 63.5 64.5 65.5 66.5 67.5 68.5 69.5 70.5 71.5 72.5 73.5 74.5 75.5 76.5 77.5 78.5 79.5 80.5 81.5 82.5 83.5 84.5 85.5 86.5 87.5 88.5 89.5 90.5 91.5 92.5 93.5 94.5 95.5 96.5 97.5 98.5 99.5 100.5 101.5 102.5 103.5 104.5 105.5 106.5 107.5 108.5 109.5 110.5 111.5 112.5 113.5 114.5 115.5 116.5 117.5 118.5 119.5 120.5 121.5 122.5 123.5 124.5 125.5 126.5 127.5 128.5 129.5 130.5 131.5 132.5 133.5 134.5 135.5 136.5 137.5 138.5 139.5 140.5 141.5 142.5 143.5 144.5 145.5 146.5 147.5 148.5 149.5 150.5 151.5 152.5 153.5
0.521998457387809 0.6966320997061513 0.8193158263368973 0.8943266819233776 0.9419077017823341 0.9702302367083204 0.9868485549033182 0.995753904357829 0.9987746066222201 0.9994661814844374 0.9995540090733424 0.9995886773474 0.9996081657124961 0.9996298827676651 0.9996577034374998 0.9996955552302618 0.9997466074153639 0.9998064087915566 0.999859579959797 0.9998974840840279 0.9999224942387361 0.9999390905020543 0.9999504783845136 0.9999585923724522 0.9999645765578791 0.9999691237842215 0.9999726686296508 0.9999754936084387 0.9999777884757524 0.9999796844385633 0.9999812745333966 0.9999826261984918 0.9999837892496243 0.9999848008686181 0.9999856898781327 0.9999864782964762 0.9999871833173735 0.9999878185192642 0.9999883947265661 0.9999889206439571 0.9999894033342936 0.9999898485704306 0.9999902611101179 0.9999906449015444 0.9999910032460061 0.9999913389227453 0.9999916542860474 0.9999919513459455 0.9999922318287475 0.9999924972262155 0.9999927488371787 0.9999929877965364 0.9999932151017391 0.9999934316417912 0.9999936382035562 0.9999938354906718 0.9999940241361596 0.999994204709991 0.999994377730437 0.99999454366785 0.9999947029522311 0.9999948559782731 0.9999950031078825 0.9999951446752242 0.9999952809879821 0.9999954123324029 0.9999955389732964 0.9999956611581969 0.9999957791171108 0.9999958930642815 0.9999960032009647 0.9999961097159319 0.9999962127847144 0.9999963125740161 0.9999964092386878 0.9999965029262663 0.999996593774579 0.9999966819146434 0.9999967674683985 0.9999968505529909 0.9999969312783799 0.9999970097483455 0.9999970860616242 0.9999971603115299 0.9999972325867106 0.9999973029711491 0.9999973715446665 0.9999974383830491 0.9999975035584259 0.999997567139395 0.9999976291908983 0.999997689775229 0.9999977489512756 0.999997806775405 0.9999978633012095 0.9999979185800119 0.9999979726603605 0.9999980255889125 0.999998077410055 0.9999981281662836 0.9999981778979503 0.9999982266440199 0.9999982744411877 0.9999983213250137 0.9999983673291665 0.9999984124860539 0.9999984568266966 0.9999985003804758 0.99999854317589 0.9999985852400507 0.9999986265989346 0.9999986672773832 0.9999987072993557 0.999998746687676 0.9999987854642857 0.9999988236501172 0.9999988612653464 0.9999988983293929 0.9999989348606673 0.9999989708770756 0.9999990063958936 0.9999990414333882 0.9999990760053219 0.9999991101268267 0.9999991438125302 0.9999991770764294 0.9999992099321431 0.9999992423925336 0.9999992744700846 0.999999306176902 0.9999993375245868 0.9999993685242357 0.9999993991865673 0.999999429522048 0.9999994595406395 0.9999994892521777 0.999999518665868 0.9999995477907894 0.9999995766356429 0.9999996052090031 0.9999996335189407 0.9999996615733998 0.9999996893800726 0.9999997169463988 0.9999997442798185 0.9999997713871411 0.999999798275302 0.9999998249509846 0.9999998514207459 0.999999877690891 0.9999998972313354 0.9999999286681728 1.0 1.0
