0.25 0.5 1.0 2.0 3.0 4.0 5.0 6.0 7.0 8.0 9.0 10.0 12.0 14.0 16.0 18.0 20.0 22.0 24.0 26.0 28.0 30.0 35.0 40.0 45.0 50.0 55.0 60.0 70.0 80.0 100.0 120.0 140.0 160.0 200.0
1.000001 0.9999538 1.000628 0.005488698 4.603844e-05 1.408535e-05 1.168706e-05 1.456636e-05 1.775234e-05 2.202176e-05 2.794652e-05 7.542231e-05 0.04100597 0.26547 0.324777 0.23317 0.1583762 0.1213591 0.1311019 0.1990252 0.2755945 0.3254895 0.324193 0.3236504 0.3391507 0.3323749 0.3228216 0.3115913 0.2928728 0.2809907 0.256473 0.233375 0.2047876 0.1866709 0.1572655
0.0 0.75
1.0 1.0
0.0 0.75
1.0 1.0
0.0 0.75 0.99999
0.47136604528089804 1.0 1.0
0.0 0.75 1.25 1.75 1.99998
0.05923955500079297 0.21636360074704664 0.5431792171328644 1.0 1.0
0.0 0.0015 0.0035 0.0075 0.015 0.035 0.07499999 0.15 0.25 0.35 0.45 0.55 0.65 0.75 0.85 1.15 1.65 2.15 2.65 2.99997
4.441792471376088e-08 1.332194026351178e-07 3.551661566903454e-07 9.930019236223148e-07 5.705086950104423e-06 3.7810765452536e-05 0.00016821253281120002 0.0006965721538063873 0.002295946250440272 0.00530233534474277 0.010171850151750548 0.01743226763331212 0.027586480194927175 0.041089239427738004 0.058347574364206935 0.1314348966044315 0.2600225110208426 0.5601387250886675 0.9999999999999999 1.0
0.0 0.0015 0.0035 0.0075 0.015 0.035 0.07499999 0.15 0.25 0.35 0.45 0.55 0.65 0.75 0.85 0.95 1.05 1.15 1.25 1.35 1.45 1.55 1.65 1.75 1.85 2.15 2.65 3.15 3.65 3.99996
1.3244893472549978e-07 3.972611161499506e-07 1.0591116248553254e-06 2.3826945832072745e-06 1.110645927364404e-05 5.0677951605177906e-05 0.0001732689549208424 0.0004950385388457203 0.0013616895243732498 0.002819380718480355 0.005002933281303077 0.008116055072116156 0.012359444205866271 0.0179156843486877 0.024956288654520313 0.033654857256795026 0.044140740992033016 0.05654994008761563 0.0710145473969136 0.08767621855706048 0.10669020123037884 0.12823305083512634 0.1525044775985125 0.17976401341534795 0.21033361295569492 0.3039235988948724 0.4529345819766752 0.7258170521593188 1.0 1.0
0.0 0.0015 0.0035 0.0075 0.015 0.035 0.07499999 0.15 0.25 0.35 0.45 0.55 0.65 0.75 0.85 0.95 1.05 1.15 1.25 1.35 1.45 1.55 1.65 1.75 1.85 1.95 2.1 2.3 2.5 2.7 3.05 3.55 4.05 4.55 4.99995
6.329974982654416e-07 1.8973710269946576e-06 5.05581014155368e-06 1.1371004397308543e-05 2.576272609637099e-05 0.00010394247636134592 0.0003130787315968148 0.0007452756427745431 0.0018411610182813818 0.0034342097472063165 0.005505235563602269 0.008190286601944832 0.011640368209900494 0.016002815187955682 0.02141656894272461 0.02806372655889068 0.036027306452539716 0.045415303526779596 0.05634189338171277 0.068929958274481 0.08330307537699826 0.09960359926721724 0.1179881762358913 0.13865241192258673 0.16189184365254208 0.1879471840199514 0.22144554325751753 0.2630089105310837 0.31585875997559854 0.3842031866001511 0.4929331183434759 0.6165663246549017 0.804059882143711 1.0 1.0
0.0 0.0015 0.0035 0.0075 0.015 0.035 0.07499999 0.15 0.25 0.35 0.45 0.55 0.65 0.75 0.85 0.95 1.05 1.15 1.25 1.35 1.45 1.55 1.65 1.75 1.85 1.95 2.1 2.3 2.5 2.7 2.9 3.1 3.300001 3.500001 3.700001 4.050001 4.550001 5.050001 5.550001 5.99994
3.9700204120392833e-07 1.1903060119268638e-06 3.172231854947497e-06 7.135186623714994e-06 1.5060225054545246e-05 6.333437757437766e-05 0.0001901800964370405 0.0004351962792794864 0.0009423791228201603 0.0017089768977684196 0.0027863213411777376 0.004248711079688134 0.006168381184945732 0.008605233793450203 0.011627804677041538 0.015329033823209095 0.01975432686235721 0.02496322555091548 0.03102533454091382 0.03801114249637141 0.04599253830467726 0.05505142535400379 0.0652802506499719 0.07678071428719949 0.0897323674891393 0.10427462604440342 0.12300666910170728 0.14628114646569898 0.1757391231521552 0.2136214566325991 0.26278558983577505 0.32580696586585484 0.40290090939496587 0.4897637338799419 0.5794949836907841 0.6491429329502498 0.7289144003840439 0.8547495064163622 1.0 1.0
0.0 0.0015 0.0035 0.0075 0.015 0.035 0.07499999 0.15 0.25 0.35 0.45 0.55 0.65 0.75 0.85 0.95 1.05 1.15 1.25 1.35 1.45 1.55 1.65 1.75 1.85 1.95 2.1 2.3 2.5 2.7 2.9 3.1 3.300001 3.500001 3.700001 3.9 4.25 4.75 5.25 5.75 6.25 6.75 6.99993
2.6883915628002504e-07 8.054846708866325e-07 2.145556524397212e-06 4.824670074891919e-06 1.018184720865245e-05 3.38660702512258e-05 9.341572104761623e-05 0.00021857148455216156 0.0004777578760723091 0.000899948378092889 0.0015268692826108069 0.0024152769313795738 0.0036196388696650853 0.005191622730122879 0.007177434334748057 0.00964653694001224 0.012623645387734176 0.016145400562596536 0.0202564382884267 0.025004277836791 0.030438855384952435 0.036614623950328454 0.043597741373689936 0.05145951958022375 0.06032715648667679 0.07028000055985577 0.08308101281273089 0.0989563489224795 0.1190242537039162 0.144780791783283 0.1780911011731258 0.22066852698217446 0.2726119906512382 0.33120432227045105 0.39181153439832384 0.45059348745764594 0.5055664367604126 0.5782355271352151 0.627802895154613 0.7259030172589098 0.8523346230178982 1.0 1.0
0.0 0.0015 0.0035 0.0075 0.015 0.035 0.07499999 0.15 0.25 0.35 0.45 0.55 0.65 0.75 0.85 0.95 1.05 1.15 1.25 1.35 1.45 1.55 1.65 1.75 1.85 1.95 2.1 2.3 2.5 2.7 2.9 3.1 3.300001 3.500001 3.700001 3.9 4.25 4.75 5.25 5.75 6.25 6.75 7.25 7.75 7.99992
2.320399536176066e-07 6.941906052459938e-07 1.8466751573258307e-06 4.149715005878679e-06 8.75384377034826e-06 2.5122493742801277e-05 6.66574882818905e-05 0.00015218565248157517 0.00034895310532202507 0.0006675530497335288 0.001137399408043751 0.0018027844929174913 0.0027050662698213028 0.003885495402926752 0.005379271774962873 0.007247003637257361 0.009504493544162758 0.012182132690743891 0.015314719573404108 0.01893927783560339 0.023095866266186163 0.027826021666110628 0.03318396912414616 0.03922480081023375 0.046061201148300174 0.05373314619319474 0.06368798951359338 0.07593786302022212 0.09135062825774258 0.11106733514528401 0.1364729001814902 0.1688239010130924 0.2082066555707241 0.2527599235397956 0.29897011137104407 0.3438840851075041 0.3863222892003508 0.43139125369623565 0.48278749014324857 0.5605972951654902 0.6166742164187491 0.7218179605514983 0.8508655790650237 1.0 1.0
0.0 0.0015 0.0035 0.0075 0.015 0.035 0.07499999 0.15 0.25 0.35 0.45 0.55 0.65 0.75 0.85 0.95 1.05 1.15 1.25 1.35 1.45 1.55 1.65 1.75 1.85 1.95 2.1 2.3 2.5 2.7 2.9 3.1 3.300001 3.500001 3.700001 3.9 4.25 4.75 5.25 5.75 6.25 6.75 7.25 7.75 8.25 8.75 8.99991
2.1487032106018515e-07 6.404850198268584e-07 1.6983239812047575e-06 3.8098674757728917e-06 8.028796896265222e-06 2.0135112270405164e-05 5.543884800864695e-05 0.00012146165515322382 0.0002853061131058959 0.00055022229895038 0.0009300910153827793 0.0014583286239601813 0.0021627734792547685 0.0030773043662748406 0.004232049773415189 0.005677489834689525 0.007425102987758414 0.009494280549305399 0.011915569464309559 0.014717732548571236 0.01793313944367538 0.021597735763049845 0.025748987062425444 0.03043621375328228 0.035766583145369076 0.041738606535998854 0.049589345720393495 0.059172549158157096 0.0711548008327254 0.08639553343338101 0.10594520797269302 0.13077221397831126 0.16092378883497688 0.19516878313404606 0.23080328084078644 0.2654984650031855 0.29854764151359897 0.3338350902273664 0.3740989442005644 0.42076572385741745 0.4751808538931372 0.5600844606884191 0.62123604751756 0.7291602430235815 0.8560403289609181 1.0 1.0
0.0 0.0015 0.0035 0.0075 0.015 0.035 0.07499999 0.15 0.25 0.35 0.45 0.55 0.65 0.75 0.85 0.95 1.05 1.15 1.25 1.35 1.45 1.55 1.65 1.75 1.85 1.95 2.1 2.3 2.5 2.7 2.9 3.1 3.300001 3.500001 3.700001 3.9 4.25 4.75 5.25 5.75 6.25 6.75 7.25 7.75 8.25 8.75 9.25 9.75 9.9999
7.447504842011434e-07 2.198783396734121e-06 5.587113369718425e-06 1.1916446749311026e-05 2.433788671725451e-05 5.547344749952024e-05 0.00019431489992524512 0.00047689474887523196 0.0010455424426478272 0.0018406419112031024 0.0027296364726409833 0.003644770295477644 0.004576666129351187 0.005500136022114722 0.0064478877004412825 0.007463176537511141 0.008547427219361081 0.009725096304085391 0.01103384313064077 0.012498121358051083 0.014145879681812409 0.01600634901485394 0.01810113778565514 0.020460190492622345 0.02318236419474477 0.02621902201582994 0.030735359583027755 0.03588834129832716 0.04209271231807101 0.04981972896421833 0.059677218624859175 0.07215877703033173 0.08735520306630608 0.1050059282831006 0.12388356081084838 0.14245067390551425 0.16110584833506444 0.18223950847582676 0.2076806737165807 0.23893090930022023 0.2775562889280958 0.32525200261517073 0.38397395792114053 0.48125197608115533 0.5583998846013322 0.6802014707977099 0.8263918596710407 0.9999999999999999 1.0
0.0 0.0015 0.0035 0.0075 0.015 0.035 0.07499999 0.15 0.25 0.35 0.45 0.55 0.65 0.75 0.85 0.95 1.05 1.15 1.25 1.35 1.45 1.55 1.65 1.75 1.85 1.95 2.1 2.3 2.5 2.7 2.9 3.1 3.300001 3.500001 3.700001 3.9 4.25 4.75 5.25 5.75 6.25 6.75 7.25 7.75 8.25 8.75 9.25 9.75 10.25 10.75 11.25 11.75 11.99988
1.072616104594562e-05 2.504670411826792e-05 5.0140261707249666e-05 9.318858986788788e-05 0.00019506365302331293 0.0003222536063597157 0.00044737319693038795 0.0006709235198734973 0.0010143979040792347 0.0014882767100779547 0.002111023008530007 0.0028000497483904904 0.003680877778158755 0.004561712215239253 0.007722342029398979 0.011920965636037839 0.015964047733617242 0.021606270823220638 0.02750891511401982 0.03279125549369929 0.03979355074215192 0.05777536818057772 0.07603311251580648 0.1058331132517023 0.13146867739629975 0.1550847528343076 0.17273471955383485 0.18465085463708777 0.19188915121798295 0.1956519049957114 0.1982064250976356 0.19965841535642806 0.2292476475563743 0.2523797266419084 0.26855713282717175 0.2990260289283447 0.3257139620708761 0.3579634422328399 0.4362054545774061 0.46314726945808415 0.46658843022334423 0.46662468135432106 0.4666644668388177 0.6715973429424308 0.834887535052522 0.877573129249292 0.9570742184936132 0.9924406918702215 0.999451372688561 0.9996294871586221 0.9997997807031872 0.9999999999999999 1.0
0.0 0.0015 0.0035 0.0075 0.015 0.035 0.07499999 0.15 0.25 0.35 0.45 0.55 0.65 0.75 0.85 0.95 1.05 1.15 1.25 1.35 1.45 1.55 1.65 1.75 1.85 1.95 2.1 2.3 2.5 2.7 2.9 3.1 3.300001 3.500001 3.700001 3.9 4.25 4.75 5.25 5.75 6.25 6.75 7.25 7.75 8.25 8.75 9.25 9.75 10.25 10.75 11.25 11.75 12.25 12.75 13.25 13.75 13.99986
6.578299157130435e-06 1.458772371064212e-05 2.6890359667276493e-05 4.6348334230280257e-05 8.735438805087896e-05 0.00017538349246497886 0.0003102303652868473 0.0005268943214939913 0.000848933170656826 0.0013110360180682173 0.0019584687597826228 0.002766229648720108 0.003797677674082218 0.004978017696806001 0.006988459473272172 0.009596790662256686 0.012459923060231843 0.016937480585111832 0.021939737399292312 0.026972281884143204 0.033264314765492124 0.043434207644586637 0.05457503211870496 0.07003706514092368 0.08579311350156417 0.10241499705264835 0.11908353152629399 0.13560426941765294 0.15171039744072953 0.16639932036655372 0.17961450011130062 0.19162687785079333 0.21345309119403058 0.23383802008268836 0.2515293772693889 0.2724397428647914 0.29649352952103675 0.32205445736517724 0.37746729984529664 0.42461686490646494 0.4603472365877926 0.4810831597013034 0.4886679636357535 0.5630627962570514 0.6802990694014892 0.7840598008879088 0.8848360515504462 0.9462128297046876 0.9811987022625268 0.9945171740049233 0.9988057713994565 0.999842058778292 0.9998699909975773 0.9999064147229209 0.9999488257011605 0.9999999999999999 1.0
0.0 0.0015 0.0035 0.0075 0.015 0.035 0.07499999 0.15 0.25 0.35 0.45 0.55 0.65 0.75 0.85 0.95 1.05 1.15 1.25 1.35 1.45 1.55 1.65 1.75 1.85 1.95 2.1 2.3 2.5 2.7 2.9 3.1 3.300001 3.500001 3.700001 3.9 4.25 4.75 5.25 5.75 6.25 6.75 7.25 7.75 8.25 8.75 9.25 9.75 10.25 10.75 11.25 11.75 12.25 12.75 13.25 13.75 14.25 14.75 15.25 15.75 15.99984
8.164046677149154e-06 1.788405601513972e-05 3.2271994346794766e-05 5.443978699379711e-05 9.870680166131452e-05 0.00020162958955080928 0.0003768131863266865 0.0006471783081596803 0.0010070678783645915 0.0015128730349991467 0.0021832435940891144 0.0030099826590340092 0.004069728977941217 0.005308014425119031 0.007147394413287357 0.00946947634234542 0.01203211731673025 0.016487346132635423 0.02161505922179872 0.02666583541186506 0.03292103907194693 0.04184157314091512 0.051471481003790544 0.06394547453253199 0.07675915103256893 0.09053965696162022 0.10514819421664548 0.120709740146423 0.13733073506434096 0.1543240291133901 0.1712491380406703 0.18890497936369657 0.21416078783761974 0.2386818817340792 0.26064184222566916 0.2826090575879682 0.3046342298936595 0.3264726866800498 0.3691945656277501 0.4124478259195865 0.45446537954474364 0.49086451768660894 0.5145099909299558 0.5706591632602455 0.6478120680328638 0.7273859014252009 0.8213570647003089 0.8965034174142296 0.9594631047490694 0.9851318625963332 0.9944946977117144 0.9995995470901919 0.9996783618894006 0.9997119566570649 0.9997511113870342 0.9997858273172503 0.9998259364174643 0.9998764449175656 0.9999332461670256 1.0 1.0
0.0 0.0015 0.0035 0.0075 0.015 0.035 0.07499999 0.15 0.25 0.35 0.45 0.55 0.65 0.75 0.85 0.95 1.05 1.15 1.25 1.35 1.45 1.55 1.65 1.75 1.85 1.95 2.1 2.3 2.5 2.7 2.9 3.1 3.300001 3.500001 3.700001 3.9 4.25 4.75 5.25 5.75 6.25 6.75 7.25 7.75 8.25 8.75 9.25 9.75 10.25 10.75 11.25 11.75 12.25 12.75 13.25 13.75 14.25 14.75 15.25 15.75 16.25 16.75 17.25 17.75 17.99982
9.860173798249598e-06 2.1248336096429703e-05 3.722038302491551e-05 6.083225114882511e-05 0.0001091679428267454 0.00020598003908792238 0.00044141173404493053 0.0008706103561667747 0.0013832278746548003 0.0020525150610749155 0.0029268092244947577 0.003992151078618553 0.00524200960377103 0.006666530448756919 0.008681334249027959 0.01111583491118377 0.013760134067374474 0.018719540198585318 0.02471861252651778 0.030411759633046553 0.03727830276153232 0.04702491558431142 0.05743123336813516 0.07035461389827857 0.08389915699252219 0.09844398688736467 0.1139979264437096 0.13051562405390602 0.1482840410449315 0.1661691688779004 0.18398565064782632 0.20284045618100913 0.22864873145299155 0.2541389146894279 0.2771379255454316 0.2994015214277608 0.321660718010061 0.3426363419829156 0.38266266568794244 0.4249022537853625 0.4673839246886012 0.5055665171167146 0.532172028040811 0.586952613391597 0.6587886541724735 0.730829052144031 0.8173754950050293 0.889364783461545 0.9563992389562734 0.9838074159184568 0.9932183354620998 0.9989660532976637 0.9990879454475639 0.9991434748843533 0.9991921712539379 0.999243002173601 0.9992997834700311 0.9993654078447363 0.9994641818347236 0.9995406034988287 0.9996365430133377 0.9997479710561196 0.9998674443996987 1.0 1.0
0.0 0.0015 0.0035 0.0075 0.015 0.035 0.07499999 0.15 0.25 0.35 0.45 0.55 0.65 0.75 0.85 0.95 1.05 1.15 1.25 1.35 1.45 1.55 1.65 1.75 1.85 1.95 2.1 2.3 2.5 2.7 2.9 3.1 3.300001 3.500001 3.700001 3.9 4.25 4.75 5.25 5.75 6.25 6.75 7.25 7.75 8.25 8.75 9.25 9.75 10.25 10.75 11.25 11.75 12.25 12.75 13.25 13.75 14.25 14.75 15.25 15.75 16.25 16.75 17.25 17.75 18.25 18.75 19.25 19.75 19.9998
3.447865202900648e-05 9.31576811419079e-05 0.00022443246127988923 0.00047670029069876057 0.0008800181784080456 0.0020425912882932303 0.002871630013120671 0.003770411790720798 0.0047172527370068955 0.005767555833621951 0.006960393699952715 0.008290565188469635 0.009961874068399795 0.012249827606356954 0.014911922102416904 0.01789779510110261 0.021062229966458606 0.026718540739614518 0.0340405068348755 0.040526542802647565 0.04811576085478062 0.05880850960710252 0.07023696311232726 0.08434822537875798 0.09946416052943538 0.11564698283434077 0.13288593969460982 0.15204127436394366 0.1721804011402555 0.19266156502324713 0.2127147574064438 0.23336594037732208 0.26005867798212867 0.2862604208195818 0.30989501013197024 0.33213028497505825 0.3541546706439262 0.37391198983558194 0.41145044349671506 0.4513695256881502 0.4918130032507886 0.5286693698479505 0.5542330217372387 0.6035714669316309 0.6724604381845892 0.7399654345048302 0.8225597672350223 0.8912836008757655 0.9562882448786416 0.9829329570884474 0.9922009236564817 0.9977856459984111 0.9979027860985518 0.9979745983786225 0.9980411121172803 0.998112700941224 0.9981932413626299 0.9982860000037532 0.998392460550442 0.9985144420690926 0.9986532519154983 0.9988079974433034 0.9990350178721237 0.9991744925888681 0.999365189811912 0.9995687913317448 0.9997780039959375 1.0 1.0
0.0 0.0015 0.0035 0.0075 0.015 0.035 0.07499999 0.15 0.25 0.35 0.45 0.55 0.65 0.75 0.85 0.95 1.05 1.15 1.25 1.35 1.45 1.55 1.65 1.75 1.85 1.95 2.1 2.3 2.5 2.7 2.9 3.1 3.300001 3.500001 3.700001 3.9 4.25 4.75 5.25 5.75 6.25 6.75 7.25 7.75 8.25 8.75 9.25 9.75 10.25 10.75 11.25 11.75 12.25 12.75 13.25 13.75 14.25 14.75 15.25 15.75 16.25 16.75 17.25 17.75 18.25 18.75 19.25 19.75 20.25 20.75 21.25 21.75 21.99978
0.00011819604449064532 0.00033089908558997435 0.0008271213516788167 0.0017958761300399246 0.00371991468946776 0.010049846840884747 0.018512386286755035 0.02304992221281768 0.026755295355147122 0.03059046516549864 0.03401762347553711 0.03748436565725319 0.04145043692329956 0.051796837012941396 0.05807150154333508 0.06443505383080055 0.07073619443893697 0.07898581341584646 0.08901391111717179 0.09775253806137015 0.10711748784453129 0.1190978618428594 0.13180943938592918 0.14887168137340134 0.16618528549930456 0.18415762898170007 0.20233316162438597 0.2255557067345909 0.2503707026794166 0.2764003050154282 0.30299405852884276 0.32937722468719965 0.35974615415769373 0.38906973212034 0.4148063927690859 0.4420101302647946 0.46982706727496965 0.4899676536311933 0.5229866934141717 0.5551670616962648 0.5871740630258864 0.6158577924423427 0.6356429689572024 0.6747274977847474 0.7311942546421382 0.7852733288505687 0.8523784144686943 0.9081263887008977 0.9604441913411575 0.983850837139658 0.9915864933606315 0.9964150614208258 0.9965247601303535 0.9965981303856815 0.9966694114275156 0.9967469382258578 0.9968349513299413 0.9969368434615268 0.9970547818398829 0.9971910639292149 0.9973467267474722 0.9975209976492186 0.9977121806265411 0.9979173852301579 0.9981345681323253 0.998362661959905 0.9986634677587841 0.9988617326721662 0.9991225670412639 0.9993964717897619 0.9996882896291203 1.0 1.0
0.0 0.0015 0.0035 0.0075 0.015 0.035 0.07499999 0.15 0.25 0.35 0.45 0.55 0.65 0.75 0.85 0.95 1.05 1.15 1.25 1.35 1.45 1.55 1.65 1.75 1.85 1.95 2.1 2.3 2.5 2.7 2.9 3.1 3.300001 3.500001 3.700001 3.9 4.25 4.75 5.25 5.75 6.25 6.75 7.25 7.75 8.25 8.75 9.25 9.75 10.25 10.75 11.25 11.75 12.25 12.75 13.25 13.75 14.25 14.75 15.25 15.75 16.25 16.75 17.25 17.75 18.25 18.75 19.25 19.75 20.5 21.25 21.75 22.25 22.75 23.25 23.75 23.99976
0.0007249815821522762 0.0015503732934761263 0.002676992046912131 0.004305655971910894 0.006944646982803552 0.015772172902819178 0.034178222000132784 0.042224182807224106 0.048773629477411345 0.055437674433186514 0.06132064088004721 0.06680172715774678 0.07467410719070973 0.09252988622606725 0.10229025028056031 0.11178642485302125 0.12105256650366444 0.1311896289698104 0.14244563735653998 0.15286011580996 0.16373014077227432 0.17647055293861358 0.18979815624615412 0.20955701315117137 0.2283825057811256 0.24791543852693304 0.26735308812506736 0.29813091339725506 0.3301071835201309 0.36746152281055217 0.40681340197403965 0.44502474216400767 0.483683058549747 0.5191856871062953 0.5494529370386281 0.587076155457226 0.6279492195809155 0.6612113103869931 0.6969033191416136 0.726155832443341 0.7505235561861039 0.7697612115362017 0.7826138041744551 0.8066840364732637 0.8395391438506271 0.8715225609698972 0.9112854684579305 0.9440962948704001 0.9760567199502063 0.9886995223934505 0.9934475245239792 0.9964326655550432 0.9965169654419596 0.996569138819765 0.9966204390475004 0.996677253106922 0.9967426295721515 0.9968187590736155 0.9969069742980461 0.9970085224723456 0.9971243889696342 0.9972544019578706 0.9973980638844553 0.9975543790359326 0.9977214986211931 0.9978977858259985 0.9980810116998566 0.9982716984296953 0.9984874507403347 0.998709676100815 0.9989351361614504 0.999200885817589 0.9994596694331995 0.9997288064615014 1.0 1.0
0.0 0.0015 0.0035 0.0075 0.015 0.035 0.07499999 0.15 0.25 0.35 0.45 0.55 0.65 0.75 0.85 0.95 1.05 1.15 1.25 1.35 1.45 1.55 1.65 1.75 1.85 1.95 2.1 2.3 2.5 2.7 2.9 3.1 3.300001 3.500001 3.700001 3.9 4.25 4.75 5.25 5.75 6.25 6.75 7.25 7.75 8.25 8.75 9.25 9.75 10.25 10.75 11.25 11.75 12.25 12.75 13.25 13.75 14.25 14.75 15.25 15.75 16.25 16.75 17.25 17.75 18.25 18.75 19.25 19.75 20.5 21.5 22.5 23.25 23.75 24.25 24.75 25.25 25.75 25.99974
0.0006310926386868932 0.00132657218477799 0.002215212453081698 0.0034257869759606327 0.005283506379165431 0.011708103074615714 0.03192908076994588 0.0422515847261549 0.0498376126364193 0.057109495864578017 0.06443021114553987 0.07113969678806577 0.07967994238304707 0.09998620458496474 0.1111265642224617 0.12197774456131799 0.13263381982113653 0.1434590603385489 0.15490670404988854 0.16593517561174526 0.17736773389338847 0.19011783400298032 0.20345115360191635 0.22246508508718857 0.24023884229557832 0.2585992902520834 0.27699880611039734 0.30820115753193766 0.34137848290235173 0.3826789209768751 0.42995410433554915 0.47808190680346546 0.5268126745459735 0.573173411411759 0.6149906687946242 0.661074665274404 0.7078000114117702 0.7474061984090784 0.7841997902197718 0.8167320658927376 0.8437607412810345 0.8653904992681748 0.8819922561402518 0.900109583233252 0.919436747100725 0.9370534079601698 0.9566488755578718 0.9725146351878038 0.9872996611898636 0.9938767334211185 0.9961896642093984 0.9976089972408513 0.99766184849726 0.9976921218844751 0.9977227779857369 0.9977561831318823 0.9977943031456167 0.9978384449036147 0.9978887052847829 0.9979467027035035 0.9980130896095537 0.9980878990490909 0.9981705986117994 0.9982603480214508 0.9983563643383125 0.9984580072577763 0.9985651307553685 0.9986771351986745 0.9988018310611527 0.9989434581365714 0.9990998873485583 0.9992590918728872 0.9993997015785667 0.999559573239854 0.9997100360669521 0.9998582079762394 1.0 1.0
0.0 0.0015 0.0035 0.0075 0.015 0.035 0.07499999 0.15 0.25 0.35 0.45 0.55 0.65 0.75 0.85 0.95 1.05 1.15 1.25 1.35 1.45 1.55 1.65 1.75 1.85 1.95 2.1 2.3 2.5 2.7 2.9 3.1 3.300001 3.500001 3.700001 3.9 4.25 4.75 5.25 5.75 6.25 6.75 7.25 7.75 8.25 8.75 9.25 9.75 10.25 10.75 11.25 11.75 12.25 12.75 13.25 13.75 14.25 14.75 15.25 15.75 16.25 16.75 17.25 17.75 18.25 18.75 19.25 19.75 20.5 21.5 22.5 23.5 24.25 24.75 25.25 25.75 26.25 26.75 27.25 27.75 27.99972
0.0005550042182267835 0.001165643630668639 0.0019431703978750824 0.0029988420917976912 0.004612865383338045 0.010748219053104422 0.030631273837269334 0.0408152049846946 0.048801312273498654 0.056169209598376874 0.06373933956261066 0.07034858964764294 0.07877132303204123 0.1003380244914798 0.11123594172310591 0.12193511524565294 0.1324255054842437 0.14285098737916052 0.15363806485603634 0.16432103550156882 0.17539114924300306 0.18746610338512226 0.20020802422374098 0.21779066635862493 0.23431449932563317 0.2515635171310031 0.2688722939037696 0.29819255192058075 0.32950480399833987 0.3689735199980103 0.415347640725111 0.4637817967738165 0.5138170442871887 0.5628949578137628 0.6085300234245863 0.6567088752202451 0.7039792950151034 0.7454409164697532 0.783905760424897 0.8188617088780771 0.8492689466826533 0.8750641348015497 0.8969148579703432 0.9179211631766167 0.9388141849528931 0.9561950558416499 0.9710483149415224 0.9819554742782481 0.9915859955773804 0.9956365781219084 0.9971812471757654 0.9981010622032076 0.9981391658787968 0.9981592549969234 0.9981796449035614 0.9982025274443943 0.9982288518078245 0.9982594276535249 0.9982948543939574 0.9983352157634486 0.9983812995482145 0.9984324962534967 0.9984891063545148 0.9985508461798764 0.9986173588618563 0.9986880391778554 0.9987619082337219 0.9988384772944064 0.9989235852627332 0.9990202477137038 0.9991264760994658 0.9992358955035803 0.9993422059148052 0.999459860048804 0.9995676426462003 0.9996582844851615 0.9997540007952033 0.9998410921847909 0.9999240771746459 1.0 1.0
0.0 0.0015 0.0035 0.0075 0.015 0.035 0.07499999 0.15 0.25 0.35 0.45 0.55 0.65 0.75 0.85 0.95 1.05 1.15 1.25 1.35 1.45 1.55 1.65 1.75 1.85 1.95 2.1 2.3 2.5 2.7 2.9 3.1 3.300001 3.500001 3.700001 3.9 4.25 4.75 5.25 5.75 6.25 6.75 7.25 7.75 8.25 8.75 9.25 9.75 10.25 10.75 11.25 11.75 12.25 12.75 13.25 13.75 14.25 14.75 15.25 15.75 16.25 16.75 17.25 17.75 18.25 18.75 19.25 19.75 20.5 21.5 22.5 23.5 24.5 25.5 26.25 26.75 27.25 27.75 28.25 28.75 29.25 29.75 29.9997
0.00013569461372993979 0.0003316175865795425 0.0007082210192440458 0.0013859578782082038 0.0026675456959903833 0.00882906377271159 0.02752085915347767 0.03861832118489118 0.045729607475261176 0.05355913831870438 0.061671323465603306 0.06850073177711738 0.07685523986582785 0.0983790587287907 0.10922597858991594 0.11975987513731125 0.13025469283189625 0.14058313175509313 0.151241326817409 0.16199695494594812 0.1730747664413019 0.1848682712966202 0.19733316417637806 0.21435152406208371 0.23045136784972162 0.24744186374282087 0.264560236747509 0.2929075563515183 0.3228586211664388 0.36069538347670377 0.40560558841757194 0.45305581778233295 0.5024965549648566 0.5518087224041781 0.5983218211962664 0.6460921618049325 0.6923741525154131 0.7334325176166198 0.771703963983475 0.8072103383714452 0.8393842023314085 0.8681888492738299 0.8937190918086624 0.9168874720863099 0.9396788125733767 0.9591045839027311 0.9738092627178457 0.9842164423116043 0.9928245718953169 0.996171927727567 0.9975808258534012 0.9983728001759111 0.9984573393274614 0.9984869432683995 0.9985037037124742 0.9985222890965515 0.9985436735204164 0.9985685697019988 0.9985974550376382 0.9986307420471795 0.9986687028771275 0.9987112469081794 0.99875815653857 0.9988087780972145 0.9988630708920054 0.9989200877492118 0.9989798243398861 0.9990418088087417 0.9991105230595092 0.9991881757212453 0.9992733913430045 0.9993609985640048 0.999444533976909 0.9995201930139849 0.9995890951410775 0.9996620456999492 0.9997319547402496 0.9997904241036681 0.9998491814863992 0.9999025623162328 0.9999535896415639 1.0 1.0
0.0 0.0015 0.0035 0.0075 0.015 0.035 0.07499999 0.15 0.25 0.35 0.45 0.55 0.65 0.75 0.85 0.95 1.05 1.15 1.25 1.35 1.45 1.55 1.65 1.75 1.85 1.95 2.1 2.3 2.5 2.7 2.9 3.1 3.300001 3.500001 3.700001 3.9 4.25 4.75 5.25 5.75 6.25 6.75 7.25 7.75 8.25 8.75 9.25 9.75 10.25 10.75 11.25 11.75 12.25 12.75 13.25 13.75 14.25 14.75 15.25 15.75 16.25 16.75 17.25 17.75 18.25 18.75 19.25 19.75 20.5 21.5 22.5 23.5 24.5 25.5 26.5 27.5 28.5 29.5 30.5 31.25 31.75 32.25 32.75 33.25 33.75 34.25 34.75 34.99965
0.00039850898698648413 0.000827737310301476 0.0013489673150649784 0.0020235337342347096 0.0030059614616203922 0.007947277058910527 0.022183173159011277 0.03708346407800361 0.045443395397401234 0.052560037931389386 0.06216929657046933 0.06961917033772203 0.07812755987212669 0.09546753010083411 0.10796901258329081 0.11818085396593224 0.12949387933759268 0.14091150204310895 0.15330268304789044 0.16636410234473847 0.18044696186720632 0.19464988985517873 0.20935994604517302 0.227542360076327 0.24551841897203697 0.26872420244459655 0.2908821817908647 0.322234881504179 0.35446591347536205 0.394181467637955 0.4381160540182708 0.48502440256746304 0.5336577600027946 0.5818235838523862 0.6273113302916117 0.6727656934172291 0.71532033399355 0.7527695289916528 0.787204194051423 0.8186627562091421 0.8479627165260126 0.8752536032664929 0.9000859259963964 0.9221869475020845 0.9423511237693389 0.9604791129675982 0.9743546504088939 0.9842518443077242 0.9924558744379371 0.996102742297019 0.9975593646679783 0.9983826935974679 0.9986084313968905 0.9986797552086705 0.9986992675325475 0.9987165455151458 0.9987360303632737 0.9987583339278637 0.9987839231851839 0.9988131717608344 0.9988463176572204 0.9988832714248957 0.9989236591038699 0.9989673725745629 0.9990141420953421 0.9990635636110764 0.9991150940159375 0.9991683022248989 0.9992268751713694 0.9992926411351536 0.9993641672531579 0.9994367383413294 0.9995056503619636 0.9995676984612222 0.9996222057770955 0.9996699662082519 0.9997119818114172 0.9997495310727584 0.9997831796694596 0.9998126302726759 0.9998440097514913 0.9998771177502926 0.9999053352887115 0.9999316019932247 0.999956071181855 0.9999792493446762 1.0 1.0
0.0 0.0015 0.0035 0.0075 0.015 0.035 0.07499999 0.15 0.25 0.35 0.45 0.55 0.65 0.75 0.85 0.95 1.05 1.15 1.25 1.35 1.45 1.55 1.65 1.75 1.85 1.95 2.1 2.3 2.5 2.7 2.9 3.1 3.300001 3.500001 3.700001 3.9 4.25 4.75 5.25 5.75 6.25 6.75 7.25 7.75 8.25 8.75 9.25 9.75 10.25 10.75 11.25 11.75 12.25 12.75 13.25 13.75 14.25 14.75 15.25 15.75 16.25 16.75 17.25 17.75 18.25 18.75 19.25 19.75 20.5 21.5 22.5 23.5 24.5 25.5 26.5 27.5 28.5 29.5 30.5 31.5 32.5 33.5 34.5 35.5 36.25 36.75 37.25 37.75 38.25 38.75 39.25 39.75 39.9996
0.00028308778569019455 0.0005868884574296857 0.0009527195632390157 0.0014219349872422267 0.0020986891638987547 0.0054182065755276195 0.014371364967640481 0.02690732067527 0.035489456081346044 0.0431358322579608 0.05238766035030591 0.06081017831179685 0.06876880186645544 0.08397764918989707 0.09835075567639742 0.10860612943704326 0.12016999765403562 0.13225970418494987 0.1468672099083256 0.16202462988182748 0.1793962595959911 0.1967256531645248 0.2145136658696129 0.23429608887259165 0.25496021657638557 0.2865946896946289 0.31730674860559593 0.3545138990877958 0.3924777554606614 0.43688883908424975 0.4841116051684808 0.5338146632212148 0.5846343898590032 0.6346235881915323 0.6814686156458494 0.7265690657337602 0.7668051310651555 0.8018995593280025 0.8327598120308715 0.8601635340708333 0.8848772447006072 0.9071230777615562 0.9262317718952583 0.9425687062282212 0.9571528575092464 0.9704811494018373 0.9805825783326172 0.9879747481747866 0.9941628075137658 0.9969571453667304 0.9980306981587572 0.9986366675145085 0.9988064935743014 0.9988699960126792 0.9988862920754311 0.998901300846758 0.9989182294975448 0.9989376200892606 0.9989598589348103 0.9989852237047635 0.9990138758987221 0.9990456956075451 0.9990804439017457 0.9991178507439505 0.9991577775864271 0.9991998848565243 0.9992436147035599 0.9992885674303955 0.999337696717847 0.9993926442258423 0.9994521802779007 0.9995127441972896 0.9995699361785559 0.9996211538770209 0.9996659100229224 0.999704873305129 0.9997388734415728 0.9997690988058255 0.9997960437257413 0.9998201238968006 0.999841682943522 0.9998609857534857 0.9998783913483074 0.9998942057616298 0.9999081245544159 0.9999226740007969 0.9999386849950532 0.9999524809247554 0.9999653287958493 0.9999779399071665 0.9999897496374848 1.0 1.0
0.0 0.0015 0.0035 0.0075 0.015 0.035 0.07499999 0.15 0.25 0.35 0.45 0.55 0.65 0.75 0.85 0.95 1.05 1.15 1.25 1.35 1.45 1.55 1.65 1.75 1.85 1.95 2.1 2.3 2.5 2.7 2.9 3.1 3.300001 3.500001 3.700001 3.9 4.25 4.75 5.25 5.75 6.25 6.75 7.25 7.75 8.25 8.75 9.25 9.75 10.25 10.75 11.25 11.75 12.25 12.75 13.25 13.75 14.25 14.75 15.25 15.75 16.25 16.75 17.25 17.75 18.25 18.75 19.25 19.75 20.5 21.5 22.5 23.5 24.5 25.5 26.5 27.5 28.5 29.5 30.5 31.5 32.5 33.5 34.5 35.5 36.5 37.5 38.5 39.5 40.25 40.75 41.25 41.75 42.25 42.75 43.25 43.75 44.25 44.75 44.99955
0.00025187671122467556 0.0005181371505417031 0.0008274573472519808 0.0012085432940889145 0.001733677034170065 0.004302016980865972 0.010918511415530817 0.021015804024116423 0.03015091959533119 0.037460537370286054 0.04686490383382122 0.055490231296060004 0.06379473234740776 0.07681010474546184 0.09018559662662644 0.10122608687101742 0.11253256532285572 0.12452761113665654 0.14003129294586197 0.15580292211002483 0.17345564276214684 0.19235102635066198 0.21165502408536196 0.23226957882134533 0.2538537527942609 0.2872495349105778 0.32140193211237583 0.3598816892125963 0.39967589343837195 0.44554770616760103 0.4947054830520898 0.5463025394404339 0.5988099463718187 0.6502201794779877 0.698749005987296 0.7455944253948602 0.7869587390938203 0.8229049983412996 0.8539627363800035 0.8810893232932161 0.905009221098458 0.9253446626191647 0.9415367914244072 0.9548446325335096 0.9668079964991434 0.9773125484970082 0.9851963245412882 0.9908769764664864 0.9954497957796227 0.9975091914593094 0.9983791968807226 0.9988248903904895 0.9989640262295841 0.9990065425476288 0.9990191524917362 0.9990322044604977 0.9990470106473786 0.9990640166111814 0.9990835448557572 0.9991058438471077 0.9991310182523686 0.999158911903154 0.9991892904700559 0.999221842794352 0.9992564669491522 0.999292865605011 0.9993306054445966 0.9993692613457043 0.9994113351268995 0.9994581597767824 0.9995088643070286 0.9995602964108795 0.9996087329397728 0.9996519924533827 0.9996896362563257 0.9997223478733998 0.9997509122440974 0.9997761972835707 0.9997986411750076 0.9998186036076472 0.9998363973792371 0.9998522311069749 0.999866444478868 0.999879315668253 0.9998910359801225 0.9999017745414063 0.999911675893654 0.9999208805832912 0.9999285768061749 0.9999353012150642 0.9999427337597419 0.9999518674847026 0.9999620828127473 0.9999715067220274 0.9999799364599827 0.9999874547973945 0.9999943669771275 1.0 1.0
0.0 0.0015 0.0035 0.0075 0.015 0.035 0.07499999 0.15 0.25 0.35 0.45 0.55 0.65 0.75 0.85 0.95 1.05 1.15 1.25 1.35 1.45 1.55 1.65 1.75 1.85 1.95 2.1 2.3 2.5 2.7 2.9 3.1 3.300001 3.500001 3.700001 3.9 4.25 4.75 5.25 5.75 6.25 6.75 7.25 7.75 8.25 8.75 9.25 9.75 10.25 10.75 11.25 11.75 12.25 12.75 13.25 13.75 14.25 14.75 15.25 15.75 16.25 16.75 17.25 17.75 18.25 18.75 19.25 19.75 20.5 21.5 22.5 23.5 24.5 25.5 26.5 27.5 28.5 29.5 30.5 31.5 32.5 33.5 34.5 35.5 36.5 37.5 38.5 39.5 41.0 43.0 45.0 46.25 46.75 47.25 47.75 48.25 48.75 49.25 49.75 49.9995
9.090911721492637e-05 0.00019397476067645422 0.0003334876787362484 0.0005337465671987057 0.0008559134840724244 0.0029757513952212225 0.008473876106032308 0.017230341070702558 0.02637012962649682 0.03419415841754124 0.042902428490628156 0.052128521255702776 0.060537244144238375 0.07203544955302303 0.08487892797683186 0.09623605328115187 0.10785158872920474 0.11997129776010175 0.13512118336800633 0.15147522343105393 0.1688366954208785 0.18754158943834903 0.20714812196826177 0.22806770187421774 0.25019378201571996 0.28299614969554954 0.31835746897035266 0.3566427586530254 0.3971658459294671 0.44291576777217234 0.4929351381333258 0.5449335267725175 0.5979184250282457 0.6501017329466493 0.6994358534236966 0.7467412455877146 0.7899709019843901 0.8270246954108273 0.8589839921774606 0.8871287936391344 0.9111500515597415 0.9309591723508754 0.9465370923807573 0.9590164467210259 0.9703703135697258 0.9798588953163709 0.9869011306184768 0.9920086123905673 0.9959452908083501 0.9977358275537663 0.9985257235989499 0.9989135977476864 0.9990268156210894 0.999064129424405 0.999076170276759 0.9990888088801061 0.9991031752853142 0.9991196611992551 0.9991386076958356 0.9991602212293684 0.999184600809732 0.9992115826681266 0.9992408908228464 0.9992722737754683 0.9993055618094209 0.9993405398307414 0.999376767909466 0.9994138056028914 0.9994539871547959 0.9994985659553861 0.9995467249552475 0.999595491807058 0.9996413519421243 0.9996822472265581 0.9997178220759418 0.9997486751129252 0.9997755572436064 0.9997992983615094 0.999820320502011 0.9998389666617891 0.9998555440483471 0.9998702904187066 0.9998834809085537 0.9998953829368542 0.9999061778849894 0.9999160328289247 0.9999250748766304 0.9999334480820964 0.9999407951945037 0.9999474483917398 0.9999521467463363 0.9999587977131582 0.9999664807208096 0.9999737504609192 0.9999795445897888 0.9999853220290077 0.9999909877936973 0.999996208065206 1.0 1.0
0.0 0.0015 0.0035 0.0075 0.015 0.035 0.07499999 0.15 0.25 0.35 0.45 0.55 0.65 0.75 0.85 0.95 1.05 1.15 1.25 1.35 1.45 1.55 1.65 1.75 1.85 1.95 2.1 2.3 2.5 2.7 2.9 3.1 3.300001 3.500001 3.700001 3.9 4.25 4.75 5.25 5.75 6.25 6.75 7.25 7.75 8.25 8.75 9.25 9.75 10.25 10.75 11.25 11.75 12.25 12.75 13.25 13.75 14.25 14.75 15.25 15.75 16.25 16.75 17.25 17.75 18.25 18.75 19.25 19.75 20.5 21.5 22.5 23.5 24.5 25.5 26.5 27.5 28.5 29.5 30.5 31.5 32.5 33.5 34.5 35.5 36.5 37.5 38.5 39.5 41.0 43.0 45.0 47.0 49.0 50.25 50.75 51.25 51.75 52.25 52.75 53.25 53.75 54.25 54.75 54.99945
3.599063934582127e-05 8.20770093812771e-05 0.00015843901825009926 0.0002852606819130995 0.0005133908708327794 0.0024117941441592857 0.007330034753633642 0.01499906736852721 0.02345123220323868 0.032117694152853156 0.04080993008725853 0.04951014288895599 0.058827806810709336 0.06973245910926673 0.08192848586324224 0.09348415271478422 0.10571499835328349 0.11775547747875603 0.13299597948550912 0.15010268846553193 0.16717033210512458 0.1854992758443389 0.20551434755819573 0.2267272125196185 0.24884494999479426 0.2809519307039644 0.3167641880930896 0.35471713165799423 0.395594147789678 0.4412558979083526 0.4916979404368005 0.5437279110052093 0.5969913820211515 0.6495074613932569 0.6987425245681939 0.7465528940843835 0.7905224289569802 0.8286184785994071 0.8611153168233195 0.8896612822536103 0.9136348056836011 0.933218487284652 0.9476889096603586 0.9596628703903786 0.9703709508047329 0.9797192487723598 0.9869159594446316 0.992053213456494 0.9959552006594785 0.9977809158528371 0.998548290743075 0.9989089575961702 0.9990396662817451 0.9990712479496713 0.9990833151501469 0.9990959122846996 0.9991102428410386 0.9991266830438604 0.9991455415956189 0.9991670245546881 0.9991912136409542 0.9992179290860721 0.9992468630091518 0.9992777507127301 0.9993104628005689 0.9993447771938075 0.9993802674496853 0.9994165541085994 0.9994558274072692 0.999499316609956 0.9995462396909828 0.99959371475993 0.9996383284775423 0.9996780769993006 0.9997126193763871 0.9997425450805528 0.999768587870624 0.9997915565244356 0.9998118647761892 0.9998298598134499 0.9998458286442619 0.999860004875048 0.9998726583123686 0.9998840500850209 0.9998943572655946 0.999903743499253 0.99991234747617 0.9999202905309927 0.9999272152322876 0.9999334402182906 0.9999392210722456 0.9999447388975382 0.9999501418579956 0.9999546932422987 0.9999593177714194 0.9999649025284567 0.9999708316489344 0.9999767603586304 0.999982374435212 0.9999878671514727 0.9999929518331281 0.9999973210614175 1.0 1.0
0.0 0.0015 0.0035 0.0075 0.015 0.035 0.07499999 0.15 0.25 0.35 0.45 0.55 0.65 0.75 0.85 0.95 1.05 1.15 1.25 1.35 1.45 1.55 1.65 1.75 1.85 1.95 2.1 2.3 2.5 2.7 2.9 3.1 3.300001 3.500001 3.700001 3.9 4.25 4.75 5.25 5.75 6.25 6.75 7.25 7.75 8.25 8.75 9.25 9.75 10.25 10.75 11.25 11.75 12.25 12.75 13.25 13.75 14.25 14.75 15.25 15.75 16.25 16.75 17.25 17.75 18.25 18.75 19.25 19.75 20.5 21.5 22.5 23.5 24.5 25.5 26.5 27.5 28.5 29.5 30.5 31.5 32.5 33.5 34.5 35.5 36.5 37.5 38.5 39.5 41.0 43.0 45.0 47.0 49.0 51.0 53.0 54.25 54.75 55.25 55.75 56.25 56.75 57.25 57.75 58.25 58.75 59.25 59.75 59.9994
7.108388556020246e-05 0.000150046976685702 0.00025263122395033805 0.00039458372185193597 0.0006156322813140672 0.002332134252962236 0.006672821648595997 0.013299515158849053 0.021185286943114032 0.02986411806397056 0.03854732152021505 0.04731240595846599 0.056123124718357245 0.06739934939231536 0.07897300089505822 0.09032167516639479 0.10268354557325855 0.11504230390611088 0.13028920323555396 0.14764320043142712 0.16459973948072504 0.1830805286574665 0.20326426530895725 0.2245149752492851 0.2469124047320023 0.27877183805026684 0.3144493746666346 0.3524780188995863 0.3933438458461631 0.4388240812434698 0.48936557776815537 0.5415092265770879 0.595028617856031 0.6481836135598178 0.6977242053553404 0.7460371225327846 0.7910982824429655 0.8297109420856487 0.8630800399348949 0.8921370891852985 0.9160321669925665 0.9348807544501809 0.9494715411313072 0.9610117751318762 0.9717359770313327 0.9802698240826866 0.9870872671541442 0.9920806464886442 0.9960440296318791 0.9976906516533759 0.9984292121441224 0.9989353858381572 0.9990335301074333 0.9990676134905673 0.9990797831659703 0.9990926442876354 0.9991072599503329 0.9991239976617119 0.9991431754448727 0.9991649880487777 0.9991894796854535 0.999216428446019 0.9992455019043869 0.999276399141004 0.9993089853850619 0.9993430872863222 0.9993782840718028 0.9994141467382435 0.9994528303325979 0.9994955297884082 0.999541509267348 0.999587975618693 0.9996315899213841 0.999670414716452 0.9997041243935083 0.9997333012447482 0.9997586688402393 0.9997810200901445 0.9998007613644584 0.999818234013977 0.9998337200028934 0.9998474491360115 0.9998596856824263 0.9998706849608049 0.9998806240250108 0.9998896581443892 0.9998979231699731 0.9999055377206494 0.9999121468399432 0.9999180667248623 0.9999235336872745 0.9999287197142782 0.9999337660837457 0.9999387724334845 0.9999438137619064 0.9999482956114359 0.999952286216225 0.9999562700824735 0.9999613268941066 0.9999676157012539 0.9999740957852147 0.9999797813643964 0.9999848225899397 0.999989844885843 0.9999945642817821 0.9999981838296145 1.0 1.0
0.0 0.0015 0.0035 0.0075 0.015 0.035 0.07499999 0.15 0.25 0.35 0.45 0.55 0.65 0.75 0.85 0.95 1.05 1.15 1.25 1.35 1.45 1.55 1.65 1.75 1.85 1.95 2.1 2.3 2.5 2.7 2.9 3.1 3.300001 3.500001 3.700001 3.9 4.25 4.75 5.25 5.75 6.25 6.75 7.25 7.75 8.25 8.75 9.25 9.75 10.25 10.75 11.25 11.75 12.25 12.75 13.25 13.75 14.25 14.75 15.25 15.75 16.25 16.75 17.25 17.75 18.25 18.75 19.25 19.75 20.5 21.5 22.5 23.5 24.5 25.5 26.5 27.5 28.5 29.5 30.5 31.5 32.5 33.5 34.5 35.5 36.5 37.5 38.5 39.5 41.0 43.0 45.0 47.0 49.0 51.0 53.0 55.0 57.0 59.0 61.0 63.0 64.25 64.75 65.25 65.75 66.25 66.75 67.25 67.75 68.25 68.75 69.25 69.75 69.9993
0.0001338497093635638 0.0002730509065030183 0.00042830088379139104 0.0006102982252332444 0.0008460989949189286 0.0023381783112049223 0.005927307188928202 0.011137877964348382 0.018052294146136606 0.025502259511289763 0.03454614985591778 0.04317511390297322 0.052147646771817574 0.06278516243740431 0.07394723033546685 0.08572613753918226 0.09808877953230803 0.11055457380308348 0.12590221760584727 0.14363188053570394 0.1613625509381579 0.17972777666439907 0.19950291895837324 0.22123324007258865 0.24369088148743634 0.27494286228455717 0.3103912247758013 0.34888946514542435 0.38999491543374465 0.43513410517329865 0.4862648377796067 0.5385003286704472 0.5922501542055747 0.6455302133514158 0.6952850483813602 0.7435364759698039 0.7895266700625205 0.8288169905546786 0.8625017851806385 0.8923556523389933 0.9164590725729207 0.9356206511388149 0.9497017727236005 0.9610272216777906 0.9716264973001515 0.9799669521944929 0.9869302902123016 0.9918645784191181 0.995823896644567 0.9975947077211734 0.9983554040389968 0.9988416648213118 0.9990092852704637 0.9990502410981549 0.9990643195460625 0.999078110631786 0.9990936883022488 0.9991114638645968 0.999131739095622 0.9991547064225903 0.999180348692635 0.9992083747720081 0.9992383305488945 0.9992698378335808 0.9993027785709446 0.999336986140518 0.9993721203265548 0.9994077967395099 0.9994459951922002 0.9994879510010258 0.9995330279082929 0.9995785338955558 0.9996212130180411 0.9996591756188131 0.9996921111896508 0.9997205924399769 0.9997453270288769 0.9997670928026935 0.9997862921304826 0.9998032615597572 0.9998182791012886 0.9998315713589134 0.9998433976405786 0.9998540076703251 0.9998635750175986 0.999872251707431 0.9998801705453764 0.9998874472616206 0.9998937286466038 0.9998993189053853 0.9999044452359519 0.9999092762737172 0.999913936583626 0.9999185176131913 0.9999230873538969 0.9999276954302265 0.9999323763545748 0.9999371615910857 0.9999420721158554 0.9999471242809395 0.9999513940273047 0.9999552702393739 0.9999597930938549 0.9999654850298708 0.9999718601098057 0.9999777933742576 0.9999833099325436 0.9999884312774125 0.9999933166928654 0.9999972432785645 0.9999993509551537 1.0 1.0
0.0 0.0015 0.0035 0.0075 0.015 0.035 0.07499999 0.15 0.25 0.35 0.45 0.55 0.65 0.75 0.85 0.95 1.05 1.15 1.25 1.35 1.45 1.55 1.65 1.75 1.85 1.95 2.1 2.3 2.5 2.7 2.9 3.1 3.300001 3.500001 3.700001 3.9 4.25 4.75 5.25 5.75 6.25 6.75 7.25 7.75 8.25 8.75 9.25 9.75 10.25 10.75 11.25 11.75 12.25 12.75 13.25 13.75 14.25 14.75 15.25 15.75 16.25 16.75 17.25 17.75 18.25 18.75 19.25 19.75 20.5 21.5 22.5 23.5 24.5 25.5 26.5 27.5 28.5 29.5 30.5 31.5 32.5 33.5 34.5 35.5 36.5 37.5 38.5 39.5 41.0 43.0 45.0 47.0 49.0 51.0 53.0 55.0 57.0 59.0 61.0 63.0 65.0 67.0 69.0 71.0 73.0 74.25 74.75 75.25 75.75 76.25 76.75 77.25 77.75 78.25 78.75 79.25 79.75 79.9992
0.0001007212455808261 0.00020579576021281592 0.00032392852503511686 0.00046382478068073983 0.0006475404675569756 0.001948942673181558 0.005043560094728259 0.009422565747256681 0.015213220611219363 0.022125236686528955 0.030059637823835503 0.03893091820023433 0.04798196814032978 0.05859309518674356 0.06968004575058444 0.08113497677719256 0.09378068362358742 0.10711086002821697 0.12273071427010925 0.14056562629392613 0.15832900623937846 0.1768519662418053 0.19682267883687096 0.2184347939150215 0.24157680955812408 0.2719326092851372 0.30641410194517676 0.3458647463915989 0.3866280145962714 0.4316273903728156 0.4829721695892804 0.5360845172051794 0.5900959072599589 0.6428168083830298 0.6923207640824435 0.740881407689893 0.7865944694387438 0.8263822742617859 0.8596651647671208 0.8900859417575109 0.9137696819795709 0.9326747752400708 0.9479443854247542 0.9599200946856721 0.9704101289207646 0.9789379017006465 0.9859143656718519 0.9913496852090072 0.9952819566061876 0.9972811759558947 0.9983165780085577 0.9987598386790514 0.9989524409927711 0.9990334368123313 0.9990477161108955 0.9990626078149771 0.999079284603294 0.9990982922692888 0.9991198674973143 0.9991442072432126 0.9991712501366852 0.9992005646394374 0.9992315715611664 0.9992637923951878 0.9992971389135885 0.9993314263567376 0.999366373433287 0.9994017177949415 0.9994392631835447 0.9994802774861126 0.9995241955250113 0.9995684724439229 0.9996099712215337 0.9996468811096656 0.9996789099182283 0.9997066290527088 0.9997307327110905 0.9997519745414003 0.9997707365445548 0.9997873390657279 0.9998020456468876 0.9998150712268006 0.9998266639334988 0.9998370641880472 0.9998464385076574 0.9998549332468684 0.9998626767253956 0.9998697826275008 0.9998758976782383 0.9998813204252978 0.9998862728656793 0.9998909186362132 0.9998953774933175 0.9998997364193347 0.9999040582117803 0.9999083879706874 0.9999127578992446 0.9999171910405069 0.9999217037166384 0.9999263080460022 0.9999310127735418 0.9999358231669826 0.9999407470111404 0.9999457867193082 0.999950950828834 0.9999553659871716 0.9999599791912258 0.9999654838085991 0.999971150531789 0.9999767684960819 0.9999822015450476 0.9999875423179957 0.9999925283887819 0.999996693784276 0.9999990754449031 0.9999998661486539 1.0 1.0
0.0 0.0015 0.0035 0.0075 0.015 0.035 0.07499999 0.15 0.25 0.35 0.45 0.55 0.65 0.75 0.85 0.95 1.05 1.15 1.25 1.35 1.45 1.55 1.65 1.75 1.85 1.95 2.1 2.3 2.5 2.7 2.9 3.1 3.300001 3.500001 3.700001 3.9 4.25 4.75 5.25 5.75 6.25 6.75 7.25 7.75 8.25 8.75 9.25 9.75 10.25 10.75 11.25 11.75 12.25 12.75 13.25 13.75 14.25 14.75 15.25 15.75 16.25 16.75 17.25 17.75 18.25 18.75 19.25 19.75 20.5 21.5 22.5 23.5 24.5 25.5 26.5 27.5 28.5 29.5 30.5 31.5 32.5 33.5 34.5 35.5 36.5 37.5 38.5 39.5 41.0 43.0 45.0 47.0 49.0 51.0 53.0 55.0 57.0 59.0 61.0 63.0 65.0 67.0 69.0 71.0 73.0 75.0 77.0 79.0 81.0 83.0 85.0 87.0 89.0 91.0 92.25 92.75 93.25 93.75 94.25 94.75 95.25 95.75 96.25 96.75 97.25 97.75 98.25 98.75 99.25 99.75 99.999
7.694697734716566e-05 0.0001571952295791659 0.0002473345792847606 0.0003539590048668841 0.0004938491644852235 0.0015391413636691603 0.003961572978373559 0.007301252780947847 0.011734236384386804 0.017524880323095387 0.024587018984933935 0.03206788709345537 0.040469205704406506 0.05120043218197384 0.06207749656845833 0.07342086668177167 0.08635392922263388 0.09933984852502747 0.11511302304393631 0.133830134765889 0.15246247307345048 0.17204763827324457 0.1929235655896349 0.21507702394924363 0.23803833102622513 0.26835735904820346 0.30195044137217364 0.34238820158915234 0.3844191970652636 0.42961157233156183 0.48053733480678007 0.5346305549504153 0.5896868071074653 0.6430664739573463 0.6932025538179019 0.7414493226332333 0.78943876862965 0.8294996484486826 0.8626239029860968 0.8923818441468463 0.9156828968247412 0.9338595267316188 0.9482922745571627 0.9601324488785776 0.970324848074588 0.9784330726961178 0.9851617228547592 0.9907336229170114 0.9945092294447994 0.9964723461913315 0.9977823647923819 0.998545479027289 0.9988492246281778 0.9989398972207896 0.9989624243569728 0.9989796171939771 0.9989993542983406 0.9990216994358367 0.9990470212531569 0.999075506761939 0.9991068901718925 0.9991403987613194 0.9991754153918151 0.9992109021487893 0.9992469122786108 0.9992830777319872 0.9993194779888646 0.9993558590251014 0.9993939119973282 0.9994349033899146 0.999478428790194 0.9995221012023997 0.9995628741550037 0.9995989803880281 0.9996301988641065 0.9996571506177199 0.9996805605267552 0.999701188429887 0.9997194229996356 0.9997355804934598 0.9997499189354722 0.999762645882617 0.9997740002162876 0.999784213025726 0.9997934438682227 0.9998018327167938 0.9998095022718528 0.9998165596235363 0.9998226618132793 0.9998280924753994 0.999833063478498 0.9998377309772926 0.9998422083995364 0.9998465766537367 0.9998508921550708 0.9998551930071599 0.9998595037812552 0.9998638421135934 0.9998682202378525 0.9998726455565761 0.9998771221476571 0.999881651881212 0.9998862351987958 0.9998908716848273 0.9998955605341174 0.9999003007596601 0.9999050914523713 0.9999099318070618 0.9999148215120456 0.9999197604634273 0.999924747700175 0.9999297856898034 0.999934875445292 0.9999400177198823 0.9999447510623578 0.9999490934206409 0.9999532520919375 0.9999580580572657 0.9999639588458644 0.9999705355516646 0.9999765443135104 0.9999815448748374 0.9999866269680435 0.9999915557376807 0.9999959183815319 0.9999987055562294 0.9999997691667379 0.9999999799600224 0.9999999992473378 1.0 1.0
0.0 0.0015 0.0035 0.0075 0.015 0.035 0.07499999 0.15 0.25 0.35 0.45 0.55 0.65 0.75 0.85 0.95 1.05 1.15 1.25 1.35 1.45 1.55 1.65 1.75 1.85 1.95 2.1 2.3 2.5 2.7 2.9 3.1 3.300001 3.500001 3.700001 3.9 4.25 4.75 5.25 5.75 6.25 6.75 7.25 7.75 8.25 8.75 9.25 9.75 10.25 10.75 11.25 11.75 12.25 12.75 13.25 13.75 14.25 14.75 15.25 15.75 16.25 16.75 17.25 17.75 18.25 18.75 19.25 19.75 20.5 21.5 22.5 23.5 24.5 25.5 26.5 27.5 28.5 29.5 30.5 31.5 32.5 33.5 34.5 35.5 36.5 37.5 38.5 39.5 41.0 43.0 45.0 47.0 49.0 51.0 53.0 55.0 57.0 59.0 61.0 63.0 65.0 67.0 69.0 71.0 73.0 75.0 77.0 79.0 81.0 83.0 85.0 87.0 89.0 91.0 93.0 95.0 97.0 99.0 101.0 103.0 105.0 107.0 109.0 111.0 112.25 112.75 113.25 113.75 114.25 114.75 115.25 115.75 116.25 116.75 117.25 117.75 118.25 118.75 119.25 119.75 119.9988
0.00016128878294877313 0.0003251772353391604 0.0004968225867312276 0.0006813957586735537 0.0008921441375615006 0.001887155926481189 0.004032799545685583 0.006902286413008246 0.010694757976169256 0.015640474731045097 0.021988147773881937 0.02897397598397149 0.036752981088614696 0.046190623348137214 0.05662225488921084 0.0680851644216838 0.0809035937339065 0.09447399738883518 0.11068648723243338 0.1292903500380592 0.14827104220150128 0.16846176514147 0.19003298669834529 0.21271210454762296 0.2368226190435585 0.26812296979503214 0.3022473835960882 0.34287794616513906 0.3854041516268339 0.4319608651636839 0.4837359571979773 0.5377205745030883 0.5927793153900678 0.6470309523051213 0.6982850254255871 0.7465226243069529 0.7946138480809334 0.8374236843763705 0.8707174853195634 0.8979164396629017 0.9194743179894621 0.9360040951246037 0.9488792066858758 0.9594586342010673 0.9685056181943755 0.9762056179419051 0.9832070317683528 0.9890945429112109 0.9937112153481806 0.9958347900652963 0.9970200621098401 0.9980778247987933 0.9987293792560119 0.9988402283033154 0.9988647158047562 0.9988853559607607 0.9989079742990978 0.9989341363307338 0.9989636567746464 0.9989970703934061 0.9990334688656615 0.999072401647489 0.9991124551056592 0.9991527785285085 0.9991929146552886 0.9992325886128715 0.9992719396461971 0.9993109403712883 0.9993511465080473 0.9993938704206564 0.9994388312941811 0.9994836759149732 0.9995253179021503 0.9995619411296888 0.9995933756102597 0.9996203348773024 0.9996436363683646 0.9996641008794069 0.9996821520095533 0.9996981275634108 0.9997122971181495 0.9997248745271297 0.9997361005626775 0.9997462057927128 0.9997553487601288 0.9997636679865153 0.9997712843747141 0.9997783029396937 0.9997843916894835 0.9997898291397971 0.9997948241838781 0.999799531463695 0.999804063899402 0.9998085026612403 0.9998129048938866 0.9998173096840931 0.9998217427107966 0.999826219706867 0.999830749094169 0.9998353340244431 0.9998399738001732 0.9998446650887807 0.999849402594308 0.9998541798066019 0.9998589893888233 0.9998638234874545 0.9998686748948259 0.9998735397358464 0.9998784147554394 0.9998832970860377 0.9998881842734167 0.9998930742508614 0.9998979654683353 0.9999028567633109 0.9999077474382719 0.9999126372348791 0.9999175263081359 0.999922415200555 0.9999273049196602 0.9999321967829826 0.9999370918755476 0.9999419932715939 0.9999469033736783 0.9999518248426964 0.9999559439611879 0.9999598924206677 0.9999646461240758 0.9999701196644045 0.999975857227606 0.9999811794585447 0.999986307883261 0.9999910409453505 0.9999953689054176 0.9999983815303995 0.999999673160261 0.9999999672383404 0.999999998548043 0.9999999999734203 0.999999999999806 1.0 1.0
0.0 0.0015 0.0035 0.0075 0.015 0.035 0.07499999 0.15 0.25 0.35 0.45 0.55 0.65 0.75 0.85 0.95 1.05 1.15 1.25 1.35 1.45 1.55 1.65 1.75 1.85 1.95 2.1 2.3 2.5 2.7 2.9 3.1 3.300001 3.500001 3.700001 3.9 4.25 4.75 5.25 5.75 6.25 6.75 7.25 7.75 8.25 8.75 9.25 9.75 10.25 10.75 11.25 11.75 12.25 12.75 13.25 13.75 14.25 14.75 15.25 15.75 16.25 16.75 17.25 17.75 18.25 18.75 19.25 19.75 20.5 21.5 22.5 23.5 24.5 25.5 26.5 27.5 28.5 29.5 30.5 31.5 32.5 33.5 34.5 35.5 36.5 37.5 38.5 39.5 41.0 43.0 45.0 47.0 49.0 51.0 53.0 55.0 57.0 59.0 61.0 63.0 65.0 67.0 69.0 71.0 73.0 75.0 77.0 79.0 81.0 83.0 85.0 87.0 89.0 91.0 93.0 95.0 97.0 99.0 101.0 103.0 105.0 107.0 109.0 111.0 113.0 115.0 117.0 119.0 121.0 123.0 125.0 127.0 129.0 131.0 132.25 132.75 133.25 133.75 134.25 134.75 135.25 135.75 136.25 136.75 137.25 137.75 138.25 138.75 139.25 139.75 139.9986
0.00018470223723952693 0.0003714638245414628 0.0005643777265887062 0.0007675456581144078 0.0009916146287951393 0.0019388253261021446 0.0039161179319504025 0.006501541603903773 0.009912483619857393 0.01437187981898427 0.020083892035577047 0.026569781858414136 0.033960045992837425 0.04291007092340485 0.05272065557569029 0.06311515939032285 0.07535859772068532 0.08898053183557517 0.10525275065668845 0.12426854001389544 0.14374327980103202 0.16407340133897236 0.18600866812488212 0.20902675877664884 0.23300948070371236 0.26344622168233967 0.2967069127028083 0.338419225791452 0.38291027175048414 0.4315803931810778 0.4847437426227459 0.5385267757703968 0.5946002889843368 0.649819128172126 0.7023062788773556 0.7525700932842645 0.8007257632308846 0.8423337963088698 0.8762063731964197 0.9050705499965479 0.927165237550973 0.9429289214662102 0.9554771755177571 0.9658190143240454 0.9747602300128437 0.981625980105503 0.987279745296399 0.9920161603658929 0.9949946748983594 0.9964063405792681 0.9973890741644112 0.9980555142786282 0.998439450785096 0.9986630922900865 0.9987013261493745 0.9987260467141419 0.9987532205099104 0.9987843884462647 0.9988203364836015 0.9988601541019851 0.998904326414496 0.9989509420498627 0.998998758243595 0.9990469833734994 0.9990941232398178 0.9991401335775906 0.9991857365233179 0.9992301731388171 0.9992755053476955 0.9993229990763405 0.9993724559044952 0.9994214814066431 0.9994667129899435 0.9995061548708751 0.9995396714236592 0.9995681175796762 0.9995924978961662 0.9996137632719725 0.9996324252504742 0.9996488783045251 0.9996634299469207 0.9996763216790479 0.9996878138921078 0.9996981512014763 0.9997075010162028 0.9997160086385927 0.9997237999664276 0.9997309830885633 0.9997372253744136 0.9997428113550239 0.9997479546345623 0.9997528133573195 0.9997575032813131 0.9997621078923168 0.9997666862531698 0.9997712790516057 0.9997759132326322 0.9997806056272283 0.9997853655258885 0.9997901968146647 0.9997950993906151 0.9998000703713699 0.9998051049186664 0.9998101968559983 0.9998153391061192 0.999820524102809 0.9998257439710228 0.9998309907327733 0.9998362564615443 0.9998415333852327 0.999846813911883 0.9998520907068942 0.9998573567702262 0.999862605410664 0.9998678303230242 0.999873025510949 0.9998781877575083 0.9998833160075488 0.9998884096176844 0.9998934683820317 0.9998984925322095 0.999903482711604 0.999908439949633 0.9999133656360101 0.999918261546481 0.9999231298428226 0.9999279729956374 0.9999327939130305 0.9999375957861963 0.9999423821666265 0.9999471565543404 0.9999519238905434 0.9999566882156997 0.9999603774427697 0.9999653857399152 0.9999711983468274 0.999976817654835 0.9999813838685593 0.9999859926229692 0.999990548207956 0.9999948304310787 0.9999980385083267 0.9999995594369145 0.9999999499490837 0.9999999974628859 0.9999999999467859 0.9999999999995067 0.9999999999999486 0.9999999999999742 1.0 1.0
0.0 0.0015 0.0035 0.0075 0.015 0.035 0.07499999 0.15 0.25 0.35 0.45 0.55 0.65 0.75 0.85 0.95 1.05 1.15 1.25 1.35 1.45 1.55 1.65 1.75 1.85 1.95 2.1 2.3 2.5 2.7 2.9 3.1 3.300001 3.500001 3.700001 3.9 4.25 4.75 5.25 5.75 6.25 6.75 7.25 7.75 8.25 8.75 9.25 9.75 10.25 10.75 11.25 11.75 12.25 12.75 13.25 13.75 14.25 14.75 15.25 15.75 16.25 16.75 17.25 17.75 18.25 18.75 19.25 19.75 20.5 21.5 22.5 23.5 24.5 25.5 26.5 27.5 28.5 29.5 30.5 31.5 32.5 33.5 34.5 35.5 36.5 37.5 38.5 39.5 41.0 43.0 45.0 47.0 49.0 51.0 53.0 55.0 57.0 59.0 61.0 63.0 65.0 67.0 69.0 71.0 73.0 75.0 77.0 79.0 81.0 83.0 85.0 87.0 89.0 91.0 93.0 95.0 97.0 99.0 101.0 103.0 105.0 107.0 109.0 111.0 113.0 115.0 117.0 119.0 121.0 123.0 125.0 127.0 129.0 131.0 133.0 135.0 137.0 139.0 141.0 143.0 145.0 147.0 149.0 150.25 150.75 151.25 151.75 152.25 152.75 153.25 153.75 154.25 154.75 155.25 155.75 156.25 156.75 157.25 157.75 158.25 158.75 159.25 159.75 159.9984
0.00022647635170546768 0.0004546531935730858 0.0006879040201148363 0.0009296114013467684 0.0011886892973640708 0.0021187936282317677 0.003982038435027945 0.006367071050586577 0.009496867534344318 0.013582586861541474 0.018790484487692834 0.024650187408979778 0.031521090772481254 0.03997673791225626 0.04926056369321642 0.05912070991248027 0.07075827026637145 0.08303693978560428 0.09834163906808717 0.11779492239794283 0.13753548432655519 0.1585498969711005 0.18145213633275947 0.20522790592592993 0.23014792025794467 0.2613398054179778 0.294893421966526 0.3355095179904391 0.3803103289399187 0.4295785697316759 0.48308628963354466 0.5368782024627871 0.5909989856294273 0.6452202475911016 0.6971437475029316 0.7469322480478665 0.793337141376287 0.8368904594666471 0.872098281106601 0.8986355217404478 0.9208959544194525 0.9391859448239266 0.953488192450116 0.9644534887297022 0.9731223324250307 0.9802329691179793 0.985918445698179 0.9902112965512113 0.9936875646642558 0.9960752359177971 0.9974519564351357 0.997938165415652 0.9982547604855482 0.9984808105478626 0.9985295750463185 0.9985576253549904 0.9985887781895529 0.9986252191906855 0.9986670590795379 0.9987132603963452 0.9987647133184061 0.9988186671900879 0.9988745624417399 0.9989301812794679 0.9989850364783536 0.9990379324055613 0.99908973745718 0.9991405063455344 0.9991915226061997 0.9992443277783667 0.9992990398435884 0.9993528879208229 0.9994022801848602 0.9994449044565643 0.9994808004088526 0.9995109318602573 0.99953637353197 0.9995583866078962 0.9995775661040125 0.9995943674809729 0.9996091502583885 0.9996221976438463 0.9996337973826851 0.9996442038483192 0.9996535991990801 0.9996621382371372 0.9996699538538001 0.9996771539179171 0.9996834124114522 0.9996890172612543 0.9996941842828101 0.9996990728160411 0.9997037993385595 0.999708447967323 0.9997130782635683 0.9997177314560138 0.999722434952682 0.9997272059970304 0.9997320542868835 0.9997369839969729 0.9997419953088088 0.9997470855516003 0.999752250057945 0.9997574827602201 0.9997627767091829 0.9997681243851297 0.9997735179571972 0.9997789495167315 0.9997844111810094 0.9997898951710272 0.9997953939670817 0.9998009002828395 0.9998064071431276 0.9998119079098632 0.9998173963079829 0.9998228663995146 0.9998283126613655 0.9998337299593936 0.9998391134965464 0.9998444589165822 0.9998497622262793 0.9998550198472957 0.9998602285643101 0.9998653855509515 0.9998704883697984 0.9998755354650505 0.9998805281850681 0.9998854686042523 0.9998903591340944 0.9998952025750351 0.9999000020127462 0.999904760947779 0.9999094831659157 0.9999141728418875 0.9999188344615869 0.9999234728739258 0.9999280932908367 0.999932701313202 0.9999372710888002 0.9999418061700428 0.9999463111984019 0.9999507900115193 0.9999552463692466 0.9999589948895168 0.999962413398529 0.9999663908548718 0.9999712719721195 0.9999766671518476 0.9999816623870765 0.9999863215693549 0.9999905982321017 0.9999946457772658 0.9999978343389351 0.9999994700663001 0.9999999332229816 0.9999999962082764 0.999999999910693 0.9999999999990661 0.9999999999998963 0.9999999999999223 0.9999999999999482 0.9999999999999741 1.0 1.0
0.0 0.0015 0.0035 0.0075 0.015 0.035 0.07499999 0.15 0.25 0.35 0.45 0.55 0.65 0.75 0.85 0.95 1.05 1.15 1.25 1.35 1.45 1.55 1.65 1.75 1.85 1.95 2.1 2.3 2.5 2.7 2.9 3.1 3.300001 3.500001 3.700001 3.9 4.25 4.75 5.25 5.75 6.25 6.75 7.25 7.75 8.25 8.75 9.25 9.75 10.25 10.75 11.25 11.75 12.25 12.75 13.25 13.75 14.25 14.75 15.25 15.75 16.25 16.75 17.25 17.75 18.25 18.75 19.25 19.75 20.5 21.5 22.5 23.5 24.5 25.5 26.5 27.5 28.5 29.5 30.5 31.5 32.5 33.5 34.5 35.5 36.5 37.5 38.5 39.5 41.0 43.0 45.0 47.0 49.0 51.0 53.0 55.0 57.0 59.0 61.0 63.0 65.0 67.0 69.0 71.0 73.0 75.0 77.0 79.0 81.0 83.0 85.0 87.0 89.0 91.0 93.0 95.0 97.0 99.0 101.0 103.0 105.0 107.0 109.0 111.0 113.0 115.0 117.0 119.0 121.0 123.0 125.0 127.0 129.0 131.0 133.0 135.0 137.0 139.0 141.0 143.0 145.0 147.0 149.0 151.0 153.0 155.0 157.0 159.0 161.0 163.0 165.0 167.0 169.0 171.0 173.0 175.0 177.0 179.0 181.0 183.0 185.0 187.0 188.25 188.75 189.25 189.75 190.25 190.75 191.25 191.75 192.25 192.75 193.25 193.75 194.25 194.75 195.25 195.75 196.25 196.75 197.25 197.75 198.25 198.75 199.25 199.75 199.998
0.000267668141307628 0.0005367046851392742 0.0008098207692731991 0.0010897363465096066 0.001383839442298368 0.0022832477981118014 0.003995679109552006 0.006143973069957845 0.0089512931082335 0.012612267649456709 0.017243514248630007 0.02238257092807392 0.02835831319322458 0.035847968068141854 0.0443286854895278 0.05338513532791082 0.06414286884542537 0.07561587916995259 0.08974790197386685 0.10673448037040517 0.1244912505680093 0.14351547832511355 0.16489276729852825 0.18960881842725777 0.21560724783645316 0.24810997081917163 0.28325704482566266 0.325547605202705 0.37179136587635064 0.423250015752034 0.47885175186759316 0.5359402710665616 0.5942108328550534 0.6505308376997788 0.7023228250375938 0.7524358618136359 0.800734092983838 0.8439174595245236 0.8794791506807702 0.9069007135296375 0.9272461004784511 0.9439854434360155 0.9566815069433304 0.9663911006472936 0.9746660858271374 0.9813807680479114 0.9865553881555895 0.990521225045414 0.9939890209734037 0.9964831030959052 0.9972950752490632 0.9976996170880031 0.9980024276106144 0.9981296263031331 0.9981643466004447 0.9982022568986387 0.9982435093864758 0.9982897856590245 0.9983418684383801 0.9984013848738877 0.998467007267683 0.9985362277460232 0.9986075119765595 0.9986787635396617 0.9987497535040244 0.9988195555145477 0.998886470346119 0.9989519807372825 0.9990176604287204 0.9990850027888561 0.9991536754395092 0.9992209892804563 0.9992823537593877 0.9993348884382507 0.9993783309405099 0.9994137929959915 0.9994431654269027 0.9994678313620389 0.9994889489656511 0.9995071296372907 0.999522865151476 0.9995366447159982 0.9995486928287249 0.9995594546741908 0.999569074922462 0.9995777706304908 0.9995856913943845 0.9995929535983592 0.9995992408868337 0.9996048588299509 0.9996100358145585 0.9996149374593631 0.9996196837523692 0.9996243607696735 0.9996290293867803 0.9996337317343094 0.9996384959944044 0.9996433400045214 0.9996482739537887 0.9996533024312033 0.999658425981222 0.9996636421408243 0.9996689464247194 0.9996743328957309 0.9996797946055473 0.9996853240095469 0.9996909132519896 0.9996965542437964 0.999702238921815 0.9997079593265988 0.9997137076801876 0.9997194764638861 0.9997252584182644 0.9997310466209377 0.9997368344865661 0.9997426158446341 0.9997483848616713 0.9997541361449586 0.9997598646906745 0.9997655658838958 0.9997712355504504 0.9997768699569175 0.999782465732847 0.9997880199485407 0.9997935301150512 0.9997989941323294 0.9998044103410768 0.9998097774708931 0.9998150946662028 0.9998203614344017 0.9998255777495632 0.9998307439228057 0.9998358606541459 0.9998409290324978 0.9998459505097477 0.9998509269007531 0.9998558603574162 0.9998607534205377 0.9998655753671734 0.9998703274158702 0.999875010707396 0.9998796263825181 0.9998841755560778 0.9998886592651363 0.9998930788319468 0.9998974372121343 0.9999017375946629 0.9999059830907164 0.999910176785553 0.9999143216607237 0.9999184206459275 0.9999224766449358 0.9999264924578148 0.9999304708587037 0.999934414595815 0.9999383263395819 0.9999422087085844 0.9999460643473292 0.9999498954595719 0.9999537050527904 0.9999574955900055 0.9999612694564586 0.9999644724724613 0.999967336732356 0.9999705573784027 0.999974620351649 0.9999792654793151 0.9999836281633075 0.9999876088975843 0.9999912605463509 0.9999947585026171 0.9999976936456588 0.9999993669079387 0.9999999080854698 0.9999999938906342 0.9999999998307664 0.9999999999979482 0.9999999999997927 0.9999999999998186 0.9999999999998446 0.9999999999998704 0.9999999999998964 0.9999999999999223 0.9999999999999482 0.9999999999999741 1.0 1.0
