2.479502 3.0 4.0 5.0 6.0 7.0 8.0 9.0 10.0 11.0 12.0 13.0 14.0 15.0 16.0 17.0 18.0 19.0 20.0 22.0 24.0 26.0 28.0 30.0 35.0 40.0 45.0 50.0 55.0 60.0 65.0 70.0 75.0 80.0 85.0 90.0 95.0 100.0 110.0 120.0 130.0 140.0 150.0
1.000008 1.000008 0.9994515 1.485113 1.254198 1.119119 1.131009 1.202619 1.209225 1.133227 1.094638 1.035249 0.954873 0.8914084 0.7956629 0.7271788 0.6513096 0.6131886 0.5454605 0.5053277 0.508324 0.4849815 0.4455744 0.4314725 0.3762159 0.3504514 0.310508 0.2807622 0.2669718 0.2436497 0.2315147 0.2196746 0.2244515 0.2093884 0.2034647 0.20841 0.1989735 0.1889337 0.1834715 0.1765674 0.1716803 0.1693193 0.1640927
0.0 1.0000000000000001e-11
1.0 1.0
0.0 0.375 0.625 0.875 1.125 1.375 1.625 1.875 2.125 2.375 2.625 2.875 3.125 3.375 3.625 3.875 4.125 4.375 4.625 4.875 5.125 5.375 5.625 5.875 6.125 6.375 6.625 6.875 7.125 7.375 7.625 7.875 8.125 8.375 8.625 8.875 9.125 9.375 9.625 9.875 10.125
1.60461242372727e-10 1.9925536552870933e-09 7.869703375926017e-09 2.1099927747048093e-08 4.5623351581365676e-08 7.130083198582699e-07 7.735185669820104e-07 1.3944710374660104e-06 0.9999780969387163 0.9999782451989592 0.9999788016989327 0.9999788016989327 0.9999798812763815 0.9999798812763815 0.9999798812763815 0.9999806589563445 0.9999806589563445 0.9999806589563445 0.9999828105237423 0.9999840784611819 0.9999886605109641 0.9999886605109641 0.9999886605109641 0.9999886605109641 0.9999894381909271 0.9999894381909271 0.9999898905784056 0.9999898905784056 0.9999899117254795 0.9999899117254795 0.9999899117254795 0.9999899117254795 0.9999899117254795 0.9999899117254795 0.9999899117254795 0.9999899117254795 0.9999899117254795 0.9999899117254795 0.9999899117254795 1.0 1.0
0.0 0.375 0.625 0.875 1.125 1.375 1.625 1.875 2.125 2.375 2.625 2.875 3.125 3.375 3.625 3.875 4.125 4.375 4.625 4.875 5.125 5.375 5.625 5.875 6.125 6.375 6.625 6.875 7.125 7.375 7.625 7.875 8.125 8.375 8.625 8.875 9.125 9.375 9.625 9.875 10.125 10.375 10.625 10.875 11.125
1.2903674707079592e-10 1.6032417136055445e-09 6.334916606193961e-09 1.6991666364279966e-08 3.675379091566903e-08 9.61458769924365e-07 1.0102617688165104e-06 1.93722424777396e-06 0.9999744145243307 0.9999745356608278 0.9999746884080744 0.99997487626207 0.9999750997250649 0.999975364257559 0.9999762560450388 0.9999762560450388 0.9999777719825044 0.9999777719825044 0.9999787338299826 0.9999787338299826 0.9999844792048522 0.9999844792048522 0.9999884743797616 0.9999884743797616 0.9999894362272398 0.9999894362272398 0.9999900598622257 0.9999900598622257 0.9999900937502249 0.9999900937502249 0.9999900937502249 0.9999900937502249 0.9999900937502249 0.9999900937502249 0.9999900937502249 0.9999900937502249 0.9999900937502249 0.9999900937502249 0.9999900937502249 0.9999900937502249 0.9999900937502249 0.9999900937502249 0.9999900937502249 1.0 1.0
0.0 0.375 0.625 0.875 1.125 1.375 1.625 1.875 2.125 2.375 2.625 2.875 3.125 3.375 3.625 3.875 4.125 4.375 4.625 4.875 5.125 5.375 5.625 5.875 6.125 6.375 6.625 6.875 7.125 7.375 7.625 7.875 8.125 8.375 8.625 8.875 9.125 9.375 9.625 9.875 10.125 10.375 10.625 10.875 11.125 11.375 11.625 11.875 12.125
5.6226994053384814e-11 6.998169259867607e-10 2.7690842071392753e-09 7.4370837134476374e-09 1.6106857796524886e-08 6.921067863021919e-07 0.35200390487862415 0.3520046295460475 0.9856978125261121 0.9856978660436063 0.9856979336173491 0.9856980168323404 0.9856981171865798 0.9856982360795673 0.9856983748070526 0.9999837957962142 0.999983976095195 0.9999841793711735 0.9999849010310972 0.999985562798527 0.9999899909230587 0.9999899909230587 0.999990573512997 0.999990573512997 0.9999911561029354 0.9999911561029354 0.9999942282276104 0.9999942282276104 0.9999942556506075 0.9999942556506075 0.9999942556506075 0.9999942556506075 0.9999942556506075 0.9999942556506075 0.9999942556506075 0.9999942556506075 0.9999942556506075 0.9999942556506075 0.9999942556506075 0.9999942556506075 0.9999942556506075 0.9999942556506075 0.9999942556506075 0.9999942556506075 0.9999942556506075 0.9999942556506075 0.9999942556506075 1.0 1.0
0.0 0.375 0.625 0.875 1.125 1.375 1.625 1.875 2.125 2.375 2.625 2.875 3.125 3.375 3.625 3.875 4.125 4.375 4.625 4.875 5.125 5.375 5.625 5.875 6.125 6.375 6.625 6.875 7.125 7.375 7.625 7.875 8.125 8.375 8.625 8.875 9.125 9.375 9.625 9.875 10.125 10.375 10.625 10.875 11.125 11.375 11.625 11.875 12.125 12.375 12.625 12.875 13.125
3.557949837920222e-11 4.4444697975354597e-10 1.7635119196645165e-09 0.0011454952113298114 0.0012144487081886856 0.0012149108906676313 0.3433938953029566 0.3537738298301063 0.8629130566366446 0.862913091352143 0.8648239790150939 0.8648240332228414 0.8648240987313384 0.8648241765025849 0.8648242674363307 0.8787109418037335 0.878711061512478 0.8787111967122219 0.878711348063715 0.9999848925391882 0.9999885534390214 0.9999892124239914 0.9999892124239914 0.999990055936453 0.9999906167139274 0.9999906167139274 0.9999915679713841 0.9999915679713841 0.999991593012883 0.999991593012883 0.999993983275274 0.999993983275274 0.999993983275274 0.999993983275274 0.999993983275274 0.999993983275274 0.999993983275274 0.999993983275274 0.999993983275274 0.999993983275274 0.999993983275274 0.999993983275274 0.999993983275274 0.999993983275274 0.999993983275274 0.999993983275274 0.999993983275274 0.999993983275274 0.999993983275274 0.999993983275274 0.999993983275274 1.0 1.0
0.0 0.375 0.625 0.875 1.125 1.375 1.625 1.875 2.125 2.375 2.625 2.875 3.125 3.375 3.625 3.875 4.125 4.375 4.625 4.875 5.125 5.375 5.625 5.875 6.125 6.375 6.625 6.875 7.125 7.375 7.625 7.875 8.125 8.375 8.625 8.875 9.125 9.375 9.625 9.875 10.125 10.375 10.625 10.875 11.125 11.375 11.625 11.875 12.125 12.375 12.625 12.875 13.125 13.375 13.625 13.875
2.458862509542437e-11 3.0864112619778496e-10 0.013042567859257165 0.01431576436419823 0.014945097616640568 0.01494553852664228 0.25098941444268935 0.3089623896676729 0.7162523912482978 0.7162524160692729 0.7336938686369603 0.7336939076249605 0.7336939548787106 0.768277080012922 0.7682771459889223 0.7778565160260982 0.7778566033860985 0.7778567023398489 0.7778568134423494 0.9757364142102872 0.9757403433353025 0.975740493929803 0.9999865090238977 0.9999866867523984 0.9999874877149015 0.9999881277849041 0.9999885064974056 0.9999893196624088 0.9999893439849589 0.9999893439849589 0.9999899522324611 0.9999899522324611 0.9999899522324611 0.9999909494124649 0.9999926942249717 0.9999926942249717 0.9999926942249717 0.9999926942249717 0.9999926942249717 0.9999926942249717 0.9999926942249717 0.9999926942249717 0.9999926942249717 0.9999926942249717 0.9999926942249717 0.9999926942249717 0.9999926942249717 0.9999926942249717 0.9999926942249717 0.9999926942249717 0.9999926942249717 0.9999926942249717 0.9999926942249717 0.9999926942249717 1.0 1.0
0.0 0.375 0.625 0.875 1.125 1.375 1.625 1.875 2.125 2.375 2.625 2.875 3.125 3.375 3.625 3.875 4.125 4.375 4.625 4.875 5.125 5.375 5.625 5.875 6.125 6.375 6.625 6.875 7.125 7.375 7.625 7.875 8.125 8.375 8.625 8.875 9.125 9.375 9.625 9.875 10.125 10.375 10.625 10.875 11.125 11.375 11.625 11.875 12.125 12.375 12.625 12.875 13.125 13.375 13.625 13.875 14.125 14.375 14.625 14.875
0.0015934842838186978 0.003082820407837655 0.034142571314974696 0.038908660481853215 0.04211302389710285 0.045353681205031714 0.20996004530077225 0.32617823875874924 0.6696609269159305 0.6750285949850422 0.6941874693958172 0.6942484834676257 0.6942485155339029 0.7298945174431593 0.7298945625410606 0.7661153220007286 0.7669912332922595 0.7672795320498408 0.7673429065006893 0.9341897291706386 0.9341937541748458 0.934193859746639 0.9655796702218139 0.9655797968208464 0.9744463427609542 0.9935070790463708 0.9988926163407351 0.9999864013261787 0.9999866064627329 0.9999871227987754 0.9999871227987754 0.9999878978858032 0.9999878978858032 0.9999885108537719 0.9999885108537719 0.9999885108537719 0.9999885108537719 0.9999915334599948 0.9999915334599948 0.9999915334599948 0.9999915334599948 0.9999915334599948 0.9999915334599948 0.9999915334599948 0.9999915334599948 0.9999915334599948 0.9999915334599948 0.9999915334599948 0.9999915334599948 0.9999915334599948 0.9999915334599948 0.9999915334599948 0.9999915334599948 0.9999915334599948 0.9999915334599948 0.9999915334599948 0.9999915334599948 0.9999915334599948 1.0 1.0
0.0 0.375 0.625 0.875 1.125 1.375 1.625 1.875 2.125 2.375 2.625 2.875 3.125 3.375 3.625 3.875 4.125 4.375 4.625 4.875 5.125 5.375 5.625 5.875 6.125 6.375 6.625 6.875 7.125 7.375 7.625 7.875 8.125 8.375 8.625 8.875 9.125 9.375 9.625 9.875 10.125 10.375 10.625 10.875 11.125 11.375 11.625 11.875 12.125 12.375 12.625 12.875 13.125 13.375 13.625 13.875 14.125 14.375 14.625 14.875 15.125 15.375 15.625 15.875
0.0037150934917788664 0.01026969697656157 0.06194441175179999 0.07106933359696649 0.07948767530782357 0.08932964920423041 0.21697365052358975 0.368227529057561 0.6525629912254156 0.6611093578188185 0.681700708108898 0.6821177674163849 0.6825093615065024 0.7103745789333346 0.7105182666076832 0.7415218782157996 0.7568837821150479 0.7573231172261222 0.7577211026670231 0.9051966504552877 0.9053230272820239 0.9053495349322622 0.9349505208047929 0.9349506174021528 0.9427498286270245 0.9700268804827282 0.9791323187015359 0.9868071793567388 0.9930629387275464 0.9978570729666372 0.9996205570524177 0.9999847621080424 0.9999849515998965 0.9999854220922793 0.9999858282904481 0.9999861928088347 0.9999861928088347 0.9999868322344517 0.9999868322344517 0.9999868322344517 0.9999868322344517 0.9999901971987372 0.9999901971987372 0.9999901971987372 0.9999901971987372 0.9999901971987372 0.9999901971987372 0.9999901971987372 0.9999901971987372 0.9999901971987372 0.9999901971987372 0.9999901971987372 0.9999901971987372 0.9999901971987372 0.9999901971987372 0.9999901971987372 0.9999901971987372 0.9999901971987372 0.9999901971987372 0.9999901971987372 0.9999901971987372 0.9999901971987372 1.0 1.0
0.0 0.375 0.625 0.875 1.125 1.375 1.625 1.875 2.125 2.375 2.625 2.875 3.125 3.375 3.625 3.875 4.125 4.375 4.625 4.875 5.125 5.375 5.625 5.875 6.125 6.375 6.625 6.875 7.125 7.375 7.625 7.875 8.125 8.375 8.625 8.875 9.125 9.375 9.625 9.875 10.125 10.375 10.625 10.875 11.125 11.375 11.625 11.875 12.125 12.375 12.625 12.875 13.125 13.375 13.625 13.875 14.125 14.375 14.625 14.875 15.125 15.375 15.625 15.875 16.125 16.375 16.625 16.875
0.0033102900936403286 0.010516841069195332 0.06800957001207023 0.07990821444422593 0.09235055981578325 0.10719710801577247 0.21861371855457573 0.36377023264567376 0.6201676669558529 0.6308687574883396 0.6540871697872355 0.6547196336530628 0.6551576396867651 0.6789887118763811 0.6794223917613327 0.7068184624378409 0.7545757039604848 0.7550246317919275 0.7578789459074049 0.8941379072245869 0.8945229289542995 0.8948663371697004 0.9231858838454559 0.9231859777378584 0.9300302550738151 0.9683925719396576 0.9763704950702429 0.9834314229106381 0.9897247322988149 0.9952073044831294 0.9999277723270273 0.9999755400108054 0.9999802327152716 0.9999814285989113 0.9999817187633941 0.9999819233717495 0.99998242436712 0.99998242436712 0.9999832744217941 0.9999832744217941 0.9999832744217941 0.9999840261539952 0.9999840261539952 0.9999840261539952 0.9999840261539952 0.9999881851014538 0.9999881851014538 0.9999881851014538 0.9999881851014538 0.9999881851014538 0.9999881851014538 0.9999881851014538 0.9999881851014538 0.9999881851014538 0.9999881851014538 0.9999881851014538 0.9999881851014538 0.9999881851014538 0.9999881851014538 0.9999881851014538 0.9999881851014538 0.9999881851014538 0.9999881851014538 0.9999881851014538 0.9999881851014538 0.9999881851014538 1.0 1.0
0.0 0.375 0.625 0.875 1.125 1.375 1.625 1.875 2.125 2.375 2.625 2.875 3.125 3.375 3.625 3.875 4.125 4.375 4.625 4.875 5.125 5.375 5.625 5.875 6.125 6.375 6.625 6.875 7.125 7.375 7.625 7.875 8.125 8.375 8.625 8.875 9.125 9.375 9.625 9.875 10.125 10.375 10.625 10.875 11.125 11.375 11.625 11.875 12.125 12.375 12.625 12.875 13.125 13.375 13.625 13.875 14.125 14.375 14.625 14.875 15.125 15.375 15.625 15.875 16.125 16.375 16.625 16.875 17.125 17.375 17.625
0.004545004647622815 0.012572374677305313 0.058119892144333586 0.07263377119137047 0.0867212434689883 0.09376126493571851 0.2031043476993466 0.3346932923239498 0.5914120872115947 0.6035353461326012 0.6287471825902371 0.6296545417975722 0.6301834885504491 0.6530884021444119 0.6536120824569684 0.6801616518855136 0.7510198298687165 0.7515277030927008 0.7686415368790175 0.8946342935639551 0.8951069389176602 0.8955499485799364 0.922476723225835 0.9224768273333724 0.9304058393611817 0.9626959991252745 0.9717019653741852 0.9797766075815654 0.9870967441383606 0.9937440452110013 0.9997657303578841 0.9999572410599264 0.9999681555307265 0.9999723519199769 0.9999739845089591 0.9999748689642376 0.999975438721017 0.9999758214713063 0.9999760958909835 0.999976360182698 0.9999769654900793 0.9999769654900793 0.9999780165606157 0.9999780165606157 0.9999780165606157 0.9999790103262276 0.9999790103262276 0.9999790103262276 0.9999803300784317 0.9999847833250411 0.9999847833250411 0.9999847833250411 0.9999847833250411 0.9999847833250411 0.9999847833250411 0.9999847833250411 0.9999847833250411 0.9999847833250411 0.9999847833250411 0.9999847833250411 0.9999847833250411 0.9999847833250411 0.9999847833250411 0.9999847833250411 0.9999847833250411 0.9999847833250411 0.9999847833250411 0.9999847833250411 0.9999847833250411 1.0 1.0
0.0 0.375 0.625 0.875 1.125 1.375 1.625 1.875 2.125 2.375 2.625 2.875 3.125 3.375 3.625 3.875 4.125 4.375 4.625 4.875 5.125 5.375 5.625 5.875 6.125 6.375 6.625 6.875 7.125 7.375 7.625 7.875 8.125 8.375 8.625 8.875 9.125 9.375 9.625 9.875 10.125 10.375 10.625 10.875 11.125 11.375 11.625 11.875 12.125 12.375 12.625 12.875 13.125 13.375 13.625 13.875 14.125 14.375 14.625 14.875 15.125 15.375 15.625 15.875 16.125 16.375 16.625 16.875 17.125 17.375 17.625 17.875 18.125 18.375 18.625
0.0039442503187409 0.011560302240255827 0.06548966753403948 0.07724864329067907 0.09038793820233268 0.10438879127711989 0.20812806421419155 0.31556584130827997 0.5668138313756678 0.5786593599800324 0.6064508323610813 0.6071573476288015 0.60769668637048 0.6289507322108263 0.6295131350958624 0.6548422612460886 0.727660377158925 0.7281787894645436 0.7580459220259046 0.8805431882338611 0.8810536794497024 0.8815544843515661 0.907730026362825 0.9077301677578595 0.9222535567540998 0.9548511131593279 0.9642188952229744 0.9732998602919357 0.9810504945897919 0.9882128109983743 0.9948203530358694 0.9999373364521528 0.9999560423428787 0.9999617682121649 0.9999641659136661 0.9999653926255011 0.9999662216471278 0.9999668715888012 0.9999673881805236 0.9999678261700462 0.9999682170593693 0.9999685692926119 0.9999688882528688 0.9999692175634967 0.9999699384923824 0.9999699384923824 0.9999712001429815 0.9999712001429815 0.9999724626277223 0.9999724626277223 0.9999724626277223 0.9999724626277223 0.9999801371321864 0.9999801371321864 0.9999801371321864 0.9999801371321864 0.9999801371321864 0.9999801371321864 0.9999801371321864 0.9999801371321864 0.9999801371321864 0.9999801371321864 0.9999801371321864 0.9999801371321864 0.9999801371321864 0.9999801371321864 0.9999801371321864 0.9999801371321864 0.9999801371321864 0.9999801371321864 0.9999801371321864 0.9999801371321864 0.9999801371321864 1.0 1.0
0.0 0.375 0.625 0.875 1.125 1.375 1.625 1.875 2.125 2.375 2.625 2.875 3.125 3.375 3.625 3.875 4.125 4.375 4.625 4.875 5.125 5.375 5.625 5.875 6.125 6.375 6.625 6.875 7.125 7.375 7.625 7.875 8.125 8.375 8.625 8.875 9.125 9.375 9.625 9.875 10.125 10.375 10.625 10.875 11.125 11.375 11.625 11.875 12.125 12.375 12.625 12.875 13.125 13.375 13.625 13.875 14.125 14.375 14.625 14.875 15.125 15.375 15.625 15.875 16.125 16.375 16.625 16.875 17.125 17.375 17.625 17.875 18.125 18.375 18.625 18.875 19.125 19.375 19.625
0.0031995927216924482 0.010252159211017351 0.06274409658044416 0.07429155207074697 0.08715216486703037 0.1018026588677031 0.20609242501271316 0.29662118780486385 0.5537914266230112 0.5657803622221904 0.5939124433067117 0.5948802032120782 0.5954332036854322 0.6159647931633672 0.6165785421610782 0.6412374610931595 0.7091514798020908 0.709678271416029 0.7420324458065508 0.8627990278577997 0.8633287231092754 0.8652093011699269 0.8903067354757652 0.8903303392244347 0.9119436764130809 0.9462823954141754 0.9558606257613556 0.9699353877330259 0.9779590977819125 0.9862393550746023 0.9932811468551274 0.9998997727773364 0.999936975445487 0.9999446647264032 0.999948049432278 0.9999496299716325 0.9999506455411468 0.9999514271269545 0.999952058375151 0.9999525863609223 0.9999530604105495 0.9999535063577931 0.999953931241395 0.9999543414766011 0.9999547446179773 0.9999551444140105 0.9999555481012585 0.999955977336811 0.9999568775095197 0.999957667749149 0.999958469494655 0.999958469494655 0.999960149102236 0.999960149102236 0.999960149102236 0.999960149102236 0.9999709501030281 0.9999709501030281 0.9999709501030281 0.9999709501030281 0.9999709501030281 0.9999709501030281 0.9999709501030281 0.9999709501030281 0.9999709501030281 0.9999709501030281 0.9999709501030281 0.9999709501030281 0.9999709501030281 0.9999709501030281 0.9999709501030281 0.9999709501030281 0.9999709501030281 0.9999709501030281 0.9999709501030281 0.9999709501030281 0.9999709501030281 1.0 1.0
0.0 0.375 0.625 0.875 1.125 1.375 1.625 1.875 2.125 2.375 2.625 2.875 3.125 3.375 3.625 3.875 4.125 4.375 4.625 4.875 5.125 5.375 5.625 5.875 6.125 6.375 6.625 6.875 7.125 7.375 7.625 7.875 8.125 8.375 8.625 8.875 9.125 9.375 9.625 9.875 10.125 10.375 10.625 10.875 11.125 11.375 11.625 11.875 12.125 12.375 12.625 12.875 13.125 13.375 13.625 13.875 14.125 14.375 14.625 14.875 15.125 15.375 15.625 15.875 16.125 16.375 16.625 16.875 17.125 17.375 17.625 17.875 18.125 18.375 18.625 18.875 19.125 19.375 19.625 19.875 20.125 20.375
0.0044801234185362715 0.011706685337202281 0.05178082911391469 0.06413219536226665 0.07749731993802526 0.0837155155809325 0.1934421379752475 0.2749289422158547 0.5494369886975481 0.5626004951413596 0.5891928561022233 0.5916269737914505 0.5922477763326166 0.6133513419159599 0.6177577906659765 0.6424689695409819 0.7019995499418208 0.7025668416321421 0.7331258934504944 0.8496118234142634 0.8501986765759697 0.8570875787993885 0.8811335533919394 0.8814788631857422 0.9057083955439403 0.9430384560847186 0.9524157375260317 0.9727701286471457 0.9809111970577742 0.992167836507994 0.9994567527934395 0.9999026887444006 0.9999135719942965 0.9999183665104069 0.9999204293234518 0.99992176452523 0.9999226908556492 0.9999234406139162 0.9999240524639478 0.9999245898224852 0.9999250894191218 0.9999255670441504 0.9999260220711705 0.9999264631069192 0.9999268980615761 0.9999273381902974 0.9999277887373046 0.999928256936265 0.9999287504217428 0.9999292718822469 0.9999298327282806 0.999931064035346 0.999931064035346 0.9999332777356356 0.9999332777356356 0.9999332777356356 0.999935722484837 0.999935722484837 0.999935722484837 0.9999390027414614 0.9999520413086564 0.9999520413086564 0.9999520413086564 0.9999520413086564 0.9999520413086564 0.9999520413086564 0.9999520413086564 0.9999520413086564 0.9999520413086564 0.9999520413086564 0.9999520413086564 0.9999520413086564 0.9999520413086564 0.9999520413086564 0.9999520413086564 0.9999520413086564 0.9999520413086564 0.9999520413086564 0.9999520413086564 0.9999520413086564 1.0 1.0
0.0 0.375 0.625 0.875 1.125 1.375 1.625 1.875 2.125 2.375 2.625 2.875 3.125 3.375 3.625 3.875 4.125 4.375 4.625 4.875 5.125 5.375 5.625 5.875 6.125 6.375 6.625 6.875 7.125 7.375 7.625 7.875 8.125 8.375 8.625 8.875 9.125 9.375 9.625 9.875 10.125 10.375 10.625 10.875 11.125 11.375 11.625 11.875 12.125 12.375 12.625 12.875 13.125 13.375 13.625 13.875 14.125 14.375 14.625 14.875 15.125 15.375 15.625 15.875 16.125 16.375 16.625 16.875 17.125 17.375 17.625 17.875 18.125 18.375 18.625 18.875 19.125 19.375 19.625 19.875 20.125 20.375 20.625 20.875 21.125 21.375
0.00607228619337753 0.013130730048208035 0.05370881246354761 0.06668126339087169 0.08160469756756941 0.08828979377552017 0.19514407342090903 0.2703113093861008 0.5372104800129225 0.5507469031196116 0.5767941497784385 0.5814669747143044 0.5821002943126817 0.6025117460647917 0.6172464589702961 0.6413497611866618 0.6946102089218916 0.6951828315366705 0.7225782843004286 0.8373723230976498 0.8379806412651184 0.8486051799138571 0.8724021924721055 0.8733360011699431 0.897558775034525 0.9350604700310741 0.9446761322472064 0.9691055014890282 0.977469193913621 0.9910439605887106 0.9985738314829293 0.9998507400156115 0.9998665431777803 0.9998727319866955 0.9998753450215168 0.9998777805891336 0.9998788564307741 0.999879720055019 0.9998804169746387 0.9998810179061963 0.9998815690570648 0.9998820937954812 0.9998825902307219 0.9998830667456627 0.9998835308405072 0.9998839949102757 0.9998844668037268 0.9998849483639399 0.9998854542026455 0.9998859920632837 0.9998865666375562 0.999887182323777 0.9998878427554454 0.9998885534141542 0.9998893276152097 0.9998910068458466 0.9998910068458466 0.9998940339340336 0.9998940339340336 0.9998974403454558 0.9998974403454558 0.9998974403454558 0.9998974403454558 0.9999212059855476 0.9999212059855476 0.9999212059855476 0.9999212059855476 0.9999212059855476 0.9999212059855476 0.9999212059855476 0.9999212059855476 0.9999212059855476 0.9999212059855476 0.9999212059855476 0.9999212059855476 0.9999212059855476 0.9999212059855476 0.9999212059855476 0.9999212059855476 0.9999212059855476 0.9999212059855476 0.9999212059855476 0.9999212059855476 0.9999212059855476 1.0 1.0
0.0 0.375 0.625 0.875 1.125 1.375 1.625 1.875 2.125 2.375 2.625 2.875 3.125 3.375 3.625 3.875 4.125 4.375 4.625 4.875 5.125 5.375 5.625 5.875 6.125 6.375 6.625 6.875 7.125 7.375 7.625 7.875 8.125 8.375 8.625 8.875 9.125 9.375 9.625 9.875 10.125 10.375 10.625 10.875 11.125 11.375 11.625 11.875 12.125 12.375 12.625 12.875 13.125 13.375 13.625 13.875 14.125 14.375 14.625 14.875 15.125 15.375 15.625 15.875 16.125 16.375 16.625 16.875 17.125 17.375 17.625 17.875 18.125 18.375 18.625 18.875 19.125 19.375 19.625 19.875 20.125 20.375 20.625 20.875 21.125 21.375 21.625 21.875 22.125 22.375
0.009720399671477226 0.016123095097922303 0.06181657582377539 0.07190340028256371 0.08651679591484619 0.0993855733497112 0.19339099953366315 0.27541286481084165 0.5114280246839021 0.5244646991867644 0.549314839396696 0.556974989254852 0.5575461734020621 0.5756030792653755 0.6135822230463098 0.6353747871734767 0.6932986224733992 0.6938373250167881 0.7208947687951559 0.8268036685272352 0.8274008627273065 0.8412382902334047 0.8631262181065429 0.8646248266788424 0.8887888131680575 0.9250713509723537 0.9341541392076539 0.9620290618874342 0.9699363897719159 0.9851659933179268 0.9924224230021197 0.9997549808957359 0.9997797110832705 0.9997869890847912 0.9997902628942301 0.9997971083536741 0.9997984828240772 0.999799492773903 0.9998003102553166 0.9998010080779764 0.9998016465108859 0.9998022564660569 0.9998028373631829 0.9998033933347514 0.9998039304852883 0.9998044598230369 0.9998049926024317 0.9998055265323916 0.9998060804716303 0.9998066676315475 0.9998072941116447 0.9998079647252024 0.9998086834941733 0.9998094606480344 0.9998103020576818 0.9998112147897946 0.9998122041776685 0.9998132727460145 0.9998144404186987 0.9998169192706657 0.9998190827723775 0.9998213463305327 0.9998213463305327 0.999826325488232 0.999826325488232 0.999826325488232 0.999826325488232 0.9998634673824869 0.9998634673824869 0.9998634673824869 0.9998634673824869 0.9998634673824869 0.9998634673824869 0.9998634673824869 0.9998634673824869 0.9998634673824869 0.9998634673824869 0.9998634673824869 0.9998634673824869 0.9998634673824869 0.9998634673824869 0.9998634673824869 0.9998634673824869 0.9998634673824869 0.9998634673824869 0.9998634673824869 0.9998634673824869 0.9998634673824869 1.0 1.0
0.0 0.375 0.625 0.875 1.125 1.375 1.625 1.875 2.125 2.375 2.625 2.875 3.125 3.375 3.625 3.875 4.125 4.375 4.625 4.875 5.125 5.375 5.625 5.875 6.125 6.375 6.625 6.875 7.125 7.375 7.625 7.875 8.125 8.375 8.625 8.875 9.125 9.375 9.625 9.875 10.125 10.375 10.625 10.875 11.125 11.375 11.625 11.875 12.125 12.375 12.625 12.875 13.125 13.375 13.625 13.875 14.125 14.375 14.625 14.875 15.125 15.375 15.625 15.875 16.125 16.375 16.625 16.875 17.125 17.375 17.625 17.875 18.125 18.375 18.625 18.875 19.125 19.375 19.625 19.875 20.125 20.375 20.625 20.875 21.125 21.375 21.625 21.875 22.125 22.375 22.625 22.875 23.125 23.375
0.01179233507936096 0.017875024696786517 0.06524667589043742 0.075230940185793 0.08989075594261499 0.10328078867161244 0.19692532547605346 0.2696722929752503 0.5042367786574297 0.5169456561908544 0.5413282283745824 0.5522901307453497 0.5528644456803607 0.5708035434512913 0.624046510261265 0.6458541993732414 0.6966224603154981 0.6971951871918601 0.7211108676179951 0.8273841044833177 0.828020706020795 0.8425496999453977 0.8642999096329184 0.8659480788795559 0.8882430618391024 0.9319664280511978 0.9405493431233105 0.9676136094683616 0.9753840747414614 0.9907262628282759 0.9979726285113051 0.9996696558974153 0.9996789663218951 0.9996832768889445 0.9996853349375115 0.9996915748135009 0.9996931229280115 0.9996940899765144 0.9996948700465144 0.999695562520557 0.9996962129204757 0.9996968321325823 0.9996974205265436 0.9996979846683473 0.999698533417424 0.9996990806501123 0.9996996245130482 0.9997001792044569 0.9997007625639076 0.999701382563128 0.9997020443372182 0.9997027520757361 0.9997035129280888 0.9997043361409773 0.9997052275988945 0.9997061939306964 0.9997072415062209 0.999708379647611 0.9997096183308426 0.9997109671018706 0.9997124315031833 0.9997140235954762 0.9997157586759161 0.9997193540759042 0.9997255181827613 0.9997255181827613 0.9997255181827613 0.9997324829075632 0.9997324829075632 0.9997324829075632 0.9997324829075632 0.9997923028010367 0.9997923028010367 0.9997923028010367 0.9997923028010367 0.9997923028010367 0.9997923028010367 0.9997923028010367 0.9997923028010367 0.9997923028010367 0.9997923028010367 0.9997923028010367 0.9997923028010367 0.9997923028010367 0.9997923028010367 0.9997923028010367 0.9997923028010367 0.9997923028010367 0.9997923028010367 0.9997923028010367 0.9997923028010367 0.9997923028010367 1.0 1.0
0.0 0.375 0.625 0.875 1.125 1.375 1.625 1.875 2.125 2.375 2.625 2.875 3.125 3.375 3.625 3.875 4.125 4.375 4.625 4.875 5.125 5.375 5.625 5.875 6.125 6.375 6.625 6.875 7.125 7.375 7.625 7.875 8.125 8.375 8.625 8.875 9.125 9.375 9.625 9.875 10.125 10.375 10.625 10.875 11.125 11.375 11.625 11.875 12.125 12.375 12.625 12.875 13.125 13.375 13.625 13.875 14.125 14.375 14.625 14.875 15.125 15.375 15.625 15.875 16.125 16.375 16.625 16.875 17.125 17.375 17.625 17.875 18.125 18.375 18.625 18.875 19.125 19.375 19.625 19.875 20.125 20.375 20.625 20.875 21.125 21.375 21.625 21.875 22.125 22.375 22.625 22.875 23.125 23.375 23.625 23.875 24.125
0.01539396449150323 0.022304536236173456 0.06535297328207315 0.07707817255591398 0.0922632943678134 0.09832431457833488 0.19462580847243324 0.26096839561097424 0.5009674282901965 0.514265257103774 0.5375143278720709 0.5526783409515079 0.5533197231995589 0.571949636979381 0.6412253529063985 0.663206166488148 0.707978848641965 0.7097831822307384 0.7314264853441521 0.8351545800095271 0.8358709182857971 0.8499869894883936 0.8714036968206804 0.87308960283742 0.8944245229636689 0.930053085615625 0.9392346561757012 0.9660993537807285 0.9743671270857757 0.9899529344088511 0.9977025247349999 0.9995344130418844 0.9995474372986031 0.9995532931013238 0.9995630907627012 0.9995673746840973 0.9995687734833889 0.9995698622344741 0.9995707554394414 0.9995715422013767 0.9995722774170924 0.9995729841981187 0.9995736542410324 0.9995742978822851 0.999574920701999 0.9995755389341725 0.9995761572394039 0.9995767791194404 0.9995774286960283 0.9995781180917624 0.9995788537936919 0.9995796408050324 0.9995804859226997 0.9995813997375893 0.9995823885906346 0.9995834601226978 0.9995846218915061 0.9995858850573037 0.9995872605158141 0.999588759318954 0.9995903914630773 0.9995921661610537 0.9995940916079789 0.9995961747569619 0.999598406203671 0.99960080492304 0.9996059833518517 0.9996059833518517 0.9996145454255787 0.9996145454255787 0.9996145454255787 0.9996249990473045 0.9996249990473045 0.9996249990473045 0.9996365486402644 0.9997311902808875 0.9997311902808875 0.9997311902808875 0.9997311902808875 0.9997311902808875 0.9997311902808875 0.9997311902808875 0.9997311902808875 0.9997311902808875 0.9997311902808875 0.9997311902808875 0.9997311902808875 0.9997311902808875 0.9997311902808875 0.9997311902808875 0.9997311902808875 0.9997311902808875 0.9997311902808875 0.9997311902808875 0.9997311902808875 1.0 1.0
0.0 0.375 0.625 0.875 1.125 1.375 1.625 1.875 2.125 2.375 2.625 2.875 3.125 3.375 3.625 3.875 4.125 4.375 4.625 4.875 5.125 5.375 5.625 5.875 6.125 6.375 6.625 6.875 7.125 7.375 7.625 7.875 8.125 8.375 8.625 8.875 9.125 9.375 9.625 9.875 10.125 10.375 10.625 10.875 11.125 11.375 11.625 11.875 12.125 12.375 12.625 12.875 13.125 13.375 13.625 13.875 14.125 14.375 14.625 14.875 15.125 15.375 15.625 15.875 16.125 16.375 16.625 16.875 17.125 17.375 17.625 17.875 18.125 18.375 18.625 18.875 19.125 19.375 19.625 19.875 20.125 20.375 20.625 20.875 21.125 21.375 21.625 21.875 22.125 22.375 22.625 22.875 23.125 23.375 23.625 23.875 24.125 24.375 24.625 24.875 25.125
0.017186997899502253 0.024475523117917057 0.07517519814695421 0.08852026676339331 0.10356750079238745 0.11514571533124061 0.20867120293838098 0.2654093019833761 0.5022030743669168 0.5149429541094496 0.5361723972424829 0.5540685977411377 0.5546842500160684 0.5729476920122256 0.6543741425306474 0.6760659576992573 0.7134677562013005 0.7198276139198823 0.7382488175884228 0.842259315335424 0.8430515486286869 0.8558741456449028 0.877404482474115 0.8789368675620993 0.8980247036200197 0.9317635931406902 0.9410819783183794 0.9660636993805418 0.9744037236570947 0.9893188974973409 0.9971167674716932 0.999437542607443 0.9994562707261108 0.9994633182226997 0.9994664630928493 0.9994752586836768 0.999476856933702 0.9994780497316652 0.9994790264006508 0.9994798765037607 0.9994806640387733 0.9994814220572975 0.9994821438244502 0.9994828365390672 0.9994835063384403 0.9994841668562316 0.9994848297946475 0.9994854912453878 0.9994861770007096 0.9994869017936427 0.9994876732441108 0.9994884975347917 0.9994893812391937 0.99949033690422 0.9994913711033783 0.9994924919079381 0.9994937060729544 0.9994950245668814 0.9994964589103784 0.9994980204198644 0.999499721407744 0.9995015730794913 0.9995035843409866 0.9995057616270564 0.9995081083240536 0.9995106236805757 0.9995133149862324 0.999516193159048 0.999519264225369 0.9995225693105946 0.9995296903084342 0.9995296903084342 0.9995416148840638 0.9995416148840638 0.9995574468265221 0.9995574468265221 0.9995574468265221 0.9995574468265221 0.9997374242834355 0.9997374242834355 0.9997374242834355 0.9997374242834355 0.9997374242834355 0.9997374242834355 0.9997374242834355 0.9997374242834355 0.9997374242834355 0.9997374242834355 0.9997374242834355 0.9997374242834355 0.9997374242834355 0.9997374242834355 0.9997374242834355 0.9997374242834355 0.9997374242834355 0.9997374242834355 0.9997374242834355 0.9997374242834355 0.9997374242834355 1.0 1.0
0.0 0.75 1.25 1.75 2.25 2.75 3.25 3.75 4.25 4.75 5.25 5.75 6.25 6.75 7.25 7.75 8.25 8.75 9.25 9.75 10.25 10.75 11.25 11.75 12.25 12.75 13.25 13.75 14.25 14.75 15.25 15.75 16.25 16.75 17.25 17.75 18.25 18.75 19.25 19.75 20.25 20.75 21.25 21.75 22.25 22.75 23.25 23.75 24.25 24.75 25.25 25.75 26.25
0.061941228926015876 0.08003260816691972 0.1841305340770397 0.24731568057632283 0.5037069850043684 0.5453080713145798 0.6174654971729875 0.685532134801345 0.7342631663243523 0.8520619697832027 0.8756701293896278 0.89327822569884 0.9401066783087092 0.9739787894055584 0.9977568168823241 0.9993383680472261 0.9993468033455499 0.9993506926099576 0.9993529429971111 0.9993547127560823 0.9993563386895004 0.9993578412930608 0.9993593134108207 0.9993608072872152 0.9993624677839227 0.9993643543518623 0.9993665372259064 0.9993690881564535 0.9993720909407937 0.9993756494595243 0.9993798651807713 0.9993848177315486 0.9993905470413479 0.9993971144271451 0.9994046661321192 0.9994135269635568 0.9994251500745139 0.9994452019371316 0.9994452019371316 0.9994733495479072 0.9995085388940513 0.999772624589784 0.999772624589784 0.999772624589784 0.999772624589784 0.999772624589784 0.999772624589784 0.999772624589784 0.999772624589784 0.999772624589784 0.999772624589784 1.0 1.0
0.0 0.75 1.25 1.75 2.25 2.75 3.25 3.75 4.25 4.75 5.25 5.75 6.25 6.75 7.25 7.75 8.25 8.75 9.25 9.75 10.25 10.75 11.25 11.75 12.25 12.75 13.25 13.75 14.25 14.75 15.25 15.75 16.25 16.75 17.25 17.75 18.25 18.75 19.25 19.75 20.25 20.75 21.25 21.75 22.25 22.75 23.25 23.75 24.25 24.75 25.25 25.75 26.25 26.75 27.25 27.75 28.25
0.08324740265020394 0.11563185452284262 0.21556789233949766 0.2608872017826958 0.497493492740213 0.546602963696563 0.628347719938533 0.7009429574051763 0.7637532335335212 0.8712695839602426 0.8899225600498435 0.9063575337948575 0.9467973932819017 0.9760781709757699 0.9975957842200227 0.9991829073552456 0.9991957982302536 0.999209392305449 0.9992118996864932 0.9992137996915259 0.9992155608741546 0.9992172075354613 0.9992188169587191 0.9992204519955047 0.9992222560513667 0.9992243019358045 0.9992266624791498 0.9992294129022614 0.9992326285145355 0.9992364188687491 0.9992408921166951 0.9992461404420748 0.9992522123793461 0.999259180269278 0.9992672148860825 0.9992766577261031 0.9992880226744123 0.9993020205871318 0.999319612205919 0.9993421235177956 0.9993721592070873 0.9994269564280226 0.9995070739596569 0.9995070739596569 0.9998879322225573 0.9998879322225573 0.9998879322225573 0.9998879322225573 0.9998879322225573 0.9998879322225573 0.9998879322225573 0.9998879322225573 0.9998879322225573 0.9998879322225573 0.9998879322225573 1.0 1.0
0.0 0.75 1.25 1.75 2.25 2.75 3.25 3.75 4.25 4.75 5.25 5.75 6.25 6.75 7.25 7.75 8.25 8.75 9.25 9.75 10.25 10.75 11.25 11.75 12.25 12.75 13.25 13.75 14.25 14.75 15.25 15.75 16.25 16.75 17.25 17.75 18.25 18.75 19.25 19.75 20.25 20.75 21.25 21.75 22.25 22.75 23.25 23.75 24.25 24.75 25.25 25.75 26.25 26.75 27.25 27.75 28.25 28.75 29.25 29.75
0.0989677993481266 0.1367205786842589 0.2317882860301723 0.27241781088261874 0.4808470414922053 0.5408193256601921 0.6232841483867693 0.6935929042567629 0.777982532897085 0.8761510453206958 0.892177230919823 0.9075707194184406 0.9416621013664772 0.9660148238687796 0.9843151413391882 0.99912756209687 0.9991437052054684 0.999153630122066 0.999156167952505 0.99915806402355 0.9991598044351457 0.9991614661459451 0.9991630899126547 0.9991647481024357 0.9991665489905401 0.9991685908978654 0.9991709504052505 0.9991737085485933 0.9991769387970131 0.9991807395973452 0.9991852131693199 0.9991904458172441 0.9991964811366785 0.9992033833822734 0.9992113215734084 0.9992206304429673 0.9992318219291879 0.9992455932566873 0.9992629012923946 0.9992850823966112 0.999313961674282 0.9993518991522865 0.9994014252936869 0.9994638643372453 0.9995325074047721 0.9996346253349403 0.9997358921336803 0.9997358921336803 0.9999421199144248 0.9999421199144248 0.9999421199144248 0.9999421199144248 0.9999421199144248 0.9999421199144248 0.9999421199144248 0.9999421199144248 0.9999421199144248 0.9999421199144248 0.9999999999999999 1.0
0.0 0.75 1.25 1.75 2.25 2.75 3.25 3.75 4.25 4.75 5.25 5.75 6.25 6.75 7.25 7.75 8.25 8.75 9.25 9.75 10.25 10.75 11.25 11.75 12.25 12.75 13.25 13.75 14.25 14.75 15.25 15.75 16.25 16.75 17.25 17.75 18.25 18.75 19.25 19.75 20.25 20.75 21.25 21.75 22.25 22.75 23.25 23.75 24.25 24.75 25.25 25.75 26.25 26.75 27.25 27.75 28.25 28.75 29.25 29.75 30.25 30.75 31.25 31.75
0.11180402783588979 0.1539437420521837 0.25119031260531344 0.28533757176350777 0.47540093988733856 0.5378206410600749 0.6220769769153132 0.6901193563864663 0.7999511704146973 0.8899811257632366 0.9038544641221385 0.9179094176298345 0.9466053185936342 0.968405656643928 0.9851469991343641 0.9990429021196017 0.9990694231052455 0.9990746601522847 0.9990774862107082 0.9990795203584495 0.9990813231052611 0.9990830924327737 0.9990848344124237 0.9990866364570605 0.999088562490993 0.9990907417619088 0.9990932576068755 0.9990962025334698 0.9990996564681955 0.9991037249167836 0.9991085254116884 0.9991141487763232 0.9991206377694403 0.999128034046375 0.9991365083464848 0.999146402676437 0.9991582491052632 0.9991727862364319 0.9991910202917806 0.9992143524005052 0.9992447052018131 0.9992845504039661 0.9993365459763442 0.9994021808463966 0.9994791587439836 0.9995599553112543 0.9996352142003398 0.99969908782581 0.9997801314741551 0.9998111967453563 0.9998610568614732 0.9998610568614732 0.9999625924004734 0.9999625924004734 0.9999625924004734 0.9999625924004734 0.9999625924004734 0.9999625924004734 0.9999625924004734 0.9999625924004734 0.9999625924004734 0.9999625924004734 1.0 1.0
0.0 0.75 1.25 1.75 2.25 2.75 3.25 3.75 4.25 4.75 5.25 5.75 6.25 6.75 7.25 7.75 8.25 8.75 9.25 9.75 10.25 10.75 11.25 11.75 12.25 12.75 13.25 13.75 14.25 14.75 15.25 15.75 16.25 16.75 17.25 17.75 18.25 18.75 19.25 19.75 20.25 20.75 21.25 21.75 22.25 22.75 23.25 23.75 24.25 24.75 25.25 25.75 26.25 26.75 27.25 27.75 28.25 28.75 29.25 29.75 30.25 30.75 31.25 31.75 32.25 32.75 33.25 33.75
0.1244716169436227 0.16313269094535135 0.24898338108748697 0.28156452038275853 0.46046626571101246 0.5293868831046413 0.6188657456808297 0.6886253699830652 0.8343043112654215 0.9124947945065943 0.9252310967726128 0.9373390653466912 0.9632388479863387 0.9826488216323165 0.9983689706812034 0.998995350921596 0.9990031166616189 0.9990064437167732 0.9990086366653046 0.9990104844721955 0.9990122754176067 0.9990140447730763 0.9990158507331899 0.9990177445667558 0.9990198668288093 0.9990222869523898 0.9990250945689502 0.9990283824010494 0.9990322363145143 0.9990367901669831 0.9990421715595257 0.9990484740698004 0.9990557325391399 0.9990640057091815 0.9990734754877976 0.9990845193404625 0.9990977163981082 0.9991138716229875 0.9991340983975037 0.999159926181804 0.9991934578308947 0.999237408100687 0.9992946859768989 0.9993669031367248 0.9994514879074097 0.9995401394476705 0.999622606651384 0.9996926271076753 0.9997491922236975 0.9997941346747937 0.9998299277706884 0.9998546518389309 0.9998834048080446 0.9999095152532785 0.9999095152532785 0.9999718998278674 0.9999718998278674 0.9999718998278674 0.9999718998278674 0.9999718998278674 0.9999718998278674 0.9999718998278674 0.9999718998278674 0.9999718998278674 0.9999718998278674 0.9999718998278674 0.9999999999999999 1.0
0.0 0.75 1.25 1.75 2.25 2.75 3.25 3.75 4.25 4.75 5.25 5.75 6.25 6.75 7.25 7.75 8.25 8.75 9.25 9.75 10.25 10.75 11.25 11.75 12.25 12.75 13.25 13.75 14.25 14.75 15.25 15.75 16.25 16.75 17.25 17.75 18.25 18.75 19.25 19.75 20.25 20.75 21.25 21.75 22.25 22.75 23.25 23.75 24.25 24.75 25.25 25.75 26.25 26.75 27.25 27.75 28.25 28.75 29.25 29.75 30.25 30.75 31.25 31.75 32.25 32.75 33.25 33.75 34.25 34.75 35.25 35.75
0.12789805981752544 0.17450031017601844 0.25647529682955034 0.2832581606898452 0.44658833047903 0.5197891953214405 0.6082171393456496 0.6755664972141848 0.8466505148749663 0.9202724375531002 0.9304081907162882 0.9420756208881302 0.965814100942642 0.9833457310005013 0.9978240879582817 0.9989388208902062 0.998949937721426 0.9989575409673098 0.9989598815754192 0.9989617923268341 0.998963658142361 0.9989654991306368 0.9989673726704338 0.9989693681068732 0.99897156447541 0.9989740741929007 0.998976987221557 0.9989804043226735 0.9989844231454938 0.9989891755771418 0.9989947965795545 0.9990013867863524 0.9990089655082107 0.9990175999335119 0.9990274665714028 0.9990389477519742 0.9990526419997626 0.9990693891429492 0.9990903394168497 0.9991170751264882 0.9991517492259606 0.9991971296851102 0.9992561692817296 0.9993304738873143 0.999417337347461 0.9995082299826522 0.999592666043046 0.9996642730058197 0.9997220571425625 0.9997679174427326 0.9998044101503127 0.9998337814213354 0.9998577674078569 0.9998776529879452 0.9998943554984692 0.9999071025124202 0.9999226653739216 0.9999379460761354 0.9999379460761354 0.9999789313617679 0.9999789313617679 0.9999789313617679 0.9999789313617679 0.9999789313617679 0.9999789313617679 0.9999789313617679 0.9999789313617679 0.9999789313617679 0.9999789313617679 0.9999789313617679 0.9999999999999999 1.0
0.0 0.75 1.25 1.75 2.25 2.75 3.25 3.75 4.25 4.75 5.25 5.75 6.25 6.75 7.25 7.75 8.25 8.75 9.25 9.75 10.25 10.75 11.25 11.75 12.25 12.75 13.25 13.75 14.25 14.75 15.25 15.75 16.25 16.75 17.25 17.75 18.25 18.75 19.25 19.75 20.25 20.75 21.25 21.75 22.25 22.75 23.25 23.75 24.25 24.75 25.25 25.75 26.25 26.75 27.25 27.75 28.25 28.75 29.25 29.75 30.25 30.75 31.25 31.75 32.25 32.75 33.25 33.75 34.25 34.75 35.25 35.75 36.25 36.75 37.25 37.75 38.25 38.75 39.25 39.75 40.25
0.13424912954566304 0.17745864779411588 0.2517624266745424 0.2764812367799636 0.41667446374813844 0.4958806663770642 0.5842122782729583 0.6473950181801511 0.8761548378801751 0.9361423399669385 0.9448996392690253 0.9542068438821032 0.9724600314326421 0.9863554983132692 0.9984268170745239 0.9987383454255341 0.9987445784469409 0.9987475360841345 0.9987498342970198 0.9987517896160945 0.9987537566842108 0.9987557730268055 0.9987578977999304 0.9987601888630809 0.9987628184715095 0.9987658236864531 0.998769327488686 0.9987734582853106 0.9987783495522714 0.9987841668752919 0.9987910777342418 0.9987992012735821 0.9988085710010253 0.9988192155688665 0.9988313176688368 0.998845321971755 0.998861942277263 0.9988821805620001 0.9989074196060171 0.9989395640666485 0.9989811991065837 0.9990356181924619 0.9991061727357881 0.9991947013922405 0.9992977322719474 0.9994049729581841 0.9995041280413598 0.9995878919864928 0.9996552723677093 0.9997086015458817 0.999750921626451 0.9997848874553422 0.9998125462043799 0.9998354120700087 0.9998545885124168 0.9998708856925973 0.9998849048819035 0.9998970953931465 0.9999077984394157 0.9999172777605547 0.9999257397384606 0.9999333473764151 0.9999402308636193 0.9999464960588326 0.9999513615387275 0.9999576801968831 0.9999576801968831 0.9999646528423471 0.9999690097413312 0.9999865163471722 0.9999865163471722 0.9999865163471722 0.9999865163471722 0.9999865163471722 0.9999865163471722 0.9999865163471722 0.9999865163471722 0.9999865163471722 0.9999865163471722 1.0 1.0
0.0 0.75 1.25 1.75 2.25 2.75 3.25 3.75 4.25 4.75 5.25 5.75 6.25 6.75 7.25 7.75 8.25 8.75 9.25 9.75 10.25 10.75 11.25 11.75 12.25 12.75 13.25 13.75 14.25 14.75 15.25 15.75 16.25 16.75 17.25 17.75 18.25 18.75 19.25 19.75 20.25 20.75 21.25 21.75 22.25 22.75 23.25 23.75 24.25 24.75 25.25 25.75 26.25 26.75 27.25 27.75 28.25 28.75 29.25 29.75 30.25 30.75 31.25 31.75 32.25 32.75 33.25 33.75 34.25 34.75 35.25 35.75 36.25 36.75 37.25 37.75 38.25 38.75 39.25 39.75 40.25 40.75 41.25 41.75 42.25 42.75 43.25 43.75 44.25 44.75
0.12185804174248824 0.16600702733510586 0.2419839205916885 0.26249163606695836 0.3940439167088172 0.4719200320464623 0.5563619187960401 0.614967956013321 0.8731254583338846 0.9325647492016788 0.9400202528203829 0.9493035886065475 0.9658413395253984 0.9782406344458819 0.9888936402032067 0.9985939317026233 0.9986087076323782 0.9986126560919035 0.9986152959220086 0.9986176093148642 0.9986199214823469 0.9986223555877061 0.9986249316188448 0.9986277399032593 0.9986309256503044 0.9986345836964249 0.9986388700618423 0.9986439703295649 0.9986493570905594 0.9986557950730711 0.99866347768446 0.9986725425272196 0.9986830177690154 0.9986949071761453 0.9987083808155309 0.9987239096335633 0.9987422780811579 0.9987645953065565 0.9987923871909188 0.9988277536840958 0.9988735381819482 0.9989333613169348 0.9990110176077799 0.9991083360961105 0.9992213695955159 0.9993386919004754 0.9994468260296769 0.999537920577925 0.9996110286660713 0.999668784050402 0.9997145432981438 0.9997511585578213 0.9997809291808945 0.9998054945148815 0.9998260515529469 0.9998434804418035 0.999858433971076 0.999871402714342 0.999882757996758 0.9998927862161121 0.999901711440613 0.999909711481964 0.9999169289820714 0.9999234789986875 0.9999294548405191 0.9999349336901524 0.9999399798929323 0.9999446468507208 0.9999489795999548 0.9999530165356555 0.9999567904246155 0.9999603294716328 0.9999636580091144 0.9999667947995899 0.9999693907549755 0.9999728476489543 0.9999769157229217 0.9999769157229217 0.9999906714633331 0.9999906714633331 0.9999906714633331 0.9999906714633331 0.9999906714633331 0.9999906714633331 0.9999906714633331 0.9999906714633331 0.9999906714633331 0.9999906714633331 1.0 1.0
0.0 0.75 1.25 1.75 2.25 2.75 3.25 3.75 4.25 4.75 5.25 5.75 6.25 6.75 7.25 7.75 8.25 8.75 9.25 9.75 10.25 10.75 11.25 11.75 12.25 12.75 13.25 13.75 14.25 14.75 15.25 15.75 16.25 16.75 17.25 17.75 18.25 18.75 19.25 19.75 20.25 20.75 21.25 21.75 22.25 22.75 23.25 23.75 24.25 24.75 25.25 25.75 26.25 26.75 27.25 27.75 28.25 28.75 29.25 29.75 30.25 30.75 31.25 31.75 32.25 32.75 33.25 33.75 34.25 34.75 35.25 35.75 36.25 36.75 37.25 37.75 38.25 38.75 39.25 39.75 40.25 40.75 41.25 41.75 42.25 42.75 43.25 43.75 44.25 44.75 45.25 45.75 46.25 46.75 47.25 47.75 48.25 48.75 49.25 49.75
0.11573208090163316 0.15761473312889646 0.22485264702769542 0.24442452850096813 0.37018449204122167 0.4487469150087398 0.5335298548772845 0.5914966306236924 0.8897541910072234 0.945172937667511 0.9514357216069768 0.9600875585210219 0.9756479695790284 0.9872130162325365 0.9975279455372866 0.9983682064332438 0.9983817805473829 0.9983923778264285 0.9983949824301916 0.9983973672940165 0.9983998484659676 0.9984024631141688 0.9984052761387031 0.9984087171231094 0.9984122901239106 0.9984164313415982 0.9984213121822099 0.9984271508094631 0.9984341701739196 0.9984426255386596 0.9984527742296022 0.9984647680505272 0.9984785707695221 0.9984940812545914 0.9985113971467724 0.9985311194726675 0.9985542347981643 0.9985821372320504 0.998613911931757 0.9986543709713123 0.9987067926776371 0.9987753386958128 0.9988643480750587 0.9989758540339428 0.9991052040775319 0.999239223541911 0.9993625347570949 0.9994662854998909 0.9995494787315373 0.9996151515854933 0.9996671421585054 0.9997087689764046 0.9997425775293987 0.9997704422503597 0.9997937310658904 0.9998134483140284 0.9998303382035469 0.999844962408431 0.9998577468784495 0.9998690199223345 0.999879024584813 0.9998879786805072 0.9998960433224178 0.9999033484693904 0.9999100002782843 0.999916086869342 0.9999216810237488 0.9999268435846709 0.9999316257475365 0.999936071144031 0.9999402170850905 0.9999440958409191 0.9999477351434758 0.9999511591332638 0.9999543888353712 0.999957442683114 0.9999603368248178 0.9999630854834917 0.9999657013429496 0.9999681956641757 0.9999705785127659 0.9999728589176068 0.9999750438606144 0.9999768236038955 0.9999792247271219 0.9999821721006457 0.9999821721006457 0.9999925927160592 0.9999925927160592 0.9999925927160592 0.9999925927160592 0.9999925927160592 0.9999925927160592 0.9999925927160592 0.9999925927160592 0.9999925927160592 0.9999925927160592 0.9999925927160592 0.9999999999999999 1.0
0.0 0.75 1.25 1.75 2.25 2.75 3.25 3.75 4.25 4.75 5.25 5.75 6.25 6.75 7.25 7.75 8.25 8.75 9.25 9.75 10.25 10.75 11.25 11.75 12.25 12.75 13.25 13.75 14.25 14.75 15.25 15.75 16.25 16.75 17.25 17.75 18.25 18.75 19.25 19.75 20.25 20.75 21.25 21.75 22.25 22.75 23.25 23.75 24.25 24.75 25.25 25.75 26.25 26.75 27.25 27.75 28.25 28.75 29.25 29.75 30.25 30.75 31.25 31.75 32.25 32.75 33.25 33.75 34.25 34.75 35.25 35.75 36.25 36.75 37.25 37.75 38.25 38.75 39.25 39.75 40.25 40.75 41.25 41.75 42.25 42.75 43.25 43.75 44.25 44.75 45.25 45.75 46.25 46.75 47.25 47.75 48.25 48.75 49.25 49.75 50.25 50.75 51.25 51.75 52.25 52.75 53.25 53.75 54.25
0.10673215603957148 0.1414786989217224 0.20431235191025435 0.22786467907803148 0.3467385641189854 0.42324775240033985 0.5066767655426534 0.563215239732189 0.8956319126222964 0.9472348296958335 0.9539513285768426 0.9617107599076309 0.9766203451177742 0.9878075928157907 0.9977833010287699 0.9979947532010387 0.9980451219523246 0.9981213577394502 0.9981238875191334 0.9981263326397878 0.9981289047121175 0.9981316570996459 0.9981346603884315 0.9981379985633487 0.9981419661139413 0.9981464947136213 0.9981518363328121 0.998158241693699 0.9981659742431285 0.998175323551425 0.9981865894592321 0.9981999588863535 0.9982154121348444 0.9982328409186759 0.9982523897070003 0.9982746769836881 0.9983008099417846 0.9983323694730432 0.9983715386785825 0.9984213162808466 0.9984857464680743 0.9985699225284125 0.9986790691574217 0.9988150255322082 0.9989718569885007 0.9991331531367552 0.999280532739567 0.9993964219646008 0.9994893441231725 0.9995627063277397 0.999620793671355 0.9996673043641814 0.9997050773857026 0.999736204404865 0.9997622121704075 0.9997842214637973 0.9998030633381719 0.9998193641776473 0.9998335996823272 0.9998461374242914 0.9998572649198009 0.9998672099592616 0.999876154142979 0.999884243783496 0.9998915986485317 0.999898317807162 0.9999044833166013 0.9999101639616523 0.9999154177617164 0.9999202939353219 0.9999248303615115 0.999929067684414 0.9999330367887216 0.999936764514201 0.9999402743772491 0.9999435869975062 0.9999467204243994 0.9999496905848231 0.9999525116254832 0.9999551961393709 0.9999577553711685 0.9999601994384568 0.9999625373843835 0.9999647773725352 0.9999669267501402 0.9999689921586713 0.9999709796075816 0.9999728945796417 0.9999747420836067 0.9999765266858187 0.9999782525734077 0.9999799235964263 0.9999812723895064 0.9999831071530092 0.9999831071530092 0.9999854182275683 0.999986864894154 0.9999938237462268 0.9999938237462268 0.9999938237462268 0.9999938237462268 0.9999938237462268 0.9999938237462268 0.9999938237462268 0.9999938237462268 0.9999938237462268 0.9999938237462268 0.9999999999999999 1.0
0.0 0.75 1.25 1.75 2.25 2.75 3.25 3.75 4.25 4.75 5.25 5.75 6.25 6.75 7.25 7.75 8.25 8.75 9.25 9.75 10.25 10.75 11.25 11.75 12.25 12.75 13.25 13.75 14.25 14.75 15.25 15.75 16.25 16.75 17.25 17.75 18.25 18.75 19.25 19.75 20.25 20.75 21.25 21.75 22.25 22.75 23.25 23.75 24.25 24.75 25.25 25.75 26.25 26.75 27.25 27.75 28.25 28.75 29.25 29.75 30.25 30.75 31.25 31.75 32.25 32.75 33.25 33.75 34.25 34.75 35.25 35.75 36.25 36.75 37.25 37.75 38.25 38.75 39.25 39.75 40.25 40.75 41.25 41.75 42.25 42.75 43.25 43.75 44.25 44.75 45.25 45.75 46.25 46.75 47.25 47.75 48.25 48.75 49.25 49.75 50.25 50.75 51.25 51.75 52.25 52.75 53.25 53.75 54.25 54.75 55.25 55.75 56.25 56.75 57.25 57.75 58.25 58.75
0.09708666904825869 0.13344374418325397 0.19789502720937438 0.22548416751978095 0.33768417274172896 0.41161145615654215 0.49049363094784704 0.5439815024833548 0.8824732475486057 0.9367735304349769 0.9432270365985768 0.9513056695414616 0.9673438628497866 0.9790515356193096 0.9888695551051648 0.9975151878389369 0.9976836693496154 0.997953960745076 0.9979567578234619 0.9979593469547401 0.9979620175368619 0.9979648993270612 0.997968026686102 0.9979715060987994 0.9979755554209951 0.9979802336909203 0.9979857653335403 0.9979924202806005 0.9980004794368516 0.9980102492915008 0.9980220574619032 0.9980361209965223 0.9980524364351652 0.9980708995526277 0.9980916819954485 0.9981153975284497 0.9981432154346952 0.9981768084028884 0.9982185187214859 0.9982715619058068 0.9983403232785054 0.998430281478338 0.998547090775064 0.998693113536744 0.998861558348407 0.9990346995855224 0.9991928110029381 0.9993251156725901 0.9994308492064105 0.9995141512533582 0.9995800002970339 0.9996326439863563 0.9996752464055958 0.9997102886179148 0.9997395040226739 0.9997641634019289 0.9997841380994165 0.9998014124833369 0.999816491007873 0.999829763678706 0.9998415356219373 0.9998520496277684 0.9998614964786534 0.9998700324599712 0.9998777849697333 0.9998848597011046 0.9998913437356065 0.9998973101042798 0.9999028205138981 0.9999079274650243 0.999912676055506 0.99991710458863 0.9999212463137045 0.9999251300394566 0.9999287809309256 0.9999322210599482 0.9999354698088472 0.9999385443370337 0.9999414598431429 0.9999442280970734 0.9999468630339656 0.999949375301777 0.9999517744789505 0.9999540691949974 0.9999562672772935 0.9999583757720498 0.9999604010544098 0.9999623489123322 0.9999642246409608 0.9999660330688375 0.9999677786470287 0.9999694654438823 0.9999710971764844 0.9999726772735716 0.9999742088965019 0.9999756949549831 0.999977138149014 0.9999785409741276 0.9999799057528476 0.9999812346399304 0.9999825296433363 0.9999837924407347 0.9999854306952762 0.9999862569998259 0.9999880779682805 0.9999880779682805 0.9999948270745292 0.9999948270745292 0.9999948270745292 0.9999948270745292 0.9999948270745292 0.9999948270745292 0.9999948270745292 0.9999948270745292 0.9999948270745292 0.9999948270745292 1.0 1.0
0.0 0.75 1.25 1.75 2.25 2.75 3.25 3.75 4.25 4.75 5.25 5.75 6.25 6.75 7.25 7.75 8.25 8.75 9.25 9.75 10.25 10.75 11.25 11.75 12.25 12.75 13.25 13.75 14.25 14.75 15.25 15.75 16.25 16.75 17.25 17.75 18.25 18.75 19.25 19.75 20.25 20.75 21.25 21.75 22.25 22.75 23.25 23.75 24.25 24.75 25.25 25.75 26.25 26.75 27.25 27.75 28.25 28.75 29.25 29.75 30.25 30.75 31.25 31.75 32.25 32.75 33.25 33.75 34.25 34.75 35.25 35.75 36.25 36.75 37.25 37.75 38.25 38.75 39.25 39.75 40.25 40.75 41.25 41.75 42.25 42.75 43.25 43.75 44.25 44.75 45.25 45.75 46.25 46.75 47.25 47.75 48.25 48.75 49.25 49.75 50.25 50.75 51.25 51.75 52.25 52.75 53.25 53.75 54.25 54.75 55.25 55.75 56.25 56.75 57.25 57.75 58.25 58.75 59.25 59.75 60.25 60.75 61.25 61.75 62.25 62.75 63.25 63.75
0.09352415970150763 0.12876921909196146 0.18517043350772255 0.2195064219227133 0.3261882759964124 0.399756335798312 0.47698293366338207 0.5292989550356122 0.8877080849316497 0.9409557193002264 0.9470875938544479 0.9549040068845324 0.9723563461539214 0.9848424903288576 0.9950410040691612 0.9966870855538358 0.9970537055899781 0.9976851428184718 0.9976878981212578 0.9976905509251034 0.9976933879224343 0.9976964536896126 0.9976998188412065 0.9977042101336444 0.9977086050007746 0.997713719150452 0.9977197863403449 0.9977271061380526 0.9977359996378359 0.9977468113290874 0.997759915795609 0.9977755704885285 0.9977937965524395 0.9978145299778421 0.9978379073148468 0.9978647088198901 0.9978961597802973 0.9979341177800135 0.9979812261025834 0.9980411087429225 0.9981186926530156 0.9982203274914965 0.998352324186803 0.9985173237196033 0.9987074816550473 0.9989026399728342 0.9990805900457959 0.999229428619208 0.9993483868463405 0.9994421688758746 0.999516364417191 0.9995757351908846 0.9996239195848483 0.9996635756419723 0.9996966660411121 0.9997246094065447 0.9997484717084099 0.9997690559702196 0.9997869735533524 0.9998026992690775 0.9998166036188244 0.9998289820511838 0.9998400494664055 0.9998500163683395 0.9998590376254317 0.9998672423034438 0.9998744459105633 0.9998810675703176 0.9998871765783547 0.9998928324954358 0.999898084833406 0.9999029768915777 0.9999075461021624 0.999911824930485 0.9999158417071606 0.9999196212509176 0.9999231853972124 0.9999265534640387 0.9999297425240858 0.9999327677972739 0.9999356428339379 0.9999383797346472 0.9999409893438566 0.9999434814121545 0.9999458647637455 0.999948147401125 0.9999503365574193 0.9999524387958262 0.9999544592559473 0.9999564043125638 0.9999582789116264 0.9999600875646791 0.999961834422134 0.999963523320374 0.9999651577712854 0.999966741014597 0.9999682760335808 0.9999697656073898 0.9999712123058251 0.9999726185207377 0.9999739864817311 0.9999753182509262 0.9999766157700671 0.9999778808343504 0.9999791151342967 0.9999803202400495 0.9999814976275427 0.999982648673269 0.9999837746856806 0.9999848768947229 0.9999859563523922 0.9999868404737942 0.9999880545712329 0.9999896219508656 0.9999896219508656 0.99999550867898 0.99999550867898 0.99999550867898 0.99999550867898 0.99999550867898 0.99999550867898 0.99999550867898 0.99999550867898 0.99999550867898 0.99999550867898 0.99999550867898 1.0 1.0
0.0 0.75 1.25 1.75 2.25 2.75 3.25 3.75 4.25 4.75 5.25 5.75 6.25 6.75 7.25 7.75 8.25 8.75 9.25 9.75 10.25 10.75 11.25 11.75 12.25 12.75 13.25 13.75 14.25 14.75 15.25 15.75 16.25 16.75 17.25 17.75 18.25 18.75 19.25 19.75 20.25 20.75 21.25 21.75 22.25 22.75 23.25 23.75 24.25 24.75 25.25 25.75 26.25 26.75 27.25 27.75 28.25 28.75 29.25 29.75 30.25 30.75 31.25 31.75 32.25 32.75 33.25 33.75 34.25 34.75 35.25 35.75 36.25 36.75 37.25 37.75 38.25 38.75 39.25 39.75 40.25 40.75 41.25 41.75 42.25 42.75 43.25 43.75 44.25 44.75 45.25 45.75 46.25 46.75 47.25 47.75 48.25 48.75 49.25 49.75 50.25 50.75 51.25 51.75 52.25 52.75 53.25 53.75 54.25 54.75 55.25 55.75 56.25 56.75 57.25 57.75 58.25 58.75 59.25 59.75 60.25 60.75 61.25 61.75 62.25 62.75 63.25 63.75 64.25 64.75 65.25 65.75 66.25 66.75 67.25 67.75 68.25
0.0879084057154717 0.11803875531405739 0.17086998759993835 0.21272531537125952 0.3141286557043079 0.3842599311762461 0.45735426177998983 0.5072271680464729 0.8844058275668232 0.936400335802087 0.9436407165136282 0.9509460311747866 0.9701964156473948 0.9839734423420743 0.9948079745824033 0.9957852863756894 0.9964068217183698 0.997498068582288 0.9975007373832766 0.9975034188265502 0.997506303475504 0.9975094535132678 0.9975129447361348 0.9975168750878854 0.9975216054582581 0.9975269999870564 0.9975333969206523 0.9975411248436225 0.9975505300355659 0.9975619846139483 0.9975758947813386 0.9975925506526017 0.9976120036946784 0.9976342446163764 0.997659504705743 0.9976884359121599 0.9977224264858876 0.9977634635414985 0.9978143902881849 0.9978791055294025 0.9979631579337837 0.9980730351545418 0.9982157525637255 0.9983940594146521 0.9985995111620085 0.9988101466638156 0.9990020478859948 0.9991624566645867 0.9992906542371426 0.9993917450175959 0.9994717776764303 0.9995358655011893 0.99958790818269 0.9996307794135867 0.999666569607717 0.9996968151002412 0.9997226578726299 0.9997449626321258 0.9997643838857977 0.9997814323360278 0.9997965090178119 0.9998099319195916 0.999821952529927 0.9998327747852661 0.999842566762231 0.9998514690814492 0.9998595948553548 0.9998670405975116 0.9998738875797519 0.9998802064777735 0.9998860551266375 0.9998914762762673 0.9998965235754678 0.9999012351024675 0.9999056440550091 0.9999096614568788 0.9999134459003745 0.9999170183063378 0.9999203972206149 0.9999235990332861 0.9999266383649296 0.99992952832239 0.9999322806292731 0.9999349058138562 0.9999374134074412 0.9999398120696281 0.9999421096039739 0.9999443130937081 0.9999464290009069 0.9999484632239113 0.9999504211338655 0.999952307642574 0.9999541272599188 0.9999558841251783 0.9999575820644445 0.9999592245958429 0.9999608149712909 0.9999623561973761 0.9999638506595342 0.9999653013747926 0.9999667107129273 0.9999680808975608 0.9999694139852827 0.9999707119021886 0.9999719764490993 0.9999732093120007 0.9999744120516045 0.9999755861451058 0.9999767329861835 0.9999778538693405 0.9999789500264429 0.99998002261106 0.9999810727036845 0.9999821013326112 0.9999831094634977 0.9999840980150236 0.9999850678484513 0.9999860197937241 0.9999869546285879 0.9999878730890306 0.9999886223349412 0.9999896540122141 0.9999896540122141 0.9999909941936046 0.9999960766323026 0.9999960766323026 0.9999960766323026 0.9999960766323026 0.9999960766323026 0.9999960766323026 0.9999960766323026 0.9999960766323026 0.9999960766323026 0.9999960766323026 0.9999960766323026 1.0 1.0
0.0 1.5 2.5 3.5 4.5 5.5 6.5 7.5 8.5 9.5 10.5 11.5 12.5 13.5 14.5 15.5 16.5 17.5 18.5 19.5 20.5 21.5 22.5 23.5 24.5 25.5 26.5 27.5 28.5 29.5 30.5 31.5 32.5 33.5 34.5 35.5 36.5 37.5 38.5 39.5 40.5 41.5 42.5 43.5 44.5 45.5 46.5 47.5 48.5 49.5 50.5 51.5 52.5 53.5 54.5 55.5 56.5 57.5 58.5 59.5 60.5 61.5 62.5 63.5 64.5 65.5 66.5 67.5 68.5 69.5 70.5 71.5 72.5 73.5
0.11875023263143804 0.29973377570783605 0.3794134268426731 0.8734507989567857 0.9288863533747818 0.9634201396444156 0.991488379337415 0.9946578570798339 0.9972593370687627 0.9972648892538744 0.9972714811309366 0.9972798478533279 0.9972913016054726 0.9973078848520479 0.9973325958365767 0.997368708981681 0.9974170581215336 0.9974803413786805 0.9975709646716423 0.9977137726780909 0.9979556958226906 0.998347565043436 0.9988089123234001 0.999159582444929 0.9993804303804823 0.9995205020209428 0.9996142891377621 0.9996804814390449 0.9997293141836492 0.9997666475170403 0.9997960452831285 0.9998197368309595 0.9998392171507318 0.9998554996407046 0.9998693054175365 0.9998811535750461 0.9998914336984414 0.9999004390121675 0.9999083973666297 0.9999154861965703 0.9999218379344756 0.9999275752136119 0.9999326923981033 0.9999373830993508 0.9999417038985803 0.9999457019485796 0.9999494168487912 0.9999528820225011 0.9999561259457128 0.9999591729416796 0.9999620439330605 0.9999647570033894 0.9999673279267617 0.9999697699983358 0.9999720958034881 0.9999743159253764 0.9999764397288771 0.9999784755618659 0.9999804308611566 0.9999823123114062 0.9999841258980843 0.9999858770451916 0.9999875706576351 0.9999892112059777 0.9999898685599056 0.9999919587494329 0.9999964785840639 0.9999964785840639 0.9999964785840639 0.9999964785840639 0.9999964785840639 0.9999964785840639 1.0 1.0
0.0 1.5 2.5 3.5 4.5 5.5 6.5 7.5 8.5 9.5 10.5 11.5 12.5 13.5 14.5 15.5 16.5 17.5 18.5 19.5 20.5 21.5 22.5 23.5 24.5 25.5 26.5 27.5 28.5 29.5 30.5 31.5 32.5 33.5 34.5 35.5 36.5 37.5 38.5 39.5 40.5 41.5 42.5 43.5 44.5 45.5 46.5 47.5 48.5 49.5 50.5 51.5 52.5 53.5 54.5 55.5 56.5 57.5 58.5 59.5 60.5 61.5 62.5 63.5 64.5 65.5 66.5 67.5 68.5 69.5 70.5 71.5 72.5 73.5 74.5 75.5 76.5 77.5
0.11551684716146837 0.3013609854452815 0.38266644465804367 0.850902574745436 0.9115425227110459 0.9501535511117236 0.9796196125729462 0.9940462212613081 0.9972282950135787 0.9972338324953612 0.9972403616679909 0.9972486007600255 0.9972598893696403 0.9972762155538216 0.9973005730862802 0.9973363309276445 0.9973848515765604 0.997449182435091 0.9975409750297716 0.997685674268736 0.997931600990331 0.9983291870014204 0.9987950693016531 0.9991481617617562 0.9993707204839127 0.9995120983613781 0.9996066636582553 0.9996734914613575 0.999722840440907 0.9997605946955495 0.9997903240542414 0.9998142889467673 0.9998339815529572 0.9998504375240991 0.9998643752897248 0.9998763315564664 0.999886693400447 0.9998957588027967 0.9999037577202 0.9999108704898934 0.9999172399833091 0.9999229804806689 0.9999281847579655 0.9999329291853583 0.9999372763504141 0.999941274910021 0.999944973097964 0.9999483672967092 0.9999515381920703 0.9999545103980861 0.9999573050910807 0.9999599405596975 0.9999624326914681 0.9999647953641834 0.9999670407314877 0.9999691794555863 0.9999712209928394 0.999973173720694 0.9999750449059506 0.9999768414663492 0.9999785693782252 0.9999802340149914 0.9999818402317588 0.9999833924288029 0.9999848946150278 0.9999863504397005 0.9999877632453374 0.9999891360888605 0.9999904717944847 0.9999917640473923 0.9999927448877534 0.9999965133214344 0.9999965133214344 0.9999965133214344 0.9999965133214344 0.9999965133214344 0.9999999999999999 1.0
0.0 1.5 2.5 3.5 4.5 5.5 6.5 7.5 8.5 9.5 10.5 11.5 12.5 13.5 14.5 15.5 16.5 17.5 18.5 19.5 20.5 21.5 22.5 23.5 24.5 25.5 26.5 27.5 28.5 29.5 30.5 31.5 32.5 33.5 34.5 35.5 36.5 37.5 38.5 39.5 40.5 41.5 42.5 43.5 44.5 45.5 46.5 47.5 48.5 49.5 50.5 51.5 52.5 53.5 54.5 55.5 56.5 57.5 58.5 59.5 60.5 61.5 62.5 63.5 64.5 65.5 66.5 67.5 68.5 69.5 70.5 71.5 72.5 73.5 74.5 75.5 76.5 77.5 78.5 79.5 80.5 81.5 82.5
0.11148013393568311 0.28710766811941435 0.36912724864367935 0.8654497656127664 0.9207609487335628 0.9578557275275098 0.9754908519278516 0.993008588589534 0.9969291564177211 0.9969353213485299 0.9969424487870054 0.9969517904924794 0.9969639018370169 0.9969814850823501 0.9970078823848264 0.9970468267357682 0.9970996199682586 0.9971706015962919 0.9972717584926509 0.9974319406551483 0.9977047945654011 0.9981464877067455 0.998663397049554 0.9990540071517513 0.9993000864380259 0.9994565703430494 0.9995616105681169 0.9996359220003387 0.9996908426546492 0.99973285942035 0.9997659623614706 0.9997925425181275 0.9998143744838083 0.9998326137660225 0.9998480510085105 0.999861283337857 0.9998727403346974 0.9998827532902669 0.9998915748748367 0.999899408951815 0.9999064138822126 0.9999127166821175 0.9999184211730084 0.99992361222583 0.9999283595194269 0.9999327213412086 0.9999367464452515 0.999940476015976 0.9999439449667062 0.9999471807361267 0.9999502117764322 0.9999530355327317 0.9999557008224464 0.9999582230382666 0.9999606156303207 0.9999628904334549 0.9999650578889384 0.9999671272344971 0.9999691067049034 0.9999710036586656 0.999972824662487 0.9999745756390694 0.9999762617932115 0.9999778880974488 0.9999794589119878 0.9999809782169687 0.9999824496230225 0.9999838764346157 0.9999852617028371 0.9999866082253976 0.999987918567746 0.9999891951158547 0.9999904400762204 0.9999916555075362 0.999992844777613 0.9999937498920821 0.9999972431987357 0.9999972431987357 0.9999972431987357 0.9999972431987357 0.9999972431987357 1.0 1.0
0.0 1.5 2.5 3.5 4.5 5.5 6.5 7.5 8.5 9.5 10.5 11.5 12.5 13.5 14.5 15.5 16.5 17.5 18.5 19.5 20.5 21.5 22.5 23.5 24.5 25.5 26.5 27.5 28.5 29.5 30.5 31.5 32.5 33.5 34.5 35.5 36.5 37.5 38.5 39.5 40.5 41.5 42.5 43.5 44.5 45.5 46.5 47.5 48.5 49.5 50.5 51.5 52.5 53.5 54.5 55.5 56.5 57.5 58.5 59.5 60.5 61.5 62.5 63.5 64.5 65.5 66.5 67.5 68.5 69.5 70.5 71.5 72.5 73.5 74.5 75.5 76.5 77.5 78.5 79.5 80.5 81.5 82.5 83.5 84.5 85.5 86.5 87.5
0.1165950751684679 0.29069909750178313 0.3685448936171392 0.8618024596792347 0.9173796222452285 0.9554611896251154 0.9875952835186042 0.9923399542160314 0.9967170591249859 0.9967229341474221 0.9967300475684853 0.9967391840628941 0.996751749335535 0.9967701134437715 0.9967977782941965 0.9968387605493311 0.9968946874474884 0.9969692966839556 0.9970774515186736 0.9972483549317264 0.9975389105240804 0.99801243729645 0.998566747095704 0.9989856688893859 0.9992494527286174 0.999417230989005 0.9995299513193536 0.9996097342550535 0.9996687016420719 0.999713850414661 0.9997493942903457 0.9997780052587802 0.9998014952312002 0.9998210879170625 0.9998376531311235 0.9998517763235878 0.9998639902414422 0.9998746458161542 0.999884022004375 0.999892335058626 0.9998997553965616 0.9999064200359657 0.9999124407648086 0.9999179092845727 0.9999229005968057 0.9999274775749648 0.9999316927106087 0.9999355903464046 0.9999392081259962 0.9999425781581316 0.9999457279585467 0.9999486812013578 0.9999514583752056 0.9999540772912378 0.9999565523105519 0.9999588984503905 0.9999611160070768 0.9999632296389437 0.9999652481086948 0.9999671792159833 0.9999690299349898 0.9999708065202529 0.9999725146019156 0.9999741592703891 0.9999757451186848 0.9999772763270781 0.9999787567054399 0.9999801896720716 0.9999815784759465 0.9999829260168 0.9999842349827076 0.9999855078395029 0.9999867468731085 0.9999879541895366 0.9999891317466375 0.9999902813752661 0.9999914047686984 0.9999925035249637 0.999992948722169 0.9999943755083429 0.9999975131277532 0.9999975131277532 0.9999975131277532 0.9999975131277532 0.9999975131277532 0.9999975131277532 1.0 1.0
0.0 1.5 2.5 3.5 4.5 5.5 6.5 7.5 8.5 9.5 10.5 11.5 12.5 13.5 14.5 15.5 16.5 17.5 18.5 19.5 20.5 21.5 22.5 23.5 24.5 25.5 26.5 27.5 28.5 29.5 30.5 31.5 32.5 33.5 34.5 35.5 36.5 37.5 38.5 39.5 40.5 41.5 42.5 43.5 44.5 45.5 46.5 47.5 48.5 49.5 50.5 51.5 52.5 53.5 54.5 55.5 56.5 57.5 58.5 59.5 60.5 61.5 62.5 63.5 64.5 65.5 66.5 67.5 68.5 69.5 70.5 71.5 72.5 73.5 74.5 75.5 76.5 77.5 78.5 79.5 80.5 81.5 82.5 83.5 84.5 85.5 86.5 87.5 88.5 89.5 90.5 91.5
0.11593424516524532 0.294398360075619 0.37492437538074513 0.8453599798743439 0.9049701992596266 0.9457186973870382 0.9779535764016428 0.9921997050455524 0.9966816055441158 0.9966875018375176 0.996694591390735 0.9967036451337383 0.9967161077733592 0.9967342275741017 0.9967615383573263 0.9968021533929171 0.9968584496153244 0.9969347970630222 0.9970448203407835 0.9972188209987339 0.9975155701614749 0.99799567664228 0.998554028246184 0.9989741268389694 0.9992390195574903 0.9994079832345721 0.9995217823965425 0.999602455024914 0.9996622113283821 0.9997079887139304 0.9997440753333878 0.9997731410722656 0.9997969957947039 0.9998168900176923 0.9998336932843048 0.9998480698920184 0.9998604851347178 0.99987130358783 0.9998808079083974 0.999889220332967 0.9998966964567451 0.9999034017140307 0.9999094492226552 0.999914933310956 0.9999199303535704 0.9999245047383699 0.9999287101042811 0.9999325916899727 0.999936188090081 0.9999395320698437 0.9999426517923422 0.9999455714532817 0.9999483120321477 0.9999508917153931 0.9999533263619429 0.9999556298417445 0.9999578143531573 0.9999598906133872 0.9999618681018183 0.9999637547003047 0.9999655585869315 0.9999672810735776 0.9999689346971519 0.9999705245782146 0.9999720553295018 0.9999735311511427 0.9999749558518184 0.9999763329122403 0.9999776654957296 0.9999789565116957 0.9999802086262152 0.9999814243043514 0.9999826057784146 0.9999837551749186 0.9999848744299428 0.9999859653314515 0.9999870295616122 0.9999880686671726 0.9999890841038955 0.9999900772291525 0.9999910493146198 0.9999920015558 0.9999929350762543 0.9999938460440262 0.9999945419694264 0.9999972461965464 0.9999972461965464 0.9999972461965464 0.9999972461965464 0.9999972461965464 0.9999999999999999 1.0
0.0 1.5 2.5 3.5 4.5 5.5 6.5 7.5 8.5 9.5 10.5 11.5 12.5 13.5 14.5 15.5 16.5 17.5 18.5 19.5 20.5 21.5 22.5 23.5 24.5 25.5 26.5 27.5 28.5 29.5 30.5 31.5 32.5 33.5 34.5 35.5 36.5 37.5 38.5 39.5 40.5 41.5 42.5 43.5 44.5 45.5 46.5 47.5 48.5 49.5 50.5 51.5 52.5 53.5 54.5 55.5 56.5 57.5 58.5 59.5 60.5 61.5 62.5 63.5 64.5 65.5 66.5 67.5 68.5 69.5 70.5 71.5 72.5 73.5 74.5 75.5 76.5 77.5 78.5 79.5 80.5 81.5 82.5 83.5 84.5 85.5 86.5 87.5 88.5 89.5 90.5 91.5 92.5 93.5 94.5 95.5 96.5
0.11073384270039885 0.2800313658132909 0.3621356378105714 0.8614671765167321 0.9158193203925558 0.9543514830047636 0.9748516259165594 0.9917183517174906 0.9964623725605007 0.9964687352935733 0.9964762233643552 0.996486155506537 0.9964990966263513 0.9965180396176393 0.9965467527733997 0.9965896201932084 0.9966486915050925 0.9967294617933474 0.9968449231520082 0.9970286276995384 0.9973430088301068 0.9978538718350793 0.9984497277567496 0.9988980718828355 0.999181057959316 0.9993618391405754 0.9994837983931456 0.9995704511908795 0.9996347202902077 0.9996840050794328 0.9997229178284509 0.9997542825935094 0.9997800373448185 0.9998015331630639 0.9998196943385638 0.9998352328218181 0.9998486517062212 0.999860343588254 0.9998706062080222 0.9998796851493997 0.9998877697452058 0.9998950115355714 0.9999015351698792 0.9999074427443218 0.9999128177384196 0.999917720086458 0.9999222206774306 0.9999263688602933 0.9999302066914161 0.9999337697472168 0.9999370887388717 0.9999401900611067 0.9999430965731683 0.9999458281687225 0.9999484021241251 0.9999508336049981 0.9999531358773036 0.9999553206556138 0.9999573982930777 0.9999593779608338 0.9999612678274217 0.9999630751748728 0.9999648065042472 0.9999664672928992 0.9999680632714706 0.9999695956958483 0.9999710731039503 0.9999724992212217 0.9999738774564976 0.9999752109231101 0.9999765024811037 0.9999777547583417 0.9999789701716145 0.9999801509477463 0.9999812991658096 0.9999824167254647 0.9999835053891748 0.9999845668349728 0.9999856025910302 0.9999866140926458 0.9999876026790802 0.9999885696041093 0.9999895160444672 0.9999904431061782 0.9999913518277237 0.9999922431916499 0.9999931181203476 0.9999939774929375 0.9999948227584383 0.9999954693838393 0.9999979885657007 0.9999979885657007 0.9999979885657007 0.9999979885657007 0.9999979885657007 1.0 1.0
0.0 1.5 2.5 3.5 4.5 5.5 6.5 7.5 8.5 9.5 10.5 11.5 12.5 13.5 14.5 15.5 16.5 17.5 18.5 19.5 20.5 21.5 22.5 23.5 24.5 25.5 26.5 27.5 28.5 29.5 30.5 31.5 32.5 33.5 34.5 35.5 36.5 37.5 38.5 39.5 40.5 41.5 42.5 43.5 44.5 45.5 46.5 47.5 48.5 49.5 50.5 51.5 52.5 53.5 54.5 55.5 56.5 57.5 58.5 59.5 60.5 61.5 62.5 63.5 64.5 65.5 66.5 67.5 68.5 69.5 70.5 71.5 72.5 73.5 74.5 75.5 76.5 77.5 78.5 79.5 80.5 81.5 82.5 83.5 84.5 85.5 86.5 87.5 88.5 89.5 90.5 91.5 92.5 93.5 94.5 95.5 96.5 97.5 98.5 99.5 100.5 101.5
0.11864192119733767 0.2878279590844532 0.3668842893609099 0.8587555563180833 0.9134988631843294 0.9526589355176114 0.9857334426845554 0.9910074865209326 0.9959609110157388 0.9959674209342398 0.9959754069421768 0.9959857464220341 0.9959999949229038 0.9960209890729408 0.9960529148843701 0.9961008069913408 0.9961675128482667 0.9962584007753607 0.9963914207523662 0.9966021917009519 0.9969620493457 0.997550630249283 0.9982339493934116 0.998747531440953 0.9990712270502387 0.9992778888932919 0.9994173368291454 0.9995164744291329 0.9995899594097645 0.9996463742825411 0.9996907884273349 0.9997265022641506 0.9997557894133035 0.9997801617374942 0.999800705993971 0.9998182205928499 0.9998333082876877 0.9998464099678177 0.9998578818828378 0.9998680002188769 0.9998769828888247 0.9998850050407886 0.9998922097996072 0.9998987150147237 0.9999046163745895 0.9999099948007233 0.9999149183756755 0.9999194428938747 0.9999236167662832 0.9999274740818455 0.9999310583998344 0.9999343998685212 0.9999375243883002 0.9999404545332986 0.9999432098691722 0.9999458075251391 0.9999482625011822 0.9999505879540663 0.999952795493948 0.9999548954068325 0.9999568967922858 0.9999588077647056 0.9999606355698464 0.9999623867013449 0.9999640669642791 0.9999656816022875 0.9999672353611273 0.9999687325098615 0.9999701767349266 0.9999715718286912 0.9999729192106452 0.9999742240396813 0.9999754889217285 0.999976716261445 0.9999779082939981 0.9999790670744702 0.9999801945096385 0.999981292368569 0.9999823623143954 0.999983405866184 0.9999844244614328 0.9999854194295896 0.9999863920376022 0.9999873434570794 0.9999882747918335 0.9999891870778802 0.9999900812919135 0.9999909583544832 0.9999918191342321 0.9999926644542526 0.9999934950952644 0.9999943117956139 0.9999946448365516 0.9999957166150032 0.9999980955847761 0.9999980955847761 0.9999980955847761 0.9999980955847761 0.9999980955847761 0.9999980955847761 0.9999999999999999 1.0
0.0 1.5 2.5 3.5 4.5 5.5 6.5 7.5 8.5 9.5 10.5 11.5 12.5 13.5 14.5 15.5 16.5 17.5 18.5 19.5 20.5 21.5 22.5 23.5 24.5 25.5 26.5 27.5 28.5 29.5 30.5 31.5 32.5 33.5 34.5 35.5 36.5 37.5 38.5 39.5 40.5 41.5 42.5 43.5 44.5 45.5 46.5 47.5 48.5 49.5 50.5 51.5 52.5 53.5 54.5 55.5 56.5 57.5 58.5 59.5 60.5 61.5 62.5 63.5 64.5 65.5 66.5 67.5 68.5 69.5 70.5 71.5 72.5 73.5 74.5 75.5 76.5 77.5 78.5 79.5 80.5 81.5 82.5 83.5 84.5 85.5 86.5 87.5 88.5 89.5 90.5 91.5 92.5 93.5 94.5 95.5 96.5 97.5 98.5 99.5 100.5 101.5 102.5 103.5 104.5 105.5 106.5 107.5 108.5 109.5 110.5
0.11414400898303126 0.2801752428479567 0.36317963367575684 0.8603839148879453 0.9139988182501121 0.9527888047477606 0.9740789642502342 0.9905301229657013 0.9954509242125201 0.9954581928721626 0.9954669022363782 0.9954785173435376 0.9954937545079122 0.9955162379008615 0.9955506065885737 0.9956025471955917 0.9956758158158606 0.9957785746308447 0.9959276556094484 0.9961655961746947 0.996573743302507 0.9972390665347883 0.9980098295280656 0.9985850764838299 0.9989481426619677 0.9991809289441316 0.9993387117394568 0.999451301535475 0.9995350860137282 0.9995994466882352 0.9996502907944653 0.9996912149141988 0.9997246570783012 0.9997524871414372 0.9997759173537787 0.9997958876637499 0.9998130549358933 0.9998279392496336 0.9998409327786838 0.9998523621582923 0.9998624794472782 0.9998714860284287 0.9998795480311795 0.9998868015746922 0.9998933578206588 0.9998993128992071 0.9999047423698437 0.9999097127858221 0.9999142809013378 0.9999184938618023 0.9999223929035943 0.9999260132377822 0.9999293853291812 0.9999325356363032 0.9999354870553283 0.999938259638912 0.999940870807601 0.9999433358889392 0.9999456683711656 0.999947877958201 0.9999499777788795 0.9999519770825814 0.9999538841356098 0.9999557063057564 0.999957450168009 0.9999591216631123 0.9999607261187092 0.9999622683550482 0.9999637527272657 0.9999651831676697 0.9999665632808756 0.9999678963332361 0.9999691853162648 0.9999704329677781 0.9999716418036076 0.9999728141387408 0.9999739520978925 0.9999750575837923 0.9999761324991698 0.9999771779402088 0.9999781962039265 0.9999791887215984 0.9999801568304209 0.9999811017798528 0.9999820247390159 0.9999829268104362 0.9999838090215878 0.9999846723439197 0.9999855176896851 0.9999863459203978 0.9999871578447178 0.9999879542332506 0.9999887358122046 0.9999895032686766 0.999990257252766 0.9999909983828599 0.9999917272488044 0.9999924444066194 0.9999931503911832 0.9999938457077765 0.9999945308437093 0.9999952062640933 0.9999958727659608 0.9999963841689389 0.9999983881237576 0.9999983881237576 0.9999983881237576 0.9999983881237576 0.9999983881237576 1.0 1.0
0.0 1.5 2.5 3.5 4.5 5.5 6.5 7.5 8.5 9.5 10.5 11.5 12.5 13.5 14.5 15.5 16.5 17.5 18.5 19.5 20.5 21.5 22.5 23.5 24.5 25.5 26.5 27.5 28.5 29.5 30.5 31.5 32.5 33.5 34.5 35.5 36.5 37.5 38.5 39.5 40.5 41.5 42.5 43.5 44.5 45.5 46.5 47.5 48.5 49.5 50.5 51.5 52.5 53.5 54.5 55.5 56.5 57.5 58.5 59.5 60.5 61.5 62.5 63.5 64.5 65.5 66.5 67.5 68.5 69.5 70.5 71.5 72.5 73.5 74.5 75.5 76.5 77.5 78.5 79.5 80.5 81.5 82.5 83.5 84.5 85.5 86.5 87.5 88.5 89.5 90.5 91.5 92.5 93.5 94.5 95.5 96.5 97.5 98.5 99.5 100.5 101.5 102.5 103.5 104.5 105.5 106.5 107.5 108.5 109.5 110.5 111.5 112.5 113.5 114.5 115.5 116.5 117.5 118.5 119.5
0.11475652823650985 0.28084295802934833 0.36515846338189856 0.8613504724190204 0.9145290942192713 0.9541797870527511 0.9756034771024785 0.9899561505802636 0.9948324346583751 0.9948399476590822 0.9948491854870162 0.9948611312185168 0.9948776200816807 0.9949020212010292 0.994939402379345 0.9949962551793101 0.9950781902617337 0.9951939858756392 0.9953649131948286 0.9956362142652159 0.9961018096581501 0.9968608603119035 0.9977352233576728 0.9983854697829317 0.9987963955449054 0.9990609463121373 0.9992410812816834 0.9993700285670565 0.999466486529145 0.9995407662983141 0.999599556426826 0.9996469206310162 0.9996858002201405 0.9997181390784912 0.9997453507093979 0.9997685259043293 0.999788418785499 0.9998056338560888 0.9998206368912461 0.9998338027315832 0.9998454275487655 0.999855692154485 0.9998648530687205 0.9998730711081397 0.999880475611258 0.9998871790831281 0.9998932702906593 0.9998988272472237 0.9999039161658512 0.9999085923157064 0.9999129044947983 0.9999168938351435 0.9999205964144899 0.999924043224596 0.9999272613343467 0.9999302742175403 0.9999331025247756 0.9999357641257458 0.9999382748494045 0.9999406486425714 0.9999428978025565 0.9999450331780614 0.999947064412376 0.9999490001337077 0.9999508479869014 0.9999526148343425 0.9999543068299727 0.9999559294933069 0.999957487022137 0.9999589848725351 0.9999604271259813 0.9999618174515786 0.99996315921179 0.9999644554730125 0.9999657090372986 0.9999669224846516 0.9999680981835988 0.9999692383123395 0.9999703448798924 0.9999714197472437 0.9999724646463786 0.9999734811697091 0.9999744708113107 0.9999754349605786 0.9999763749117438 0.9999772918744471 0.9999781869769111 0.999979061264883 0.9999799157576754 0.9999807512324616 0.9999815687645951 0.9999823691767163 0.9999831532407115 0.9999839216925158 0.9999846752257696 0.9999854144992193 0.9999861401335463 0.9999868527208822 0.9999875528195228 0.9999882409666163 0.9999889176633601 0.9999895833961481 0.9999902386259973 0.9999908837917197 0.9999915193120372 0.9999921455887535 0.9999927630035821 0.9999933719244908 0.9999939727046437 0.9999945656813447 0.9999951511792089 0.9999957274503899 0.99999617023919 0.9999979101446317 0.9999979101446317 0.9999979101446317 0.9999979101446317 0.9999979101446317 1.0 1.0
0.0 1.5 2.5 3.5 4.5 5.5 6.5 7.5 8.5 9.5 10.5 11.5 12.5 13.5 14.5 15.5 16.5 17.5 18.5 19.5 20.5 21.5 22.5 23.5 24.5 25.5 26.5 27.5 28.5 29.5 30.5 31.5 32.5 33.5 34.5 35.5 36.5 37.5 38.5 39.5 40.5 41.5 42.5 43.5 44.5 45.5 46.5 47.5 48.5 49.5 50.5 51.5 52.5 53.5 54.5 55.5 56.5 57.5 58.5 59.5 60.5 61.5 62.5 63.5 64.5 65.5 66.5 67.5 68.5 69.5 70.5 71.5 72.5 73.5 74.5 75.5 76.5 77.5 78.5 79.5 80.5 81.5 82.5 83.5 84.5 85.5 86.5 87.5 88.5 89.5 90.5 91.5 92.5 93.5 94.5 95.5 96.5 97.5 98.5 99.5 100.5 101.5 102.5 103.5 104.5 105.5 106.5 107.5 108.5 109.5 110.5 111.5 112.5 113.5 114.5 115.5 116.5 117.5 118.5 119.5 120.5 121.5 122.5 123.5 124.5 125.5 126.5 127.5 128.5 129.5
0.11505765926483467 0.27967143809782496 0.3611065535998123 0.8605778564828008 0.9138898215177992 0.9523988888771361 0.9845021761065679 0.9896720603305782 0.9943399599286202 0.9943476971798841 0.9943573023020696 0.994369839623946 0.994387151054101 0.9944128536584896 0.994452460546557 0.9945130131684545 0.9946003370276522 0.994723799291767 0.9949071229769176 0.9951990940044043 0.9957014815488674 0.9965293013914293 0.9974896306574904 0.9982069461370405 0.9986611970829223 0.998954013075967 0.9991537834499249 0.9992974730685165 0.9994050554792921 0.9994883017187172 0.9995541546752534 0.9996072602846824 0.9996509259685086 0.9996872807438304 0.9997179024437044 0.9997439616468241 0.9997663485809827 0.9997857140494396 0.9998025890374348 0.9998173879905278 0.9998304410692282 0.9998420141362914 0.9998523250426617 0.9998615547421025 0.9998698512675033 0.9998773395024468 0.9998841279176682 0.9998903015913643 0.9998959371309253 0.999901099785882 0.9999058235346366 0.9999101804372055 0.9999142112401755 0.9999179516774469 0.9999214327451904 0.9999246814738438 0.9999277216049297 0.9999305738237129 0.9999332562562379 0.9999357849029161 0.9999381739346345 0.9999404359254112 0.9999425818946966 0.9999446216986602 0.9999465641042157 0.9999484169370768 0.9999501872298107 0.9999518812641385 0.9999535046872645 0.9999550626070529 0.9999565596766309 0.9999580000309362 0.9999593874453467 0.9999607253568316 0.9999620169168264 0.9999632649912347 0.9999644722027279 0.9999656406557884 0.9999667729307866 0.999967871058178 0.9999689369203639 0.9999699722506342 0.999970978671238 0.9999719576775212 0.9999729106685945 0.999973838948391 0.9999747437309536 0.9999756261584138 0.9999764872967607 0.9999773281453588 0.9999781496475239 0.9999789526873502 0.9999797380992279 0.9999805066636136 0.9999812591250072 0.999981996185608 0.9999827184989689 0.9999834266985498 0.9999841213236901 0.9999848030078498 0.999985472287196 0.9999861296640549 0.9999867756238323 0.999987410622323 0.999988035097344 0.9999886494666194 0.9999892541267222 0.999989849458363 0.9999904358253316 0.9999910135744976 0.99999158303581 0.999992144531815 0.9999926983639083 0.9999932448271405 0.9999937842017569 0.9999943167574271 0.999994842757476 0.9999953624493652 0.9999958760742113 0.9999963838636131 0.9999965923628302 0.9999972662773254 0.9999987771370796 0.9999987771370796 0.9999987771370796 0.9999987771370796 0.9999987771370796 0.9999987771370796 1.0 1.0
0.0 1.5 2.5 3.5 4.5 5.5 6.5 7.5 8.5 9.5 10.5 11.5 12.5 13.5 14.5 15.5 16.5 17.5 18.5 19.5 20.5 21.5 22.5 23.5 24.5 25.5 26.5 27.5 28.5 29.5 30.5 31.5 32.5 33.5 34.5 35.5 36.5 37.5 38.5 39.5 40.5 41.5 42.5 43.5 44.5 45.5 46.5 47.5 48.5 49.5 50.5 51.5 52.5 53.5 54.5 55.5 56.5 57.5 58.5 59.5 60.5 61.5 62.5 63.5 64.5 65.5 66.5 67.5 68.5 69.5 70.5 71.5 72.5 73.5 74.5 75.5 76.5 77.5 78.5 79.5 80.5 81.5 82.5 83.5 84.5 85.5 86.5 87.5 88.5 89.5 90.5 91.5 92.5 93.5 94.5 95.5 96.5 97.5 98.5 99.5 100.5 101.5 102.5 103.5 104.5 105.5 106.5 107.5 108.5 109.5 110.5 111.5 112.5 113.5 114.5 115.5 116.5 117.5 118.5 119.5 120.5 121.5 122.5 123.5 124.5 125.5 126.5 127.5 128.5 129.5 130.5 131.5 132.5 133.5 134.5 135.5 136.5 137.5 138.5
0.10913197266744488 0.2742547557813451 0.3547794745822595 0.8634407337185048 0.9154883004594077 0.9530507916423419 0.973506355841924 0.9892422943064703 0.9937377129840629 0.9937461998358936 0.9937565217485539 0.9937703972006028 0.9937886990879494 0.9938160071797869 0.9938582673300953 0.9939232478938032 0.9940178948752779 0.9941547163763024 0.9943568397672926 0.9946808741507367 0.9952402728998266 0.9961605156583359 0.9972237649474167 0.9980108107482182 0.9985099199595058 0.9988329946878964 0.9990544651465888 0.9992143067686678 0.9993345104187794 0.999427639563421 0.9995016304444269 0.9995614461657288 0.9996106933430219 0.9996517585646039 0.9996863697368539 0.9997158660531262 0.9997411992592292 0.9997631231589343 0.9997822072178778 0.9997989309472164 0.9998136671360285 0.9998267146483165 0.9998383210961755 0.9998486900213879 0.9998579900174186 0.9998663675845756 0.9998739379341933 0.999880803865365 0.9998870526328808 0.9998927571916161 0.9998979821759205 0.9999027826235932 0.9999072064857499 0.9999112955442954 0.9999150860235712 0.9999186095394659 0.9999218940063415 0.9999249635632134 0.999927839501769 0.9999305406354657 0.9999330767506759 0.9999354703096551 0.999937734135926 0.9999398796293468 0.9999419169032054 0.9999438550267695 0.9999457020463774 0.9999474651858062 0.9999491509200913 0.9999507650809824 0.9999523129202181 0.9999537991411629 0.9999552280148091 0.9999566034008681 0.9999579288215904 0.9999592074617653 0.9999604422530861 0.9999616358636049 0.9999627907399148 0.9999639091176956 0.9999649930638969 0.9999660444619733 0.9999670650835959 0.9999680565570144 0.9999690203923672 0.9999699579943366 0.9999708706684749 0.9999717595347315 0.9999726258533125 0.9999734706872206 0.9999742950361843 0.9999750998313853 0.9999758859565501 0.9999766542395128 0.9999774054606523 0.999978140352892 0.9999788596164636 0.9999795639083617 0.9999802538528897 0.999980930038495 0.999981593026207 0.999982243349636 0.9999828815139191 0.999983508000993 0.9999841232653754 0.9999847277436571 0.9999853218523912 0.9999859059670034 0.9999864804924471 0.9999870457872747 0.9999876021931655 0.9999881500412532 0.9999886896447441 0.9999892213062983 0.9999897453127582 0.9999902619425288 0.9999907714613611 0.9999912741223507 0.9999917701691022 0.9999922598388933 0.9999927433584556 0.9999932209460841 0.9999936928095284 0.9999941591512652 0.9999946201653345 0.9999950760415584 0.9999955269623766 0.9999959730996835 0.999996414628537 0.9999968517092311 0.9999972846465355 0.9999976179779728 0.9999989330006744 0.9999989330006744 0.9999989330006744 0.9999989330006744 0.9999989330006744 1.0 1.0
0.0 1.5 2.5 3.5 4.5 5.5 6.5 7.5 8.5 9.5 10.5 11.5 12.5 13.5 14.5 15.5 16.5 17.5 18.5 19.5 20.5 21.5 22.5 23.5 24.5 25.5 26.5 27.5 28.5 29.5 30.5 31.5 32.5 33.5 34.5 35.5 36.5 37.5 38.5 39.5 40.5 41.5 42.5 43.5 44.5 45.5 46.5 47.5 48.5 49.5 50.5 51.5 52.5 53.5 54.5 55.5 56.5 57.5 58.5 59.5 60.5 61.5 62.5 63.5 64.5 65.5 66.5 67.5 68.5 69.5 70.5 71.5 72.5 73.5 74.5 75.5 76.5 77.5 78.5 79.5 80.5 81.5 82.5 83.5 84.5 85.5 86.5 87.5 88.5 89.5 90.5 91.5 92.5 93.5 94.5 95.5 96.5 97.5 98.5 99.5 100.5 101.5 102.5 103.5 104.5 105.5 106.5 107.5 108.5 109.5 110.5 111.5 112.5 113.5 114.5 115.5 116.5 117.5 118.5 119.5 120.5 121.5 122.5 123.5 124.5 125.5 126.5 127.5 128.5 129.5 130.5 131.5 132.5 133.5 134.5 135.5 136.5 137.5 138.5 139.5 140.5 141.5 142.5 143.5 144.5 145.5 146.5 147.5
0.10879594501159186 0.2705565139381385 0.35558146809011415 0.863905987952174 0.915676369102347 0.9539993382162578 0.9747021680754101 0.9884380633943368 0.9929125709082086 0.9929213982857785 0.9929323878539873 0.9929466749463853 0.9929664861351511 0.9929961278978847 0.9930420855201367 0.9931131191510634 0.9932183372074672 0.9933714579340456 0.9935994113928507 0.9939660825020602 0.9945996164637038 0.9956420891856977 0.9968412538801706 0.9977298424914611 0.9982946602834609 0.9986613925477523 0.9989140748019827 0.9990969179527388 0.9992352380951111 0.9993427181514649 0.9994283582519325 0.9994977287809521 0.9995546979028906 0.9996022481932657 0.9996423713043899 0.9996765913685185 0.9997059919904379 0.9997314352459228 0.9997535879362449 0.9997729940253133 0.9997900839183764 0.9998052031416468 0.9998186345900979 0.9998306168739887 0.9998413451623822 0.9998509892133504 0.9998596844221357 0.9998675508846661 0.999874690339801 0.9998811888685901 0.9998871224931267 0.9998925558796377 0.9998975458601733 0.9999021417278383 0.9999063864598937 0.9999103176772587 0.9999139686251013 0.9999173678248862 0.9999205407508682 0.999923509830092 0.999926295169927 0.9999289138937957 0.9999313814908044 0.9999337117313905 0.9999359168571142 0.9999380077599067 0.9999399940980532 0.999941884538705 0.9999436868316871 0.9999454049837118 0.9999470486530643 0.999948623354246 0.9999501340745593 0.9999515853268276 0.9999529811915709 0.9999543253697261 0.9999556212248225 0.9999568718251585 0.9999580799648883 0.9999592481956554 0.9999603788265911 0.9999614740402991 0.9999625357979599 0.9999635659257905 0.9999645661023926 0.9999655378935473 0.9999664827385074 0.9999674019826851 0.999968296873433 0.9999691685800786 0.9999700181918146 0.9999708467503867 0.9999716551942087 0.9999724444163561 0.9999732152677276 0.9999739685412308 0.9999747049464753 0.9999754252415733 0.9999761300950133 0.9999768201352162 0.9999774959589713 0.9999781581377624 0.9999788072103868 0.9999794436903363 0.9999800680647428 0.9999806807985959 0.9999812823315793 0.999981873084398 0.9999824534608863 0.9999830238427363 0.9999835845968786 0.9999841360723188 0.9999846786033011 0.9999852125093079 0.9999857380971694 0.9999862556589535 0.9999867654793477 0.9999872678166797 0.9999877629408751 0.9999882510976088 0.9999887325230659 0.9999892074492139 0.9999896760922046 0.9999901386671348 0.9999905953743404 0.999991046408885 0.9999914919605604 0.9999919322128314 0.9999923673375651 0.9999927975055741 0.9999932228813443 0.9999936436198722 0.9999940598751 0.9999944717946434 0.9999948795197917 0.9999952831876167 0.9999956829341355 0.9999960788900938 0.9999964711820191 0.9999968588957485 0.9999971576172354 0.9999983378786832 0.9999983378786832 0.9999983378786832 0.9999983378786832 0.9999983378786832 1.0 1.0
