5.547481 6.0 7.0 8.0 9.0 10.0 11.0 12.0 13.0 14.0 15.0 16.0 17.0 18.0 19.0 20.0 23.0 27.0 30.0 35.0 40.0 50.0 60.0 70.0 80.0 90.0 100.0 110.0 120.0 130.0 140.0 150.0
1.0 1.0 0.01579422 0.1934336 0.3431635 0.3951164 0.4621438 0.4961148 0.5221328 0.5361746 0.5309858 0.521132 0.5194944 0.5262644 0.5205948 0.522936 0.559655 0.5794465 0.5739249 0.5687281 0.552434 0.5623263 0.5488966 0.5290035 0.5078462 0.4893865 0.4694368 0.4472038 0.4381208 0.4287957 0.4192318 0.4099559
0.0 0.1
0.9999999999999999 1.0
0.0 0.375 0.625 0.875 1.125 1.375 1.625 1.875 2.125 2.375 2.625 2.875 3.125 3.375 3.625 3.875 4.125 4.375 4.625 4.875 5.125 5.375 5.625 5.875 6.125 6.375
1.4861285312720151e-05 0.0809599371264453 0.08149914787891235 0.08270718159593524 0.08493558513698475 0.08857018711599918 0.0940149950318555 0.10167884441926832 0.11196428576629949 0.12525879194909234 0.14192775567989305 0.16230933696880417 0.18671088809724792 0.21540675110161725 0.2486374477672632 0.2866093546260827 0.3294965979705848 0.377442953867994 0.43056512318456047 0.48895695661692146 0.5526943797286592 0.6218418929985494 0.7026180425857719 0.7026180425857719 1.0 1.0
0.0 0.375 0.625 0.875 1.125 1.375 1.625 1.875 2.125 2.375 2.625 2.875 3.125 3.375 3.625 3.875 4.125 4.375 4.625 4.875 5.125 5.375 5.625 5.875 6.125 6.375 6.625 6.875 7.125 7.375
5.430300663227057e-08 0.0004062353526153517 0.0004082087403563704 0.00041263386589683094 0.0004208047418947768 0.000434145593524155 0.0004541531709677705 0.00048234817441135315 0.0005202351790386636 0.0005692706850275906 0.0006308376925470463 0.0007062267017546452 0.0007966219627950252 0.0009030932257988398 0.001026590240882086 0.0011679440081462577 0.0013278660276782536 0.0015069562995513545 0.0017057115738262304 0.0019245318505517355 0.0021637371297669526 0.002423578661502568 0.0027042576957831614 0.003005943482629404 0.9978413149863501 0.9981855012783872 0.9985910648279205 0.9985910648279205 1.0 1.0
0.0 0.375 0.625 0.875 1.125 1.375 1.625 1.875 2.125 2.375 2.625 2.875 3.125 3.375 3.625 3.875 4.125 4.375 4.625 4.875 5.125 5.375 5.625 5.875 6.125 6.375 6.625 6.875 7.125 7.375 7.625 7.875 8.125 8.375
1.8045798040188799e-09 2.3128152068234584e-05 5.3036148820163934e-05 5.4813583627130814e-05 5.509111609699021e-05 5.554653604753066e-05 5.623292347298755e-05 5.7204905867428246e-05 5.851731072489835e-05 6.0224020539546116e-05 6.237707030572044e-05 6.502594501804714e-05 6.82170196714898e-05 7.199321926138666e-05 7.63937937834751e-05 8.145414323391064e-05 8.720591760925598e-05 9.36770669064757e-05 0.00010089199112291993 0.00010887194025628086 0.00011763516430457652 0.0001271975132660855 0.00013757271213931733 0.00014877308592293342 0.8870169267701968 0.8870298114687976 0.8870435557173049 0.9998774934633045 0.9998929987866205 0.9999094115598381 0.9999325172573288 0.9999325172573288 1.0 1.0
0.0 0.375 0.625 0.875 1.125 1.375 1.625 1.875 2.125 2.375 2.625 2.875 3.125 3.375 3.625 3.875 4.125 4.375 4.625 4.875 5.125 5.375 5.625 5.875 6.125 6.375 6.625 6.875 7.125 7.375 7.625 7.875 8.125 8.375 8.625 8.875 9.125
4.2043244911372263e-10 6.292469670902369e-06 7.091046184998113e-05 0.00011596445639695279 0.00011602996413902418 0.00011613770462598399 0.00011630041860629021 0.00011653126907834965 0.00011684351154055795 0.00011725022399133224 0.00011776408642913783 0.00011839720635250931 0.00011916098876006629 0.00012006604615052432 0.0001211221335227027 0.00012233812587552728 0.000123722013208031 0.00012528091801935177 0.00012702113780872746 0.00012894820257548865 0.00013106694481905055 0.0001333816170388984 0.00013589596673457862 0.00013861331640568916 0.6964697790372286 0.6964729116368493 0.6964762564364445 0.9999497197060855 0.999953499355628 0.9999575028301435 0.9999617355546312 0.9999662042290903 0.99997091720352 0.999977204427759 0.999977204427759 1.0 1.0
0.0 0.375 0.625 0.875 1.125 1.375 1.625 1.875 2.125 2.375 2.625 2.875 3.125 3.375 3.625 3.875 4.125 4.375 4.625 4.875 5.125 5.375 5.625 5.875 6.125 6.375 6.625 6.875 7.125 7.375 7.625 7.875 8.125 8.375 8.625 8.875 9.125 9.375 9.625 9.875 10.125
2.287679891497589e-10 4.311453563511991e-06 9.162144942248463e-05 0.0001625021960606804 0.00016253820230897268 0.00016259752980615883 0.004317667332735278 0.005702799017039843 0.00570297177328165 0.005703197121020962 0.030805620930437653 0.030805972687920968 0.030806397605400816 0.030806901782876903 0.030807490872848963 0.03080817005531675 0.03080894404278004 0.030809817090238636 0.03081079301019235 0.030811875205141025 0.030813066707584512 0.03081437022752269 0.030815788202455438 0.03081732285488265 0.5731650471318627 0.5731668213167785 0.5731687182716886 0.9975811981422213 0.9975833471521194 0.9975856259220113 0.9975880374643968 0.9975905853392761 0.9975932738141486 0.9975961080140142 0.999973369401263 0.9999765150511138 0.9999798293259566 0.9999841379257522 0.9999841379257522 1.0 1.0
0.0 0.375 0.625 0.875 1.125 1.375 1.625 1.875 2.125 2.375 2.625 2.875 3.125 3.375 3.625 3.875 4.125 4.375 4.625 4.875 5.125 5.375 5.625 5.875 6.125 6.375 6.625 6.875 7.125 7.375 7.625 7.875 8.125 8.375 8.625 8.875 9.125 9.375 9.625 9.875 10.125 10.375 10.625 10.875 11.125
1.6030824503360114e-10 3.891735187682844e-06 9.485298236967536e-05 0.00017134797999983673 0.00017137332749905148 0.00017141513549775623 0.01456067718971398 0.019357212041115852 0.01935733414836207 0.01935749358935713 0.10628949089617705 0.10628974028741933 0.10629004186990998 0.10629040009489889 0.1062908191123859 0.10629130276487092 0.10629185457735382 0.10629247776483453 0.10629317524731291 0.10629394967478893 0.10629480344726248 0.1062957387472335 0.10629675757970194 0.10629786180216774 0.5457648481873449 0.5457661284373052 0.5457674992522628 0.9917322354361376 0.9917337928010895 0.9917354464235382 0.991737198603484 0.9917390519384266 0.9917410094533661 0.9917430746758021 0.9999676544210021 0.9999699481459311 0.9999723642758561 0.9999749095757773 0.9999775920256943 0.9999804210756065 0.999983407825514 0.9999872975503936 0.9999872975503936 1.0 1.0
0.0 0.375 0.625 0.875 1.125 1.375 1.625 1.875 2.125 2.375 2.625 2.875 3.125 3.375 3.625 3.875 4.125 4.375 4.625 4.875 5.125 5.375 5.625 5.875 6.125 6.375 6.625 6.875 7.125 7.375 7.625 7.875 8.125 8.375 8.625 8.875 9.125 9.375 9.625 9.875 10.125 10.375 10.625 10.875 11.125 11.375 11.625 11.875 12.125
1.1605401896149711e-10 4.108641725290825e-06 9.070665587411574e-05 0.00014749916515316536 0.0001475176850061912 0.00014754829001119163 0.02602965251876129 0.034657136428363586 0.034657226299628266 0.03465734385239747 0.1910228194001858 0.19102300391121596 0.19102322742275246 0.19102349337779592 0.19102380502034685 0.1910241653754057 0.191024577260473 0.19102504327554914 0.1910255658231345 0.19102614712072952 0.19102678921583444 0.19102749401094957 0.19102826328857525 0.19102909873871177 0.5834686628574879 0.5834696355201467 0.5834706792028174 0.9851627448333142 0.9851639356110089 0.9851652026862159 0.9851665481064356 0.9851679741616687 0.9851694834094151 0.9851710787696758 0.9999624611863671 0.9999642392541576 0.999966114999464 0.9999680935122872 0.9999701806801282 0.999972383335488 0.9999747094008681 0.9999771680712697 0.9999797700466948 0.9999825277471454 0.9999854556726236 0.9999895628732947 0.9999895628732947 1.0 1.0
0.0 0.375 0.625 0.875 1.125 1.375 1.625 1.875 2.125 2.375 2.625 2.875 3.125 3.375 3.625 3.875 4.125 4.375 4.625 4.875 5.125 5.375 5.625 5.875 6.125 6.375 6.625 6.875 7.125 7.375 7.625 7.875 8.125 8.375 8.625 8.875 9.125 9.375 9.625 9.875 10.125 10.375 10.625 10.875 11.125 11.375 11.625 11.875 12.125 12.375 12.625 12.875
8.591448947429892e-11 4.430085371753896e-06 8.6345575335985e-05 0.00015758606660804957 0.00015759991760635263 0.0001576228533785427 0.02672536959846587 0.0355813960134814 0.0355814637409731 0.035581552485212234 0.19608985782074756 0.19608999759423046 0.1960901671992097 0.19609036935493493 0.24110888883955 0.24110916368451635 0.2411094783694778 0.24110983502943412 0.241110235656885 0.2411106821143303 0.24111117614676977 0.2411117194042032 0.24111231345163045 0.24111295979655123 0.5797796683052433 0.5797804236401508 0.5797812356725514 0.9847701860558608 0.9847711161032467 0.9847721076481252 0.984773162512996 0.9847742827153587 0.9847754704802133 0.9847767282800591 0.9999596164199476 0.9999610230422752 0.9999625092295931 0.9999640790569008 0.9999657371541976 0.999967488828983 0.9999693401462562 0.9999712980635163 0.9999733705682624 0.9999755668404933 0.9999778974577077 0.9999803746274041 0.999983012452081 0.9999858272017362 0.9999902562261936 0.9999902562261936 1.0 1.0
0.0 0.375 0.625 0.875 1.125 1.375 1.625 1.875 2.125 2.375 2.625 2.875 3.125 3.375 3.625 3.875 4.125 4.375 4.625 4.875 5.125 5.375 5.625 5.875 6.125 6.375 6.625 6.875 7.125 7.375 7.625 7.875 8.125 8.375 8.625 8.875 9.125 9.375 9.625 9.875 10.125 10.375 10.625 10.875 11.125 11.375 11.625 11.875 12.125 12.375 12.625 12.875 13.125 13.375 13.625 13.875
7.255200199584376e-11 5.234972696009638e-06 8.514422489424508e-05 0.00017067572724714384 0.0001706874824474672 0.00017070696879800326 0.024979682651271786 0.03324943537876564 0.03324949309776722 0.033249568804269304 0.18313149792739347 0.18313161740689676 0.18313176253590074 0.18313193569715552 0.2665339629914742 0.2665341989104807 0.26653446931548813 0.2698826144075927 0.2698829594176022 0.2698833443251128 0.26988377073512454 0.26988424017263746 0.26988475410265156 0.26988531394266696 0.5677995721380343 0.5678002279705524 0.567800933900572 0.9857656953984263 0.9857665059384485 0.9857673711484725 0.9857682927634978 0.9857692726660247 0.9857703129310532 0.9857714158435836 0.9999490887335993 0.9999503249086333 0.9999516323511692 0.9999530146787072 0.9999544759637474 0.99995602082629 0.999957654506335 0.9999593829413826 0.999961212908933 0.9999631521164862 0.9999652093690429 0.9999673947441031 0.9999697197966672 0.9999721977742352 0.9999748438993079 0.9999776756993858 0.9999807132744692 0.9999839796995592 0.9999892137497033 0.9999892137497033 1.0 1.0
0.0 0.375 0.625 0.875 1.125 1.375 1.625 1.875 2.125 2.375 2.625 2.875 3.125 3.375 3.625 3.875 4.125 4.375 4.625 4.875 5.125 5.375 5.625 5.875 6.125 6.375 6.625 6.875 7.125 7.375 7.625 7.875 8.125 8.375 8.625 8.875 9.125 9.375 9.625 9.875 10.125 10.375 10.625 10.875 11.125 11.375 11.625 11.875 12.125 12.375 12.625 12.875 13.125 13.375 13.625 13.875 14.125 14.375 14.625 14.875
7.258501263373645e-11 6.6139737361908324e-06 9.185748857319453e-05 0.00017493800303371862 0.0001749487863855955 0.00017496658011369258 0.02237663294441007 0.029777279232524677 0.029777332054033868 0.02977743863755242 0.16390791198354338 0.16390802150906245 0.16390820122384372 0.1639083601971214 0.2539587508707827 0.25395897016057084 0.25395921900086416 0.2738523474633495 0.2738526920284095 0.2738530471309713 0.27385344086853985 0.27385387472111533 0.2738543501236981 0.2738548684712883 0.553020667061307 0.5530212859989148 0.5530219589365318 0.9872395345139853 0.9872402885891166 0.9872412414517825 0.987242100551932 0.987243014879591 0.9872439864697601 0.9872450175549395 0.9999327597632962 0.9999339175534977 0.9999351431462111 0.9999364399889369 0.9999378119391756 0.9999392633469283 0.9999407991046957 0.9999424247299786 0.9999441464777783 0.9999459714205959 0.9999479075934329 0.999949964136291 0.9999521514516716 0.9999544814220771 0.9999569676175099 0.9999596255679725 0.9999624730184682 0.9999655301690002 0.999968819994573 0.9999724633202071 0.9999762986708746 0.9999804518715976 0.9999870649727486 0.9999870649727486 1.0 1.0
0.0 0.375 0.625 0.875 1.125 1.375 1.625 1.875 2.125 2.375 2.625 2.875 3.125 3.375 3.625 3.875 4.125 4.375 4.625 4.875 5.125 5.375 5.625 5.875 6.125 6.375 6.625 6.875 7.125 7.375 7.625 7.875 8.125 8.375 8.625 8.875 9.125 9.375 9.625 9.875 10.125 10.375 10.625 10.875 11.125 11.375 11.625 11.875 12.125 12.375 12.625 12.875 13.125 13.375 13.625 13.875 14.125 14.375 14.625 14.875 15.125 15.375 15.625 15.875
4.627885395862741e-06 1.704473828849346e-05 0.00011144845035252464 0.00017923710262974507 0.00017924993848357894 0.00017926759702324623 0.019997187115059777 0.02660327945467298 0.02660334068731053 0.026603817270881104 0.14633316122521325 0.14633333541060456 0.14633397984205215 0.14633436849542522 0.22063081039143626 0.22063106952951836 0.22063131909557898 0.2793205259322358 0.2793211384836118 0.27932158824462205 0.27932198974302397 0.279322400171446 0.27932283932743246 0.27932331551100215 0.5489369211582467 0.5489376177098113 0.5489385024317986 0.9885782400176994 0.9885789776893564 0.9885814602874333 0.9885829821558518 0.9885840547382613 0.9885850180379251 0.9885859879301039 0.999911553371318 0.9999126300737367 0.9999137709037994 0.9999149791440134 0.9999162584643873 0.9999176129599299 0.9999190472281518 0.9999205664340646 0.999922176385181 0.9999238836390162 0.9999256955930865 0.9999276206299107 0.9999296682595104 0.9999318492719097 0.9999341759571362 0.9999366623077214 0.9999393242637011 0.9999421798701157 0.9999452496020115 0.9999497663371576 0.9999538636213615 0.9999579391805166 0.9999621929150719 0.9999667314502672 0.9999716163362403 0.999976882073069 0.9999851243915842 0.9999851243915842 1.0 1.0
0.0 0.375 0.625 0.875 1.125 1.375 1.625 1.875 2.125 2.375 2.625 2.875 3.125 3.375 3.625 3.875 4.125 4.375 4.625 4.875 5.125 5.375 5.625 5.875 6.125 6.375 6.625 6.875 7.125 7.375 7.625 7.875 8.125 8.375 8.625 8.875 9.125 9.375 9.625 9.875 10.125 10.375 10.625 10.875 11.125 11.375 11.625 11.875 12.125 12.375 12.625 12.875 13.125 13.375 13.625 13.875 14.125 14.375 14.625 14.875 15.125 15.375 15.625 15.875 16.125 16.375 16.625
1.1306588693374996e-05 3.3957941295177315e-05 0.00013619601723264936 0.0001967753584940859 0.00019757042047290635 0.00019800930044524767 0.017408051249727236 0.02314482106665687 0.02314490250736565 0.023145828552582338 0.12711903926458434 0.1271193876315468 0.12712065331117672 0.12712148700587317 0.18966936435665868 0.18966972510369087 0.18967001466532205 0.309938142171434 0.30993879776512717 0.3099392436426389 0.3099396371698558 0.309940030407071 0.3099404409493838 0.3099408781093464 0.5629888036035292 0.5629902198965075 0.5629911724893738 0.9900475782250499 0.9900521518758145 0.9900549934168217 0.9900565512130971 0.9900576709394049 0.9900586599749764 0.9900596155928598 0.9998947409970448 0.9998957415401811 0.9998967835560512 0.9998978819247386 0.9998990455512937 0.9999002786607402 0.9999015855031022 0.9999029708134061 0.9999044398991819 0.9999059987379632 0.999907654047288 0.999909413412199 0.9999112853852443 0.9999132796539786 0.9999154072109637 0.99991768052627 0.999920113749977 0.9999227228896752 0.9999255259804658 0.9999315384143358 0.999936323041289 0.9999405848652971 0.9999447871889702 0.999949135413465 0.9999537175392774 0.999958579441666 0.9999637402207381 0.9999691951264672 0.9999749543839107 0.9999845244628217 0.9999845244628217 1.0 1.0
0.0 0.375 0.625 0.875 1.125 1.375 1.625 1.875 2.125 2.375 2.625 2.875 3.125 3.375 3.625 3.875 4.125 4.375 4.625 4.875 5.125 5.375 5.625 5.875 6.125 6.375 6.625 6.875 7.125 7.375 7.625 7.875 8.125 8.375 8.625 8.875 9.125 9.375 9.625 9.875 10.125 10.375 10.625 10.875 11.125 11.375 11.625 11.875 12.125 12.375 12.625 12.875 13.125 13.375 13.625 13.875 14.125 14.375 14.625 14.875 15.125 15.375 15.625 15.875 16.125 16.375 16.625 16.875 17.125 17.375 17.625
1.5083912728264223e-05 4.6839650051909094e-05 0.00014987217005617441 0.0002077208523830954 0.00020981540553654987 0.00021120485092044488 0.01522674956824249 0.020232129475498743 0.020233137073028932 0.020234069812499676 0.1109446477298398 0.11094613435844998 0.1109473303998885 0.11094811130822453 0.16460988734467819 0.16461027834510028 0.1646105996700017 0.3586881000907341 0.35868899960745654 0.35868957332424417 0.35870144981300206 0.35870187548618326 0.3587022961268269 0.35870272550253585 0.5999198532170302 0.5999213834184661 0.5999224366338373 0.991272361352278 0.9912777672176782 0.991281791447753 0.9912840642872389 0.9912855608709235 0.9912867505898146 0.9912878130277546 0.9998686346557527 0.9998696424457842 0.9998706674684446 0.9998717249188475 0.9998728280320914 0.9998739849107373 0.9998751991973122 0.9998764825344032 0.9998778438470768 0.9998792890578775 0.9998808243768516 0.9998824567915513 0.9998841941795356 0.9998860454308707 0.9998880206006319 0.9998901310664042 0.9998923897032841 0.99989481106388 0.999897411483314 0.9999041503836765 0.9999096352496671 0.9999143138096318 0.9999187285926253 0.9999231320755343 0.9999276464592721 0.9999323398943482 0.9999372604811217 0.9999424217946944 0.9999478244600708 0.999953459127181 0.9999593236710093 0.9999654234665956 0.999971800939257 0.9999828839470848 0.9999828839470848 1.0 1.0
0.0 0.375 0.625 0.875 1.125 1.375 1.625 1.875 2.125 2.375 2.625 2.875 3.125 3.375 3.625 3.875 4.125 4.375 4.625 4.875 5.125 5.375 5.625 5.875 6.125 6.375 6.625 6.875 7.125 7.375 7.625 7.875 8.125 8.375 8.625 8.875 9.125 9.375 9.625 9.875 10.125 10.375 10.625 10.875 11.125 11.375 11.625 11.875 12.125 12.375 12.625 12.875 13.125 13.375 13.625 13.875 14.125 14.375 14.625 14.875 15.125 15.375 15.625 15.875 16.125 16.375 16.625 16.875 17.125 17.375 17.625 17.875 18.125 18.375 18.625
1.3573893713276495e-05 4.6212119045454535e-05 0.00011455034084807877 0.00017795152856574183 0.000180773623049298 0.00018272395901429024 0.014197380715290076 0.018868792966415446 0.018868905954945513 0.01886979848610749 0.10353363299969663 0.10353401069230421 0.10353529175114855 0.10353607039652428 0.1520848805743419 0.15208535455761427 0.1520857469903236 0.4192938417775746 0.4192948596221018 0.41929552876172144 0.41939752271588104 0.4193980102392469 0.41939848882505104 0.41939897052337666 0.6999284072803034 0.6999292183959033 0.6999303695563508 0.991811134682108 0.9918119541627658 0.9918161833669639 0.9918187301095465 0.9918204172411944 0.9918217866181486 0.9918230287042238 0.9998320414979254 0.9998331980859104 0.9998343479688491 0.999835505124338 0.9998366834474731 0.9998378992158666 0.9998391600145711 0.9998404763161588 0.9998418576756957 0.9998433141957513 0.9998448503788571 0.9998464804901114 0.9998482157820916 0.9998500650998593 0.9998520384009828 0.99985414694054 0.9998564034361186 0.9998588222253177 0.9998614193932485 0.9998669621815155 0.9998716041635635 0.9998759163183343 0.9998802329981363 0.9998846958789478 0.9998893549361136 0.9998942353198075 0.9998993302799828 0.9999046332915944 0.9999101302045448 0.9999158269688749 0.9999217226595783 0.9999278337767691 0.9999341907456571 0.9999408655667398 0.9999479176404268 0.9999554276422753 0.9999634786228587 0.9999780589235202 0.9999780589235202 1.0 1.0
0.0 0.375 0.625 0.875 1.125 1.375 1.625 1.875 2.125 2.375 2.625 2.875 3.125 3.375 3.625 3.875 4.125 4.375 4.625 4.875 5.125 5.375 5.625 5.875 6.125 6.375 6.625 6.875 7.125 7.375 7.625 7.875 8.125 8.375 8.625 8.875 9.125 9.375 9.625 9.875 10.125 10.375 10.625 10.875 11.125 11.375 11.625 11.875 12.125 12.375 12.625 12.875 13.125 13.375 13.625 13.875 14.125 14.375 14.625 14.875 15.125 15.375 15.625 15.875 16.125 16.375 16.625 16.875 17.125 17.375 17.625 17.875 18.125 18.375 18.625 18.875 19.125 19.375 19.625
1.1715342527536007e-05 4.733179782170147e-05 8.54537675577167e-05 0.00016410572090960114 0.0001669909875403523 0.00016934798862616726 0.01268954015533622 0.016863391713524082 0.016863538148618136 0.01686439749607144 0.09249508343329271 0.09249548955813364 0.09249689611124104 0.0924977133459516 0.1346398062540603 0.13464029714688983 0.1346407053092425 0.47490016657353906 0.4749012108120581 0.4749019425962761 0.498997696484822 0.4989982106952859 0.4989987140456872 0.4989992210561096 0.8022647190862494 0.8022655763361907 0.8022667965407239 0.9926182687315113 0.9926191092288559 0.9926232796528943 0.9926259893685132 0.9926277181109778 0.9926290917088952 0.9926303373460751 0.9997849685855537 0.999786156717402 0.999787357091821 0.999788579686368 0.9997898324310889 0.9997911212585177 0.9997924458311525 0.9997938120890275 0.9997952204946456 0.9997966852430885 0.999798216199413 0.9997998222936706 0.9998015176184425 0.9998033153313045 0.9998052222897964 0.9998072564640215 0.9998094334790698 0.9998117670650206 0.9998142726294628 0.999819876411763 0.9998245415886533 0.9998287780130721 0.9998329740372581 0.9998372988621864 0.9998418223382599 0.9998465791406783 0.9998515914695695 0.999856864599964 0.9998623741567213 0.9998680832396286 0.9998739563984818 0.9998799882082492 0.9998862079190997 0.9998926982815103 0.9998995264958683 0.9999067602375638 0.9999144766070411 0.9999227612797942 0.9999316983063073 0.9999413969872109 0.9999519714481622 0.9999713548348884 0.9999713548348884 1.0 1.0
0.0 0.75 1.25 1.75 2.25 2.75 3.25 3.75 4.25 4.75 5.25 5.75 6.25 6.75 7.25 7.75 8.25 8.75 9.25 9.75 10.25 10.75 11.25 11.75 12.25 12.75 13.25 13.75 14.25 14.75 15.25 15.75 16.25 16.75 17.25 17.75 18.25 18.75 19.25 19.75 20.25 20.75 21.25 21.75 22.25
5.146782760154739e-05 0.00012329218029528288 0.0008562690872770083 0.010888407864139847 0.0539871845878192 0.05406162700804542 0.0540635520127005 0.07856929913317873 0.5612277492041268 0.6358952252356175 0.6444383406034415 0.8696636002405904 0.8703969111561879 0.9954090358170659 0.9955061253214686 0.9955087212184291 0.9955120861002257 0.9995933583757666 0.9995956807856725 0.9995981561345237 0.9996008402587601 0.9996038300958824 0.9996071432913455 0.9996108221362405 0.9996148700456554 0.9996193537313113 0.9996276244946538 0.9996345641236601 0.9996418930127073 0.9996500245224578 0.9996591144069294 0.9996690286126643 0.9996796771873421 0.9996912407856225 0.999704127168024 0.9997188206470391 0.9997358833371675 0.9997559625051052 0.9997797553188358 0.9998082993051217 0.9998428562965119 0.9998849052811565 0.9999342538040911 1.0 1.0
0.0 0.75 1.25 1.75 2.25 2.75 3.25 3.75 4.25 4.75 5.25 5.75 6.25 6.75 7.25 7.75 8.25 8.75 9.25 9.75 10.25 10.75 11.25 11.75 12.25 12.75 13.25 13.75 14.25 14.75 15.25 15.75 16.25 16.75 17.25 17.75 18.25 18.75 19.25 19.75 20.25 20.75 21.25 21.75 22.25 22.75 23.25 23.75 24.25 24.75 25.25 25.75 26.25
5.365843793855159e-05 0.00013873471781227428 0.005865553185064925 0.025136229600555157 0.05940270787346858 0.059766843131563406 0.06036371862662993 0.07757138975771487 0.5150519633599389 0.635112830750463 0.6756175111946869 0.8894478914201471 0.8976047900086747 0.9897673597807586 0.9942429707181581 0.9942459316675056 0.9951812602324359 0.9987272642582341 0.9987295367541323 0.9990996461723227 0.9991023636501456 0.9991093406371149 0.9991125924842578 0.9991164754483135 0.9991205307519876 0.9991250355027059 0.9991301051885634 0.9991373680331931 0.9991447532811029 0.999152881098912 0.9991618467391733 0.9991715577994102 0.9991818551253578 0.9991928629703462 0.9992049534943479 0.9992186106103312 0.999234402533523 0.9992529847314888 0.999275116024563 0.9993016788863944 0.9993337171949569 0.9993724251822533 0.9994190077805736 0.9994743437634669 0.9995384449812511 0.9996099203966489 0.999685850931435 0.9997624099830641 0.9998358529511884 0.999903476763371 0.9999596267680785 1.0 1.0
0.0 0.75 1.25 1.75 2.25 2.75 3.25 3.75 4.25 4.75 5.25 5.75 6.25 6.75 7.25 7.75 8.25 8.75 9.25 9.75 10.25 10.75 11.25 11.75 12.25 12.75 13.25 13.75 14.25 14.75 15.25 15.75 16.25 16.75 17.25 17.75 18.25 18.75 19.25 19.75 20.25 20.75 21.25 21.75 22.25 22.75 23.25 23.75 24.25 24.75 25.25 25.75 26.25 26.75 27.25 27.75 28.25 28.75 29.25
7.754350072139643e-05 0.00023818371705841768 0.010752275583657612 0.03935076726706889 0.07397009194024988 0.07576857153649141 0.07790875935590662 0.09285757783429671 0.4664788359551318 0.6097582304758306 0.6710399519108445 0.8794695675669155 0.8919592908850486 0.9800893012754152 0.9881305124482949 0.9881326143996346 0.9906034515142732 0.9958178232961997 0.9958199956902654 0.9988127760026783 0.9988158848929838 0.9989466739541628 0.9989499059292315 0.998953478932497 0.9989577701285546 0.9989623167944981 0.9989691931105928 0.9989757455641549 0.9989828945408007 0.9989908550488507 0.9989996706899917 0.9990091909584 0.9990193303507668 0.9990302373728387 0.999042289189211 0.9990559289170311 0.9990716742763334 0.9990901038395071 0.9991118967828344 0.9991378882886346 0.9991690705953046 0.9992066071978682 0.9992516657415106 0.999305061307773 0.99936678419628 0.9994354803546334 0.9995082991725226 0.9995814525033564 0.9996512747052847 0.999715134676491 0.999771794369066 0.9998211700297691 0.9998638456311982 0.9999006894069516 0.99993260919216 0.999960430668775 0.9999846636065235 1.0 1.0
0.0 0.75 1.25 1.75 2.25 2.75 3.25 3.75 4.25 4.75 5.25 5.75 6.25 6.75 7.25 7.75 8.25 8.75 9.25 9.75 10.25 10.75 11.25 11.75 12.25 12.75 13.25 13.75 14.25 14.75 15.25 15.75 16.25 16.75 17.25 17.75 18.25 18.75 19.25 19.75 20.25 20.75 21.25 21.75 22.25 22.75 23.25 23.75 24.25 24.75 25.25 25.75 26.25 26.75 27.25 27.75 28.25 28.75 29.25 29.75 30.25 30.75 31.25 31.75 32.25 32.75 33.25 33.75
0.001527986515918081 0.0019347490520179066 0.023735562520840154 0.06259340789726968 0.10754825793060278 0.11234115448784543 0.11695088220788266 0.1309956644635417 0.4091782383275546 0.5842957789043299 0.6599516371122567 0.8687523925797938 0.8853268360632868 0.9708689417626007 0.9812278350875966 0.9812314561320229 0.9850762063426908 0.9920520469322852 0.9920541203001636 0.9984513991964462 0.9984553046930328 0.9988598355253755 0.9988630501595346 0.9988665961116329 0.9988718081406698 0.9988764856866647 0.9988815858302845 0.998888286445758 0.9988953760582049 0.9989032685836222 0.9989120339253768 0.9989215862179157 0.9989318055697101 0.9989428118722888 0.9989549510397346 0.9989686407909477 0.9989843981206193 0.9990028343954871 0.9990246498000952 0.9990506821740787 0.9990819127665556 0.9991194419175624 0.9991643545053313 0.9992174030043264 0.9992785371761941 0.9993463674600973 0.9994179881377137 0.9994895943042518 0.9995575767042856 0.999619413412493 0.9996740085922758 0.9997213429789268 0.999762029740559 0.9997969421438534 0.9998269767732921 0.9998529502523131 0.9998755612142763 0.9998953884010127 0.9999129041731379 0.9999284912728502 0.9999424584358487 0.9999550580047802 0.9999664992394007 0.9999769528700514 0.9999865599043821 0.9999951105822552 1.0 1.0
0.0 0.75 1.25 1.75 2.25 2.75 3.25 3.75 4.25 4.75 5.25 5.75 6.25 6.75 7.25 7.75 8.25 8.75 9.25 9.75 10.25 10.75 11.25 11.75 12.25 12.75 13.25 13.75 14.25 14.75 15.25 15.75 16.25 16.75 17.25 17.75 18.25 18.75 19.25 19.75 20.25 20.75 21.25 21.75 22.25 22.75 23.25 23.75 24.25 24.75 25.25 25.75 26.25 26.75 27.25 27.75 28.25 28.75 29.25 29.75 30.25 30.75 31.25 31.75 32.25 32.75 33.25 33.75 34.25 34.75 35.25 35.75 36.25 36.75 37.25 37.75 38.25
0.00513400539684764 0.006780392900226386 0.038144494313636486 0.08517447252115401 0.14449902043806181 0.15319056977095985 0.1603146356308066 0.17439363429268404 0.4017278636695476 0.5876459488158883 0.665425098936657 0.8623821989991134 0.8837394182272382 0.9652962910421623 0.9774106393023941 0.9786046194364401 0.9829057798700923 0.9903658560697557 0.9903679949462558 0.9982493999399158 0.9982537619135591 0.9988040238352042 0.9988072102538903 0.9988107599627651 0.9988155511704434 0.9988201737463474 0.9988266459681889 0.998832971765116 0.9988399406586639 0.99884777135883 0.9988565297342682 0.9988661106658255 0.998876427180812 0.9988876094625566 0.998899994223196 0.9989139876026335 0.9989300941427267 0.9989489152333081 0.9989711687624987 0.9989977124765205 0.9990295407213529 0.9990677670481951 0.9991134703695557 0.9991673658666248 0.9992293400488147 0.999297949720887 0.9993702819243385 0.9994425153749376 0.9995110002274148 0.9995732125192742 0.9996280153395046 0.9996753925969054 0.9997159931027294 0.9997507185156342 0.9997804943052445 0.9998061558605374 0.9998284089887013 0.9998478430988926 0.9998649366160977 0.9998800813936398 0.9998935940421868 0.9999057299155613 0.999916695993726 0.999926661409739 0.9999357656708023 0.9999441248741779 0.9999518361184826 0.9999589810628008 0.9999656286837442 0.999971837781869 0.9999776585356553 0.9999831348074102 0.9999883046445528 0.9999932010014609 0.9999976471506319 1.0 1.0
0.0 0.75 1.25 1.75 2.25 2.75 3.25 3.75 4.25 4.75 5.25 5.75 6.25 6.75 7.25 7.75 8.25 8.75 9.25 9.75 10.25 10.75 11.25 11.75 12.25 12.75 13.25 13.75 14.25 14.75 15.25 15.75 16.25 16.75 17.25 17.75 18.25 18.75 19.25 19.75 20.25 20.75 21.25 21.75 22.25 22.75 23.25 23.75 24.25 24.75 25.25 25.75 26.25 26.75 27.25 27.75 28.25 28.75 29.25 29.75 30.25 30.75 31.25 31.75 32.25 32.75 33.25 33.75 34.25 34.75 35.25 35.75 36.25 36.75 37.25 37.75 38.25 38.75 39.25 39.75 40.25 40.75 41.25 41.75 42.25 42.75 43.25 43.75 44.25 44.75 45.25 45.75 46.25 46.75 47.25 47.75
0.012178286254445614 0.01605351618526548 0.05761489177648106 0.11548091245241059 0.19131513148358736 0.20566076510555123 0.21874148814946673 0.23518395738289105 0.4007813471967808 0.6001316185014695 0.6698272853686823 0.8541922616490524 0.8850927547201676 0.9613194994219725 0.9755153716478032 0.979021867400488 0.9834580066046578 0.9906129452119564 0.990615495290717 0.9982654045934077 0.9982696972839219 0.998832128770112 0.9988351702227992 0.9988385397460577 0.9988429878572193 0.9988471396449521 0.998852773894944 0.9988583507475516 0.9988644940786388 0.9988714214549781 0.9988792093393428 0.9988878145705097 0.9988971819644902 0.9989074265675755 0.998918848898586 0.9989318045597217 0.9989467458886514 0.9989642258822606 0.9989849119800723 0.9990096197682325 0.9990393007052232 0.9990750031359085 0.9991177628290389 0.9991682906368828 0.9992265265965286 0.999291153234272 0.9993594526003524 0.9994278138409137 0.9994927604149978 0.9995518349499262 0.9996039055954373 0.9996489221476843 0.999687472967585 0.9997204065404 0.9997485982642734 0.9997728461690965 0.9997938309244637 0.9998121148335852 0.9998281560191423 0.9998423252752803 0.9998549228189934 0.9998661926771977 0.9998763332003634 0.9998855075258416 0.9998938508217057 0.9999014746632392 0.9999084718118592 0.999914920289777 0.9999208861970478 0.9999264256734445 0.9999315867597227 0.9999364109168153 0.9999409338457944 0.9999451864688095 0.9999491954019478 0.9999529841323603 0.9999565732194781 0.9999599809540014 0.9999632236597261 0.9999663157639703 0.9999692700994006 0.9999720981052505 0.9999748099882939 0.999977414959277 0.999979921323465 0.999982336636588 0.9999846677249599 0.9999869208414249 0.9999891016351734 0.9999912153278081 0.9999932667435263 0.999995260299059 0.9999972000841586 0.9999990557048727 1.0 1.0
0.0 0.75 1.25 1.75 2.25 2.75 3.25 3.75 4.25 4.75 5.25 5.75 6.25 6.75 7.25 7.75 8.25 8.75 9.25 9.75 10.25 10.75 11.25 11.75 12.25 12.75 13.25 13.75 14.25 14.75 15.25 15.75 16.25 16.75 17.25 17.75 18.25 18.75 19.25 19.75 20.25 20.75 21.25 21.75 22.25 22.75 23.25 23.75 24.25 24.75 25.25 25.75 26.25 26.75 27.25 27.75 28.25 28.75 29.25 29.75 30.25 30.75 31.25 31.75 32.25 32.75 33.25 33.75 34.25 34.75 35.25 35.75 36.25 36.75 37.25 37.75 38.25 38.75 39.25 39.75 40.25 40.75 41.25 41.75 42.25 42.75 43.25 43.75 44.25 44.75 45.25 45.75 46.25 46.75 47.25 47.75 48.25 48.75 49.25 49.75 50.25 50.75 51.25 51.75 52.25 52.75 53.25 53.75 54.25 54.75 55.25 55.75 56.25 56.75 57.25
0.02427837402326296 0.031927671293655244 0.07657039628796539 0.1387838062655997 0.21928115568338255 0.24013778077131023 0.2612815143103449 0.2813185647847615 0.4222372306066676 0.6216176608373303 0.6833094142986494 0.8508598396026376 0.8930976207699852 0.964449432677201 0.9790713362878432 0.9800352186645025 0.9844991364091624 0.9915112060547501 0.9915140056771766 0.998260818955839 0.9982648868240416 0.9987637828612905 0.9987668301997127 0.9987701914126057 0.9987747499506845 0.9987790808485478 0.9987838497445662 0.9987896425711528 0.9987960482479926 0.9988033143443212 0.9988115251713297 0.9988206459620381 0.9988306120407551 0.998841527455385 0.9988536971128457 0.9988675502107424 0.9988835218170875 0.998902206310595 0.9989243236258402 0.9989507505789659 0.9989825019912879 0.999020769150582 0.9990652007433504 0.9991177338014922 0.9991782890745124 0.9992454753771536 0.9993164506226913 0.9993874547141947 0.999454879375605 0.9995161785708983 0.9995701918825426 0.99961686920965 0.9996568272486029 0.9996909501535529 0.9997201410056541 0.9997452297083997 0.9997669238482677 0.9997858083910777 0.999802359902547 0.9998169640076906 0.999829932647794 0.9998415197179618 0.9998519304800129 0.9998613349733242 0.9998698721139935 0.9998776580449881 0.9998847887677058 0.9998913456075272 0.9998973976429492 0.9999030027177238 0.9999082107809181 0.999913064843385 0.999917602192331 0.9999218547151993 0.9999258504684877 0.999929614016813 0.999933166903557 0.99993652811645 0.9999397144620625 0.9999427408896898 0.9999456207089616 0.9999483658580594 0.9999509870605973 0.9999534939217757 0.9999558951257485 0.9999581984912908 0.9999604110831336 0.9999625393131784 0.9999645890265288 0.9999665655774012 0.9999684738594881 0.9999703183515051 0.9999721031475554 0.9999738319976142 0.9999755083530762 0.9999771353971191 0.9999787160953103 0.9999802531905472 0.9999817492384809 0.9999832065973957 0.9999846274585729 0.9999860138665336 0.9999873677240994 0.9999886908227562 0.9999899848325342 0.9999912513273095 0.9999924917848051 0.9999937075916517 0.9999949000636305 0.9999960704456724 0.9999972199169194 0.9999983495907248 0.9999994485258643 1.0 1.0
0.0 0.75 1.25 1.75 2.25 2.75 3.25 3.75 4.25 4.75 5.25 5.75 6.25 6.75 7.25 7.75 8.25 8.75 9.25 9.75 10.25 10.75 11.25 11.75 12.25 12.75 13.25 13.75 14.25 14.75 15.25 15.75 16.25 16.75 17.25 17.75 18.25 18.75 19.25 19.75 20.25 20.75 21.25 21.75 22.25 22.75 23.25 23.75 24.25 24.75 25.25 25.75 26.25 26.75 27.25 27.75 28.25 28.75 29.25 29.75 30.25 30.75 31.25 31.75 32.25 32.75 33.25 33.75 34.25 34.75 35.25 35.75 36.25 36.75 37.25 37.75 38.25 38.75 39.25 39.75 40.25 40.75 41.25 41.75 42.25 42.75 43.25 43.75 44.25 44.75 45.25 45.75 46.25 46.75 47.25 47.75 48.25 48.75 49.25 49.75 50.25 50.75 51.25 51.75 52.25 52.75 53.25 53.75 54.25 54.75 55.25 55.75 56.25 56.75 57.25 57.75 58.25 58.75 59.25 59.75 60.25 60.75 61.25 61.75 62.25 62.75 63.25 63.75 64.25 64.75 65.25 65.75 66.25 66.75
0.03664415183492092 0.04677514284270506 0.09042477010797628 0.15271695706825222 0.23276496413571565 0.2589387844062899 0.2876447847142536 0.31004324717542453 0.4433481749309772 0.6422564657048988 0.699722162443825 0.8563357187476943 0.8935722590831303 0.9647218114491429 0.9796456320420975 0.9808560845067579 0.9853036250069666 0.9920575137855415 0.992060038908607 0.9982018193796905 0.9982057804183471 0.9986520895989244 0.9986551749060547 0.9986593372313441 0.9986633531982932 0.998667713016966 0.9986726044303113 0.9986785672661358 0.998685172968686 0.9986926984706502 0.9987012461133968 0.9987107987381991 0.9987212846042666 0.9987327984664686 0.9987456389477534 0.9987602830810969 0.9987771813212689 0.9987969829504242 0.9988204849074185 0.9988486432948476 0.9988825706804941 0.9989235897629013 0.9989727947800541 0.9990310010515218 0.9990980397395045 0.9991722484332151 0.9992503639195652 0.9993282044589554 0.9994018637679067 0.9994686331097007 0.9995273419231123 0.9995779895462322 0.9996213092218705 0.9996582661156894 0.9996898601690503 0.9997169822101039 0.9997404113061537 0.9997607885418616 0.9997786289336171 0.999794347193085 0.9998082849673214 0.9998205646077236 0.9998315879950983 0.9998415338449698 0.9998505522070955 0.9998587691497485 0.9998662848249046 0.9998731862991014 0.9998795481644308 0.9998854314693012 0.9998908895228732 0.9998959688013663 0.9999007093146548 0.9999051444942525 0.9999093043755689 0.9999132153178709 0.9999169003148711 0.9999203800843319 0.9999236721923092 0.9999267926213679 0.9999297556280169 0.9999325739209158 0.9999352589001805 0.9999378208050391 0.9999402688665815 0.9999426114197738 0.9999448561223979 0.9999470097004711 0.9999490783861246 0.9999510678615955 0.9999529833254179 0.9999548295280645 0.9999566108279536 0.9999583312372743 0.9999599944474441 0.9999616038545671 0.9999631625950751 0.9999646735762778 0.9999661394916373 0.9999675628411341 0.9999689459414508 0.9999702909616135 0.9999715999128084 0.9999728746738394 0.9999741169962209 0.9999753285194513 0.9999765107710135 0.9999776651918334 0.9999787931362795 0.9999798958772541 0.9999809746061944 0.9999820304483459 0.9999830644627636 0.9999840776423119 0.99998507093403 0.9999860452340414 0.9999870013926452 0.9999879402143156 0.9999888624577025 0.9999897688458147 0.9999906600711113 0.9999915367853183 0.9999923996096122 0.9999932491448029 0.999994085961151 0.9999949106034588 0.999995723596162 0.9999965254382384 0.9999973166082995 0.9999980975696816 0.999998868770447 0.9999996244672587 1.0 1.0
0.0 0.75 1.25 1.75 2.25 2.75 3.25 3.75 4.25 4.75 5.25 5.75 6.25 6.75 7.25 7.75 8.25 8.75 9.25 9.75 10.25 10.75 11.25 11.75 12.25 12.75 13.25 13.75 14.25 14.75 15.25 15.75 16.25 16.75 17.25 17.75 18.25 18.75 19.25 19.75 20.25 20.75 21.25 21.75 22.25 22.75 23.25 23.75 24.25 24.75 25.25 25.75 26.25 26.75 27.25 27.75 28.25 28.75 29.25 29.75 30.25 30.75 31.25 31.75 32.25 32.75 33.25 33.75 34.25 34.75 35.25 35.75 36.25 36.75 37.25 37.75 38.25 38.75 39.25 39.75 40.25 40.75 41.25 41.75 42.25 42.75 43.25 43.75 44.25 44.75 45.25 45.75 46.25 46.75 47.25 47.75 48.25 48.75 49.25 49.75 50.25 50.75 51.25 51.75 52.25 52.75 53.25 53.75 54.25 54.75 55.25 55.75 56.25 56.75 57.25 57.75 58.25 58.75 59.25 59.75 60.25 60.75 61.25 61.75 62.25 62.75 63.25 63.75 64.25 64.75 65.25 65.75 66.25 66.75 67.25 67.75 68.25 68.75 69.25 69.75 70.25 70.75 71.25 71.75 72.25 72.75 73.25 73.75 74.25 74.75 75.25 75.75 76.25
0.043886113944839114 0.057462591937601504 0.10166585569655559 0.16210101433618962 0.2410045238513889 0.270582796021905 0.3035456261357096 0.3266264097794563 0.456121466743309 0.6517070131334518 0.7052439538177546 0.8593151066434441 0.8958412529833399 0.9658072571356343 0.9803038466863251 0.9817318087679537 0.986042420868156 0.992469425980994 0.992472191982342 0.9981340376561058 0.9981379473343889 0.9985411135862147 0.9985443251087563 0.998548617382088 0.9985528104860636 0.9985573502688986 0.9985624515634663 0.998568682094913 0.9985755770426504 0.9985834581143589 0.9985924470745556 0.9986025533762142 0.9986137020598101 0.9986259747785949 0.9986396760716051 0.9986553251881177 0.9986733888495354 0.9986945745981463 0.9987197512899538 0.9987499663144159 0.9987865850896761 0.9988308257207836 0.9988840020177565 0.9989470002096301 0.9990196251052766 0.9991000034830387 0.9991845181753997 0.999268598030982 0.9993480786317521 0.9994200024744488 0.9994831958574498 0.9995376838183604 0.999584335366475 0.9996241692257486 0.9996581966088546 0.9996874228522938 0.9997126568751078 0.9997345939051708 0.9997538148660244 0.9997707481562059 0.9997857570253815 0.999799142078107 0.999811145106114 0.9998219628334448 0.9998317589242827 0.9998406696547371 0.9998488131614274 0.9998562814192303 0.9998631559792034 0.9998695041873954 0.9998753842434644 0.9998808478066329 0.9998859375685729 0.9998906931704562 0.9998951459552771 0.9998993249359994 0.9999032558911374 0.9999069614158521 0.9999104607073445 0.9999137713685841 0.9999168920965932 0.9999198559818887 0.9999226754002014 0.9999253614447233 0.9999279241304965 0.999930372486388 0.9999327148514535 0.9999349584763791 0.9999371101162086 0.9999391759026 0.9999411614511309 0.9999430718919554 0.9999449119157924 0.9999466858556803 0.9999483976869777 0.9999500510733508 0.9999516494025407 0.9999531958068028 0.9999546931782362 0.9999561442096608 0.999957551389508 0.9999589170426985 0.9999602433306415 0.9999615322665651 0.9999627857359542 0.9999640054914414 0.9999651931834646 0.9999663503500481 0.999967478442351 0.9999685788195577 0.9999696527539874 0.9999707014464232 0.9999717260363314 0.9999727275865331 0.999973707103642 0.9999746655380654 0.9999756037891129 0.9999765227101072 0.9999774231032734 0.9999783057350691 0.9999791713259639 0.9999800205708793 0.999980854118749 0.9999816725878485 0.999982476570905 0.9999832666299872 0.9999840433016149 0.9999848071018697 0.9999855585110646 0.9999862979992937 0.999987026011102 0.999987742970596 0.9999884492865528 0.9999891453524207 0.9999898315412086 0.9999905082105968 0.9999911757080459 0.9999918343605776 0.999992484490104 0.9999931264032081 0.9999937603962535 0.9999943867502743 0.9999950057411954 0.9999956176347216 0.9999962226914487 0.999996821156643 0.9999974132653513 0.9999979992577304 0.9999985793534978 0.9999991537723716 0.9999997189068924 1.0 1.0
0.0 0.75 1.25 1.75 2.25 2.75 3.25 3.75 4.25 4.75 5.25 5.75 6.25 6.75 7.25 7.75 8.25 8.75 9.25 9.75 10.25 10.75 11.25 11.75 12.25 12.75 13.25 13.75 14.25 14.75 15.25 15.75 16.25 16.75 17.25 17.75 18.25 18.75 19.25 19.75 20.25 20.75 21.25 21.75 22.25 22.75 23.25 23.75 24.25 24.75 25.25 25.75 26.25 26.75 27.25 27.75 28.25 28.75 29.25 29.75 30.25 30.75 31.25 31.75 32.25 32.75 33.25 33.75 34.25 34.75 35.25 35.75 36.25 36.75 37.25 37.75 38.25 38.75 39.25 39.75 40.25 40.75 41.25 41.75 42.25 42.75 43.25 43.75 44.25 44.75 45.25 45.75 46.25 46.75 47.25 47.75 48.25 48.75 49.25 49.75 50.25 50.75 51.25 51.75 52.25 52.75 53.25 53.75 54.25 54.75 55.25 55.75 56.25 56.75 57.25 57.75 58.25 58.75 59.25 59.75 60.25 60.75 61.25 61.75 62.25 62.75 63.25 63.75 64.25 64.75 65.25 65.75 66.25 66.75 67.25 67.75 68.25 68.75 69.25 69.75 70.25 70.75 71.25 71.75 72.25 72.75 73.25 73.75 74.25 74.75 75.25 75.75 76.25 76.75 77.25 77.75 78.25 78.75 79.25 79.75 80.25 80.75 81.25 81.75 82.25 82.75 83.25 83.75 84.25 84.75 85.25 85.75
0.04770684518760406 0.06302230367462022 0.10869225921378908 0.16879465093600693 0.2481093432289858 0.2802965223830189 0.3150872786455269 0.33811344310694913 0.4630467395753593 0.6587865071691825 0.7104041239650783 0.8581001883873817 0.8945722500370137 0.9625413676232428 0.9768327065789629 0.9823188710667159 0.9865426776396543 0.9926509405296359 0.9926539882952728 0.9980283735957852 0.9980323143253419 0.998408205693589 0.9984115856945119 0.9984153551897186 0.9984198179923266 0.9984245988908061 0.9984304170909286 0.998436756074047 0.9984439942563521 0.9984523364085096 0.9984619168088839 0.9984727403719706 0.9984847376293217 0.9984979934583779 0.9985129854355248 0.9985300118092372 0.998549696976468 0.9985728191169406 0.9986003314381043 0.9986333919692677 0.9986735471896919 0.9987221137747588 0.9987805706806026 0.9988498952776117 0.9989298008868538 0.999018115915417 0.9991107603077839 0.9992026475606136 0.9992892327889769 0.9993674167888454 0.9994360088187972 0.9994950943705854 0.999545593530004 0.9995888683803305 0.9996257985139595 0.9996575180532247 0.9996848882635464 0.9997086698679484 0.9997295190540296 0.9997478764882629 0.9997641371220704 0.999778629663563 0.9997916158608448 0.9998033113886194 0.9998138954212197 0.9998235154959104 0.9998323010789449 0.999840352456757 0.9998477578343108 0.9998545905195046 0.9998609135817039 0.9998667837423829 0.9998722472797121 0.9998773478252011 0.9998821191404135 0.999886592765151 0.9998907971318208 0.9998947565774166 0.999898491952711 0.9999020223832845 0.9999053649828454 0.9999085350119277 0.9999115462976705 0.9999144109369008 0.9999171399462806 0.99991974330838 0.9999222303095484 0.9999246089153647 0.999926886630674 0.9999290701668347 0.9999311657283982 0.9999331790335853 0.9999351152170203 0.999936979034502 0.9999387748732418 0.9999405067774605 0.9999421784586262 0.9999437933620057 0.9999453546615441 0.9999468623367642 0.9999483224335203 0.999949737465372 0.999951109787182 0.9999524415592811 0.9999537348293756 0.9999549914864752 0.9999562133120843 0.9999574019648457 0.9999585590061355 0.9999596859103025 0.9999607840441909 0.999961854697856 0.9999628990948025 0.999963918381746 0.9999649136439712 0.9999658859002121 0.99996683611801 0.9999677652085945 0.9999686740371215 0.9999695634226741 0.9999704341433803 0.9999712869364148 0.9999721224979976 0.9999729414936336 0.9999737445581119 0.9999745322955057 0.9999753052740539 0.9999760640363985 0.9999768091047049 0.999977540980661 0.9999782601301204 0.9999789670086975 0.9999796620464109 0.9999803456630404 0.9999810182527696 0.999981680189305 0.9999823318361144 0.9999829735464272 0.9999836056478764 0.9999842284629759 0.9999848422988816 0.999985447447392 0.9999860441951859 0.9999866328187036 0.9999872135739083 0.9999877867116445 0.9999883524776365 0.999988911107371 0.9999894628260954 0.999990007848819 0.9999905463854316 0.9999910786458235 0.9999916048194073 0.9999921250955959 0.9999926396535636 0.999993148677604 0.9999936523387009 0.9999941508022061 0.9999946442263055 0.9999951327702079 0.9999956165849319 0.9999960958189358 0.9999965706170952 0.9999970411171184 0.9999975074536421 0.9999979697607909 0.9999984281665467 0.9999988827978672 0.999999333776079 0.999999778622433 1.0 1.0
0.0 0.75 1.25 1.75 2.25 2.75 3.25 3.75 4.25 4.75 5.25 5.75 6.25 6.75 7.25 7.75 8.25 8.75 9.25 9.75 10.25 10.75 11.25 11.75 12.25 12.75 13.25 13.75 14.25 14.75 15.25 15.75 16.25 16.75 17.25 17.75 18.25 18.75 19.25 19.75 20.25 20.75 21.25 21.75 22.25 22.75 23.25 23.75 24.25 24.75 25.25 25.75 26.25 26.75 27.25 27.75 28.25 28.75 29.25 29.75 30.25 30.75 31.25 31.75 32.25 32.75 33.25 33.75 34.25 34.75 35.25 35.75 36.25 36.75 37.25 37.75 38.25 38.75 39.25 39.75 40.25 40.75 41.25 41.75 42.25 42.75 43.25 43.75 44.25 44.75 45.25 45.75 46.25 46.75 47.25 47.75 48.25 48.75 49.25 49.75 50.25 50.75 51.25 51.75 52.25 52.75 53.25 53.75 54.25 54.75 55.25 55.75 56.25 56.75 57.25 57.75 58.25 58.75 59.25 59.75 60.25 60.75 61.25 61.75 62.25 62.75 63.25 63.75 64.25 64.75 65.25 65.75 66.25 66.75 67.25 67.75 68.25 68.75 69.25 69.75 70.25 70.75 71.25 71.75 72.25 72.75 73.25 73.75 74.25 74.75 75.25 75.75 76.25 76.75 77.25 77.75 78.25 78.75 79.25 79.75 80.25 80.75 81.25 81.75 82.25 82.75 83.25 83.75 84.25 84.75 85.25 85.75 86.25 86.75 87.25 87.75 88.25 88.75 89.25 89.75 90.25 90.75 91.25 91.75 92.25 92.75 93.25 93.75 94.25 94.75
0.049433239663110175 0.06550128745146162 0.11384891675518392 0.17373601776711142 0.25369588191555653 0.2851381265273521 0.32056901380780656 0.3433260630059433 0.46501448683110985 0.6637506327650826 0.7143524335944735 0.8587787034291274 0.8954694028870276 0.9624933474414697 0.9768896828535777 0.982645398023118 0.9868693017841388 0.9927208945601885 0.9927243084751942 0.9979075554819334 0.9979115681644528 0.9982671217604833 0.9982706887169099 0.9982746698586532 0.9982794334483566 0.9982844829442322 0.9982906489712898 0.9982973572783599 0.9983050212361095 0.998313877246653 0.9983240900844159 0.9983356779893532 0.9983485776852162 0.9983628745308959 0.9983790949745336 0.9983975423322359 0.998418892814472 0.9984439975508307 0.998473909283887 0.9985099010702801 0.9985536993524987 0.9986067555903378 0.9986707148125544 0.9987466719288106 0.9988342554793471 0.9989310071690966 0.9990323203846875 0.9991326232297337 0.9992268243999235 0.999311721655954 0.9993860653559599 0.9994500937465455 0.9995051435704849 0.9995520490495436 0.9995921103953499 0.9996265266800062 0.9996562142563111 0.9996820056040121 0.9997046351887152 0.9997245477886507 0.9997421794207223 0.999757888274609 0.9997719556350112 0.9997846224640322 0.9997960776169369 0.9998064842286042 0.9998159828389129 0.9998246814017543 0.9998326771114957 0.999840049588615 0.9998468671304722 0.9998531902978169 0.9998590723246754 0.9998645589134069 0.9998696878248171 0.9998744928745532 0.9998790054291896 0.9998832509580569 0.9998872537264436 0.9998910337829294 0.9998946098337156 0.9998979984843342 0.9999012156640044 0.9999042734951232 0.9999071840847171 0.9999099582999056 0.9999126062085286 0.9999151367409915 0.9999175580437908 0.999919877213089 0.9999221010222624 0.9999242357579475 0.9999262869689846 0.9999282597635852 0.9999301589323001 0.9999319888250509 0.9999337534945913 0.9999354566965081 0.9999371018533543 0.9999386921417514 0.9999402305333773 0.99994171978472 0.9999431624934356 0.9999445610061253 0.9999459175617947 0.9999472342303716 0.9999485129485699 0.9999497555301381 0.9999509636812294 0.9999521390106487 0.9999532830093586 0.9999543970812209 0.999955482558367 0.9999565406858278 0.9999575726420272 0.9999585795387829 0.9999595624213053 0.9999605222784463 0.9999614594432389 0.9999623754783756 0.9999632712241241 0.999964147469516 0.9999650049677181 0.999965844425785 0.9999666665354002 0.9999674719318882 0.9999682612352022 0.9999690350294308 0.999969793867921 0.9999705382886489 0.9999712687988493 0.9999719858852627 0.9999726900090112 0.9999733816107234 0.9999740611207798 0.9999747289439436 0.9999753854644835 0.9999760310564213 0.9999766660784075 0.9999772908685988 0.9999779057600279 0.9999785110652333 0.9999791070916303 0.9999796941210156 0.9999802724351865 0.9999808423108163 0.9999814039989607 0.9999819577506753 0.9999825038067683 0.999983042397801 0.9999835737440875 0.9999840980608183 0.9999846155529369 0.9999851264233368 0.9999856308605661 0.9999861290547097 0.9999866211815065 0.9999871074131086 0.9999875879216688 0.9999880628680673 0.9999885324060117 0.9999889966886972 0.9999894558631707 0.9999899100718677 0.9999903594500504 0.9999908041334944 0.9999912442497766 0.9999916799274988 0.9999921112870654 0.9999925384458063 0.9999929615205394 0.9999933806209091 0.9999937958534862 0.9999942073279153 0.9999946151430814 0.9999950194014563 0.9999954202014126 0.9999958176346628 0.9999962117965052 0.9999966027750657 0.999996990657445 0.9999973755317688 0.9999977574825761 0.9999981365933815 0.999998512941551 0.9999988866075248 0.9999992576676444 0.9999996219354302 1.0 1.0
0.0 1.5 2.5 3.5 4.5 5.5 6.5 7.5 8.5 9.5 10.5 11.5 12.5 13.5 14.5 15.5 16.5 17.5 18.5 19.5 20.5 21.5 22.5 23.5 24.5 25.5 26.5 27.5 28.5 29.5 30.5 31.5 32.5 33.5 34.5 35.5 36.5 37.5 38.5 39.5 40.5 41.5 42.5 43.5 44.5 45.5 46.5 47.5 48.5 49.5 50.5 51.5 52.5 53.5 54.5 55.5 56.5 57.5 58.5 59.5 60.5 61.5 62.5 63.5 64.5 65.5 66.5 67.5 68.5 69.5 70.5 71.5 72.5 73.5 74.5 75.5 76.5 77.5 78.5 79.5 80.5 81.5 82.5 83.5 84.5 85.5 86.5 87.5 88.5 89.5 90.5 91.5 92.5 93.5 94.5 95.5 96.5 97.5 98.5 99.5 100.5 101.5 102.5 103.5 104.5
0.06624800411879334 0.24141921877630118 0.2960257454966816 0.4612340301029218 0.7120908664357357 0.8969381126454977 0.9685410250756231 0.9845104856574624 0.992451756559619 0.9977275482448997 0.9980889318756502 0.9980973508124074 0.9981081747478928 0.998122515540348 0.9981416957949527 0.9981669572232877 0.9981983625359719 0.9982390520163241 0.9982945526704301 0.9983743059074108 0.9984922276991858 0.9986613376794037 0.9988765477129995 0.9990984668530142 0.9992856637328441 0.9994264857483467 0.9995298239635567 0.999605601636569 0.9996623670409179 0.999706207549077 0.9997407605835719 0.9997686081275812 0.999791466303167 0.9998105469646305 0.9998267010961042 0.9998405404102323 0.9998525290895701 0.9998630131273021 0.9998722619827961 0.9998804840681308 0.9998878430817835 0.9998944756957111 0.9999004834143342 0.999905955447899 0.9999109630199648 0.9999155655041609 0.9999198127177201 0.9999237464298407 0.9999274025209145 0.9999308113027962 0.9999339989445132 0.999936988143797 0.9999397984060262 0.9999424467467511 0.9999449481359368 0.9999473156632622 0.9999495609100465 0.9999516941558718 0.9999537245542158 0.9999556602564257 0.99995750858735 0.9999592761279874 0.9999609688188005 0.9999625920320331 0.9999641506233674 0.9999656490558989 0.999967091348479 0.9999684812100228 0.9999698217399019 0.9999711163887497 0.9999723680079882 0.9999735792217522 0.9999747524578827 0.9999758899479273 0.9999769937787961 0.9999780658720998 0.9999791080151422 0.99998012188675 0.999981109037642 0.9999820709141916 0.9999830088687579 0.999983924167951 0.9999848180019293 0.9999856914823342 0.9999865456433228 0.9999873814725614 0.9999881998874641 0.9999890017579212 0.9999897879083651 0.9999905591043411 0.9999913160783339 0.9999920595215035 0.9999927900898835 0.9999935084054142 0.9999942150580097 0.9999949106117553 0.9999955956018093 0.9999962705395681 0.9999969359157656 0.9999975921984066 0.9999982398379332 0.9999988792661915 0.999999510900563 1.0 1.0
0.0 1.5 2.5 3.5 4.5 5.5 6.5 7.5 8.5 9.5 10.5 11.5 12.5 13.5 14.5 15.5 16.5 17.5 18.5 19.5 20.5 21.5 22.5 23.5 24.5 25.5 26.5 27.5 28.5 29.5 30.5 31.5 32.5 33.5 34.5 35.5 36.5 37.5 38.5 39.5 40.5 41.5 42.5 43.5 44.5 45.5 46.5 47.5 48.5 49.5 50.5 51.5 52.5 53.5 54.5 55.5 56.5 57.5 58.5 59.5 60.5 61.5 62.5 63.5 64.5 65.5 66.5 67.5 68.5 69.5 70.5 71.5 72.5 73.5 74.5 75.5 76.5 77.5 78.5 79.5 80.5 81.5 82.5 83.5 84.5 85.5 86.5 87.5 88.5 89.5 90.5 91.5 92.5 93.5 94.5 95.5 96.5 97.5 98.5 99.5 100.5 101.5 102.5 103.5 104.5 105.5 106.5 107.5 108.5 109.5 110.5 111.5 112.5 113.5
0.06779733081310439 0.2452382374509727 0.29606814233287215 0.45908233613923455 0.7156086386644075 0.8962813059799972 0.9788167082297953 0.9845446271749663 0.9924282622108765 0.9976346361067567 0.9979845229484455 0.9979932874011052 0.9980045312566693 0.9980195418121187 0.9980393853272225 0.9980656447009499 0.998098464162175 0.9981412646750446 0.9981998699843747 0.9982842398434958 0.9984092164891425 0.998588705445792 0.9988166677109112 0.9990508705888178 0.9992473651119229 0.9993950254958988 0.9995033429311672 0.9995828083882308 0.9996425325827758 0.9996886620428045 0.9997250577597672 0.9997543859517309 0.99977845532115 0.9997985400448296 0.9998155288621257 0.9998300702343274 0.9998426541260468 0.9998536509832023 0.9998633447454044 0.999871951063252 0.9998796492147864 0.9998865777217606 0.9998928462291358 0.9998985500106811 0.999903763879309 0.9999085506650458 0.9999129633241851 0.999917045745728 0.9999208362046063 0.9999243665449008 0.9999276644647587 0.9999307539816479 0.9999336556701531 0.9999363874994347 0.9999389651847532 0.9999414025700128 0.999943711793185 0.9999459036171552 0.999947987626165 0.9999499723705568 0.9999518654805036 0.9999536738314317 0.9999554036060557 0.9999570604081066 0.9999586492933493 0.9999601748833113 0.9999616413859604 0.999963052637061 0.9999644121518686 0.9999657231664862 0.9999669886482034 0.9999682113368521 0.9999693937654837 0.9999705382707096 0.999971647023717 0.9999727220302695 0.999973765172063 0.999974778116776 0.9999757625682736 0.9999767200422516 0.9999776519582526 0.9999785596344978 0.9999794443075298 0.9999803071373834 0.9999811492096519 0.9999819715561664 0.9999827751374188 0.9999835608591042 0.9999843295731556 0.9999850820849798 0.9999858191534584 0.9999865414961175 0.9999872497911942 0.9999879446797061 0.9999886267695854 0.9999892966367139 0.9999899548280239 0.9999906018614987 0.9999912382303081 0.9999918644059099 0.9999924808339141 0.9999930879413212 0.9999936861354874 0.9999942758072263 0.9999948573277077 0.9999954310546602 0.9999959973313383 0.999996556486522 0.999997108837618 0.9999976546896265 0.9999981943372088 0.9999987280667547 1.0 1.0
0.0 1.5 2.5 3.5 4.5 5.5 6.5 7.5 8.5 9.5 10.5 11.5 12.5 13.5 14.5 15.5 16.5 17.5 18.5 19.5 20.5 21.5 22.5 23.5 24.5 25.5 26.5 27.5 28.5 29.5 30.5 31.5 32.5 33.5 34.5 35.5 36.5 37.5 38.5 39.5 40.5 41.5 42.5 43.5 44.5 45.5 46.5 47.5 48.5 49.5 50.5 51.5 52.5 53.5 54.5 55.5 56.5 57.5 58.5 59.5 60.5 61.5 62.5 63.5 64.5 65.5 66.5 67.5 68.5 69.5 70.5 71.5 72.5 73.5 74.5 75.5 76.5 77.5 78.5 79.5 80.5 81.5 82.5 83.5 84.5 85.5 86.5 87.5 88.5 89.5 90.5 91.5 92.5 93.5 94.5 95.5 96.5 97.5 98.5 99.5 100.5 101.5 102.5 103.5 104.5 105.5 106.5 107.5 108.5 109.5 110.5 111.5 112.5 113.5 114.5 115.5 116.5 117.5 118.5 119.5 120.5 121.5 122.5 123.5
0.06669145272195112 0.2490976163179404 0.2999358426647929 0.4605320075632427 0.7191331482731375 0.8981381581932835 0.9669502117352368 0.9841419099865115 0.9921491158633379 0.9974632391963828 0.9978186418786297 0.9978278016192773 0.9978395907491131 0.9978552327079822 0.997876238143803 0.9979042070888877 0.9979394398334649 0.9979855252901038 0.9980487940438942 0.998140112240391 0.9982758401169829 0.9984714245368916 0.9987203502561707 0.9989752032457556 0.9991884403083832 0.9993481552361623 0.999465842965439 0.9995521387923635 0.999616798325984 0.9996667291715682 0.9997060732882452 0.9997377497739733 0.9997637284954511 0.9997853759488874 0.9998036562457178 0.999819278984359 0.999832778714485 0.9998445496574384 0.9998549023335691 0.9998640773677314 0.9998722633971627 0.9998796241554718 0.9998862699213 0.9998923027995251 0.9998978101905174 0.9999028574430516 0.9999075009777971 0.9999117908086806 0.9999157672775139 0.9999194650943751 0.9999229144019556 0.9999261412715642 0.9999291680337992 0.9999320141362246 0.999934696587709 0.9999372302477616 0.9999396281778712 0.9999419019308412 0.9999440617677934 0.9999461167925022 0.999948075168398 0.9999499441702338 0.9999517303597538 0.9999534396580285 0.9999550773971211 0.9999566484544228 0.9999581572319857 0.9999596077598576 0.9999610037374159 0.9999623485437005 0.9999636452684147 0.9999648967842595 0.9999661057262658 0.9999672745331295 0.9999684054782108 0.9999695006385343 0.9999705619877901 0.9999715913332996 0.9999725903625161 0.999973560669892 0.9999745037289779 0.9999754209234238 0.9999763135469782 0.9999771828210559 0.9999780298844033 0.9999788558034333 0.9999796616001244 0.9999804482055215 0.9999812165331015 0.9999819674291748 0.9999827016914842 0.9999834200723052 0.9999841232846464 0.9999848120012156 0.999985486859587 0.9999861484653013 0.9999867973908318 0.9999874341797182 0.9999880593476004 0.9999886733853172 0.9999892767589073 0.9999898699106429 0.9999904532641956 0.9999910272225702 0.9999915921681046 0.9999921484655698 0.9999926964673365 0.999993236506142 0.9999937689002569 0.9999942939576182 0.9999948119716958 0.9999953232235601 0.9999958279829139 0.9999963265111936 0.999996819057436 0.9999973058624103 0.9999977871596525 0.9999982631723653 0.9999987341185846 0.9999992002091131 0.9999996616464865 0.9999998873994309 1.0 1.0
0.0 1.5 2.5 3.5 4.5 5.5 6.5 7.5 8.5 9.5 10.5 11.5 12.5 13.5 14.5 15.5 16.5 17.5 18.5 19.5 20.5 21.5 22.5 23.5 24.5 25.5 26.5 27.5 28.5 29.5 30.5 31.5 32.5 33.5 34.5 35.5 36.5 37.5 38.5 39.5 40.5 41.5 42.5 43.5 44.5 45.5 46.5 47.5 48.5 49.5 50.5 51.5 52.5 53.5 54.5 55.5 56.5 57.5 58.5 59.5 60.5 61.5 62.5 63.5 64.5 65.5 66.5 67.5 68.5 69.5 70.5 71.5 72.5 73.5 74.5 75.5 76.5 77.5 78.5 79.5 80.5 81.5 82.5 83.5 84.5 85.5 86.5 87.5 88.5 89.5 90.5 91.5 92.5 93.5 94.5 95.5 96.5 97.5 98.5 99.5 100.5 101.5 102.5 103.5 104.5 105.5 106.5 107.5 108.5 109.5 110.5 111.5 112.5 113.5 114.5 115.5 116.5 117.5 118.5 119.5 120.5 121.5 122.5 123.5 124.5 125.5 126.5 127.5 128.5 129.5 130.5 131.5 132.5
0.06928116433963437 0.25228558701381276 0.30475476363925647 0.4609244392441145 0.7201371721990775 0.8954405585116174 0.9767835103690081 0.9842011938684078 0.9920592038213397 0.9972871554884057 0.9976323301913422 0.9976421436636118 0.9976548274252816 0.9976711218754584 0.9976934644202927 0.9977233661522726 0.9977613035233603 0.9978113372906915 0.9978803671615403 0.9979802095584237 0.9981288605013277 0.9983435732418039 0.998616332419699 0.9988940733917259 0.9991251531106798 0.999297838752998 0.9994247084435527 0.9995179283133587 0.999587840732576 0.9996418296202451 0.9996843889374896 0.9997186473337956 0.9997467166139403 0.9997700856256404 0.9997897918029509 0.9998066087465932 0.9998211153379415 0.999833741470134 0.9998448277468321 0.9998546305623043 0.9998633580344923 0.9998711912358348 0.9998782484050507 0.9998846455563826 0.9998904700031441 0.9998957971706298 0.9999006903478006 0.9999052009459439 0.9999093747168643 0.9999132494042479 0.9999168579200096 0.9999202286236465 0.9999233858395574 0.9999263507364873 0.999929141710345 0.9999317748808296 0.9999342643604379 0.9999366225958954 0.9999388605957776 0.9999409881270909 0.9999430139222011 0.9999449457616052 0.9999467906084338 0.9999485547533017 0.9999502438453457 0.999951863016383 0.9999534169119495 0.9999549097740714 0.9999563454619579 0.9999577275451185 0.9999590592309392 0.9999603435198776 0.9999615831640772 0.999962780688061 0.999963938440463 0.9999650586043746 0.9999661432076913 0.9999671941334589 0.9999682131457396 0.999969201874092 0.999970161859096 0.9999710945316596 0.9999720012316419 0.9999728832326855 0.999973741708073 0.999974577780389 0.9999753924956554 0.9999761868440229 0.9999769617577029 0.9999777181171743 0.9999784567532534 0.9999791784522671 0.9999798839591568 0.9999805739774777 0.999981249174573 0.9999819101815736 0.9999825575954668 0.9999831919894436 0.9999838139046212 0.9999844238541811 0.9999850223275083 0.9999856097881217 0.9999861866788475 0.9999867534207844 0.9999873104153729 0.9999878580443954 0.9999883966730798 0.9999889266501004 0.9999894483075764 0.9999899619641773 0.9999904679230526 0.9999909664749362 0.9999914578991814 0.9999919424616907 0.9999924204190548 0.9999928920144143 0.9999933574857366 0.9999938170575384 0.9999942709481293 0.9999947193665065 0.9999951625144249 0.999995600585362 0.9999960337686573 0.9999964622443384 0.9999968861862246 0.9999973057650317 0.9999977211452674 0.9999981324852321 0.9999985399390867 0.9999989436589238 0.9999993437885584 1.0 1.0
0.0 1.5 2.5 3.5 4.5 5.5 6.5 7.5 8.5 9.5 10.5 11.5 12.5 13.5 14.5 15.5 16.5 17.5 18.5 19.5 20.5 21.5 22.5 23.5 24.5 25.5 26.5 27.5 28.5 29.5 30.5 31.5 32.5 33.5 34.5 35.5 36.5 37.5 38.5 39.5 40.5 41.5 42.5 43.5 44.5 45.5 46.5 47.5 48.5 49.5 50.5 51.5 52.5 53.5 54.5 55.5 56.5 57.5 58.5 59.5 60.5 61.5 62.5 63.5 64.5 65.5 66.5 67.5 68.5 69.5 70.5 71.5 72.5 73.5 74.5 75.5 76.5 77.5 78.5 79.5 80.5 81.5 82.5 83.5 84.5 85.5 86.5 87.5 88.5 89.5 90.5 91.5 92.5 93.5 94.5 95.5 96.5 97.5 98.5 99.5 100.5 101.5 102.5 103.5 104.5 105.5 106.5 107.5 108.5 109.5 110.5 111.5 112.5 113.5 114.5 115.5 116.5 117.5 118.5 119.5 120.5 121.5 122.5 123.5 124.5 125.5 126.5 127.5 128.5 129.5 130.5 131.5 132.5 133.5 134.5 135.5 136.5 137.5 138.5 139.5 140.5 141.5 142.5
0.06642288374703992 0.25308772889561076 0.30405597971959486 0.461087802527423 0.7262576070380393 0.8991570787327484 0.9779026833845685 0.9837494195707848 0.9916912731007688 0.9970517727239991 0.9974044057415145 0.9974146054917601 0.9974278886654082 0.997445587991637 0.9974694480480593 0.9975015362908805 0.9975425745216524 0.9975965940216732 0.9976721517452399 0.9977817258909236 0.9979448203921537 0.9981819837591834 0.9984838447637344 0.9987904347773073 0.9990446430344037 0.9992340823623852 0.9993741362472315 0.9994766835215237 0.9995537512836933 0.9996130549372733 0.9996597846135767 0.999697357762951 0.9997281408530091 0.9997537240995661 0.9997752661459947 0.999793611952657 0.9998094057269219 0.9998231230560412 0.9998351354828692 0.9998457328232309 0.9998551432308891 0.9998635713333804 0.9998711435131357 0.9998779836728774 0.9998841998555319 0.9998898684257608 0.9998950615533871 0.9998998385240867 0.9999042472892052 0.9999083312229611 0.9999121262397861 0.9999156635426674 0.9999189702947353 0.9999220699292265 0.9999249827487469 0.9999277265658625 0.9999303168580821 0.9999327672844611 0.9999350899232422 0.999937295426836 0.9999393932904559 0.9999413919347756 0.9999432988919074 0.9999451209293861 0.9999468641121634 0.9999485339472565 0.9999501353734163 0.9999516729057771 0.9999531506358567 0.9999545723452087 0.9999559414021028 0.99995726093717 0.9999585338640665 0.9999597628071495 0.9999609502151303 0.9999620983610742 0.9999632093424007 0.9999642851325435 0.999965327539623 0.9999663382612054 0.9999673188925695 0.9999682709029418 0.9999691956954236 0.9999700945615293 0.9999709687338801 0.999971819359341 0.9999726475258837 0.9999734542522545 0.9999742405014067 0.9999750071835996 0.9999757551574318 0.9999764852381073 0.9999771981953688 0.9999778947586634 0.9999785756202428 0.9999792414351631 0.9999798928274845 0.9999805303882031 0.9999811546804199 0.9999817662393383 0.9999823655732981 0.9999829531668758 0.9999835294808834 0.9999840949565026 0.9999846500121838 0.99998519504778 0.9999857304435128 0.9999862565651392 0.9999867737608515 0.9999872823623106 0.9999877826867122 0.9999882750388541 0.9999887597101017 0.9999892369773556 0.9999897071082179 0.9999901703578915 0.9999906269702146 0.9999910771797259 0.9999915212137321 0.9999919592861078 0.9999923916055621 0.9999928183725376 0.9999932397781789 0.9999936560063972 0.9999940672369717 0.9999944736393487 0.9999948753798754 0.9999952726176664 0.9999956655066703 0.9999960541946362 0.9999964388262139 0.9999968195408868 0.999997196471939 0.9999975697516218 0.999997939505987 0.9999983058579868 0.9999986689264404 0.9999990288291338 0.9999993856786874 0.9999997395866879 0.9999999132974373 1.0 1.0
