1.0 2.0 3.0 4.0 5.0 6.0 7.0 8.0 9.0 10.0 11.0 12.0 13.0 14.0 15.0 16.0 17.0 18.0 19.0 20.0 22.0 24.0 26.0 28.0 30.0 35.0 40.0 45.0 50.0 55.0 60.0 65.0 70.0 75.0 80.0 85.0 90.0 95.0 100.0 110.0 120.0 130.0 140.0 150.0
0.0 0.04638459 0.1555497 0.3568307 0.6274962 0.9301003 1.160716 1.376748 1.553761 1.697701 1.738825 1.658108 1.583905 1.526397 1.448198 1.356452 1.276028 1.235603 1.229489 1.22632 1.303576 1.346647 1.380662 1.380337 1.377667 1.415651 1.418045 1.431468 1.421706 1.414208 1.407437 1.392916 1.365021 1.356385 1.349442 1.350634 1.389053 1.387679 1.356764 1.354531 1.368461 1.359513 1.349792 1.354609
0.0 1.0000000000000001e-11
1.0 1.0
0.0 0.375 0.625 0.875 1.125 1.375 1.625 1.875 2.125 2.375 2.625 2.875 3.125 3.375 3.625 3.875 4.125 4.375 4.625 4.875 5.125 5.375 5.625 5.875 6.125 6.375 6.625 6.875 7.125 7.375 7.625 7.875 8.125 8.375 8.625 8.875 9.125 9.375 9.625 9.875 10.125 10.375 10.625 10.875
7.548275076594234e-08 9.009527591421929e-07 3.4382527848888107e-06 8.913102840443483e-06 0.0014158583671170688 0.0016048656190349726 0.9904673756532703 0.9904973754035745 0.993464525433683 0.9936265341853271 0.9938381116874739 0.9939392684385003 0.9943516579426849 0.9944432169436139 0.9945459374446564 0.99471086344633 0.9954027669533508 0.9956528557058886 0.9957320512066922 0.9959587022089921 0.996092135710346 0.9963660794631259 0.9966662394661717 0.9968589474681272 0.9972276794718687 0.9975341852249789 0.9975341852249789 0.9976484862261387 0.9976484862261387 0.9976484862261387 0.9976484862261387 0.9976484862261387 0.9976484862261387 0.9987515679873319 0.9987515679873319 0.9987515679873319 0.9987515679873319 0.9987515679873319 0.9987515679873319 0.9987515679873319 0.9987515679873319 0.9987515679873319 1.0 1.0
0.0 0.375 0.625 0.875 1.125 1.375 1.625 1.875 2.125 2.375 2.625 2.875 3.125 3.375 3.625 3.875 4.125 4.375 4.625 4.875 5.125 5.375 5.625 5.875 6.125 6.375 6.625 6.875 7.125 7.375 7.625 7.875 8.125 8.375 8.625 8.875 9.125 9.375 9.625 9.875 10.125 10.375 10.625 10.875 11.125 11.375 11.625 11.875
8.67252474720653e-09 1.036062719800041e-07 3.956812634663759e-07 1.0253737451116115e-06 0.020856664765828772 0.020885543764986983 0.9980760152810819 0.9980794803059808 0.9990029140290639 0.9990237323034571 0.9990533143025947 0.9990663806272139 0.999123045875562 0.9991336978002515 0.9991456644249027 0.9991667568492878 0.9992492498468831 0.9992733578711803 0.9993009778703753 0.9993328573694461 0.99937423686824 0.9993973832175653 0.9994085561422398 0.9994197290669141 0.999470402065437 0.999470402065437 0.9995039703144586 0.9995297823137063 0.9995828045621606 0.9996259970609016 0.9996259970609016 0.9996439417603785 0.9996439417603785 0.9996439417603785 0.9996439417603785 0.9996439417603785 0.9996439417603785 0.9998076457556068 0.9998076457556068 0.9998076457556068 0.9998076457556068 0.9998076457556068 0.9998076457556068 0.9998076457556068 0.9998076457556068 0.9998076457556068 1.0 1.0
0.0 0.375 0.625 0.875 1.125 1.375 1.625 1.875 2.125 2.375 2.625 2.875 3.125 3.375 3.625 3.875 4.125 4.375 4.625 4.875 5.125 5.375 5.625 5.875 6.125 6.375 6.625 6.875 7.125 7.375 7.625 7.875 8.125 8.375 8.625 8.875 9.125 9.375 9.625 9.875 10.125 10.375 10.625 10.875 11.125 11.375 11.625 11.875 12.125 12.375 12.625 12.875
1.5241175086676676e-09 1.8279242603954187e-08 7.004549289834923e-08 2.152345504740405e-06 0.039039977567513144 0.03904944044256696 0.9886001958426692 0.9886027932926841 0.9976295258440191 0.9976350851190507 0.9993393106287427 0.9993422949287597 0.9997450686810504 0.9997470540035617 0.9997492960985744 0.9997539705736009 0.9997747868737192 0.9997797565737475 0.9997861949237842 0.9997950147488344 0.9997987963988559 0.9998049939988911 0.9998130846739371 0.9998187100989692 0.9998243798240014 0.9998287268490261 0.9998287268490261 0.9998325511740479 0.999844518374116 0.999844518374116 0.9998521990991597 0.9998598952742034 0.9998692618492566 0.999881648024327 0.999881648024327 0.9998885707493663 0.9998885707493663 0.9998885707493663 0.9998885707493663 0.9998885707493663 0.9998885707493663 0.9999395254996561 0.9999395254996561 0.9999395254996561 0.9999395254996561 0.9999395254996561 0.9999395254996561 0.9999395254996561 0.9999395254996561 0.9999395254996561 1.0 1.0
0.0 0.375 0.625 0.875 1.125 1.375 1.625 1.875 2.125 2.375 2.625 2.875 3.125 3.375 3.625 3.875 4.125 4.375 4.625 4.875 5.125 5.375 5.625 5.875 6.125 6.375 6.625 6.875 7.125 7.375 7.625 7.875 8.125 8.375 8.625 8.875 9.125 9.375 9.625 9.875 10.125 10.375 10.625 10.875 11.125 11.375 11.625 11.875 12.125 12.375 12.625 12.875 13.125 13.375 13.625 13.875
5.234774990230065e-10 6.2935524882540126e-09 2.416635245489707e-08 0.0025735191615494056 0.1186385189449312 0.1186438252449213 0.8833730738176669 0.8860055338127538 0.9620766336707784 0.9620793382207733 0.9797550481877842 0.9798210699376609 0.9959810349075008 0.9998728874002372 0.9998736867827357 0.999875598510232 0.999891218985203 0.9998931533501995 0.9998959707501942 0.9998995313501876 0.9999009055726851 0.9999034341226802 0.9999070843226735 0.9999087456501704 0.9999105034326671 0.9999123587101635 0.99991431014016 0.9999166214901556 0.9999191115876509 0.9999211463201472 0.9999211463201472 0.9999232310501434 0.9999285886751333 0.9999285886751333 0.9999318920501271 0.9999358705001198 0.9999393595751133 0.9999455257001016 0.9999455257001016 0.9999497428250937 0.9999497428250937 0.9999497428250937 0.9999497428250937 0.9999497428250937 0.9999497428250937 0.9999768943250432 0.9999768943250432 0.9999768943250432 0.9999768943250432 0.9999768943250432 0.9999768943250432 0.9999768943250432 0.9999768943250432 0.9999768943250432 1.0 1.0
0.0 0.375 0.625 0.875 1.125 1.375 1.625 1.875 2.125 2.375 2.625 2.875 3.125 3.375 3.625 3.875 4.125 4.375 4.625 4.875 5.125 5.375 5.625 5.875 6.125 6.375 6.625 6.875 7.125 7.375 7.625 7.875 8.125 8.375 8.625 8.875 9.125 9.375 9.625 9.875 10.125 10.375 10.625 10.875 11.125 11.375 11.625 11.875 12.125 12.375 12.625 12.875 13.125 13.375 13.625 13.875 14.125 14.375 14.625 14.875
2.8770752625456133e-10 3.2017577921743044e-09 1.2543158644617703e-08 0.014365248854048848 0.16625276271444414 0.16645220223264387 0.6986525007982325 0.7172876674987724 0.8493774045525346 0.8498098555919976 0.8994894601254774 0.9073781058453505 0.9610550357436034 0.9954424638816056 0.9954960826364985 0.9954971943915999 0.9985495846701437 0.9997170767766823 0.9998822557917556 0.9999375500468014 0.9999382952293695 0.9999397008094978 0.9999418065996899 0.9999426362847655 0.9999435152423458 0.9999444441324304 0.9999454238975198 0.999946455805114 0.999947541482713 0.9999486829978173 0.9999498816129266 0.9999521551131342 0.9999528095781938 0.999954050188307 0.999954050188307 0.9999553751259279 0.9999587596512366 0.9999587596512366 0.9999608743339297 0.9999634129841614 0.9999655981718608 0.9999696782472333 0.9999696782472333 0.9999726652725057 0.9999726652725057 0.9999726652725057 0.9999726652725057 0.9999726652725057 0.9999726652725057 0.9999896332240541 0.9999896332240541 0.9999896332240541 0.9999896332240541 0.9999896332240541 0.9999896332240541 0.9999896332240541 0.9999896332240541 0.9999896332240541 1.0 1.0
0.0 0.375 0.625 0.875 1.125 1.375 1.625 1.875 2.125 2.375 2.625 2.875 3.125 3.375 3.625 3.875 4.125 4.375 4.625 4.875 5.125 5.375 5.625 5.875 6.125 6.375 6.625 6.875 7.125 7.375 7.625 7.875 8.125 8.375 8.625 8.875 9.125 9.375 9.625 9.875 10.125 10.375 10.625 10.875 11.125 11.375 11.625 11.875 12.125 12.375 12.625 12.875 13.125 13.375 13.625 13.875 14.125 14.375 14.625 14.875 15.125 15.375 15.625 15.875
4.388184155386747e-06 1.9452890585975964e-05 0.000208045534060481 0.02015963716051258 0.18999871650809713 0.1944425457795803 0.5700400794159455 0.602169696450295 0.7513604827178485 0.7570120795091847 0.835194442626717 0.8610025214719831 0.9263807328752854 0.9675591687888416 0.9703433645977113 0.971894221833377 0.9830541651171759 0.9917216207007168 0.9945271640541253 0.9973039348475037 0.9990601965117197 0.9997446406897252 0.999928600073533 0.9999540016265301 0.9999546109503014 0.9999552166240652 0.9999558557528986 0.9999567199197016 0.9999574287511804 0.9999581846927577 0.9999589687418935 0.9999597932761137 0.9999606607329234 0.9999615739948289 0.9999625356593352 0.9999643662481545 0.9999649413668545 0.9999659232264031 0.9999669616585697 0.9999684050540812 0.9999698372370692 0.9999698372370692 0.9999717204109982 0.9999737831453018 0.9999792064316168 0.9999792064316168 0.9999817735619727 0.9999817735619727 0.9999817735619727 0.9999817735619727 0.9999817735619727 0.9999817735619727 0.9999817735619727 0.9999928025849835 0.9999928025849835 0.9999928025849835 0.9999928025849835 0.9999928025849835 0.9999928025849835 0.9999928025849835 0.9999928025849835 0.9999928025849835 1.0 1.0
0.0 0.375 0.625 0.875 1.125 1.375 1.625 1.875 2.125 2.375 2.625 2.875 3.125 3.375 3.625 3.875 4.125 4.375 4.625 4.875 5.125 5.375 5.625 5.875 6.125 6.375 6.625 6.875 7.125 7.375 7.625 7.875 8.125 8.375 8.625 8.875 9.125 9.375 9.625 9.875 10.125 10.375 10.625 10.875 11.125 11.375 11.625 11.875 12.125 12.375 12.625 12.875 13.125 13.375 13.625 13.875 14.125 14.375 14.625 14.875 15.125 15.375 15.625 15.875 16.125 16.375 16.625
5.9111496857191766e-05 0.0004225822381090989 0.0016599938059751052 0.022956485657825907 0.20840566603392313 0.2173485503131674 0.4948390006839015 0.5299523133490939 0.6820617084711079 0.692665766841207 0.7765204699072161 0.8047127280420798 0.8802994367731265 0.9187407477870015 0.9262218788686579 0.9334584877242172 0.9483147242542707 0.9659028890180008 0.9724874236035249 0.979906235343526 0.9872793132320049 0.992724691653297 0.996236155423732 0.998324541139503 0.999370066786775 0.9997759342809315 0.9998850865065875 0.9999453660379624 0.999945899731234 0.999961751974698 0.9999623188614506 0.999963044882906 0.9999636729789675 0.999964333463486 0.9999650295515569 0.9999657640807634 0.9999665403412035 0.9999673621179885 0.9999682331162283 0.9999698919002485 0.9999704716698817 0.9999713523834085 0.9999722730806169 0.9999735849793859 0.9999749677377491 0.999976824775128 0.999976824775128 0.9999785951274454 0.9999833847189868 0.9999833847189868 0.9999855882991069 0.9999855882991069 0.9999855882991069 0.9999855882991069 0.9999855882991069 0.9999855882991069 0.9999855882991069 0.9999934230306381 0.9999934230306381 0.9999934230306381 0.9999934230306381 0.9999934230306381 0.9999934230306381 0.9999934230306381 0.9999934230306381 1.0 1.0
0.0 0.375 0.625 0.875 1.125 1.375 1.625 1.875 2.125 2.375 2.625 2.875 3.125 3.375 3.625 3.875 4.125 4.375 4.625 4.875 5.125 5.375 5.625 5.875 6.125 6.375 6.625 6.875 7.125 7.375 7.625 7.875 8.125 8.375 8.625 8.875 9.125 9.375 9.625 9.875 10.125 10.375 10.625 10.875 11.125 11.375 11.625 11.875 12.125 12.375 12.625 12.875 13.125 13.375 13.625 13.875 14.125 14.375 14.625 14.875 15.125 15.375 15.625 15.875 16.125 16.375 16.625 16.875 17.125 17.375 17.625
0.0001350236147765418 0.0009849567395588768 0.003412023828856229 0.024644769646530455 0.21181635467467225 0.22155570713019543 0.4417881989366677 0.47504446890300084 0.6359944338392362 0.6491034687653598 0.7245768636010294 0.751310643266296 0.8281355043327676 0.8631936959379202 0.8732826319921034 0.8836399836656977 0.8996860768581013 0.9303598724943628 0.940405690637869 0.9546386989378772 0.9648059677799196 0.9735493305011009 0.9806003964836979 0.9863969202783553 0.9910293304894614 0.9944445310327618 0.9966438499979096 0.9984936396180595 0.9991507582268874 0.9998404715360224 0.9999096647069111 0.999959257804696 0.999962716763193 0.9999632412510987 0.9999639614572161 0.9999645682431774 0.9999651864774113 0.9999658390864657 0.9999665311356826 0.999967266480322 0.9999680492981662 0.9999688840445159 0.9999697746346352 0.9999714455124279 0.9999729779308739 0.9999729779308739 0.9999738859796719 0.9999751313937435 0.999976506024038 0.9999782591323817 0.9999782591323817 0.999981321514108 0.9999834467400713 0.9999834467400713 0.9999854818949546 0.9999854818949546 0.9999854818949546 0.9999854818949546 0.9999854818949546 0.9999854818949546 0.999992810064643 0.999992810064643 0.999992810064643 0.999992810064643 0.999992810064643 0.999992810064643 0.999992810064643 0.999992810064643 0.999992810064643 1.0 1.0
0.0 0.375 0.625 0.875 1.125 1.375 1.625 1.875 2.125 2.375 2.625 2.875 3.125 3.375 3.625 3.875 4.125 4.375 4.625 4.875 5.125 5.375 5.625 5.875 6.125 6.375 6.625 6.875 7.125 7.375 7.625 7.875 8.125 8.375 8.625 8.875 9.125 9.375 9.625 9.875 10.125 10.375 10.625 10.875 11.125 11.375 11.625 11.875 12.125 12.375 12.625 12.875 13.125 13.375 13.625 13.875 14.125 14.375 14.625 14.875 15.125 15.375 15.625 15.875 16.125 16.375 16.625 16.875 17.125 17.375 17.625 17.875 18.125 18.375 18.625
0.00019136080526414867 0.0013011509659902893 0.004431332894114814 0.026628726260748997 0.20853135177076831 0.21850844366319092 0.40381656993788795 0.4381266269822767 0.6053703002407078 0.6202493985511108 0.6824241710889732 0.7105045072083661 0.7812512247245771 0.8140124086062722 0.8256540447262949 0.8375869862121162 0.8537296728953329 0.8930841124771707 0.9042289335726742 0.9277112623541454 0.9387106445371984 0.9502210906077938 0.9596631363185669 0.9680786863364274 0.9745580486417127 0.9804334806760082 0.9846400680713332 0.9898997462036095 0.9927286268097385 0.9974532112558209 0.9988613617072084 0.9998082967894819 0.999921267596086 0.9999467462833358 0.9999574514573755 0.9999604280421107 0.9999619512853217 0.9999625990272837 0.9999631906763801 0.9999638049276383 0.9999644575800699 0.9999651533516264 0.9999658959976666 0.9999666889460188 0.9999675347944312 0.9999684344979953 0.9999693856264787 0.9999710980527866 0.9999727066016578 0.9999727066016578 0.9999735527225964 0.9999745892067446 0.999975792514351 0.9999771967711799 0.9999782474041817 0.9999794961136313 0.9999810384661704 0.9999810384661704 0.9999832224200838 0.9999832224200838 0.9999832224200838 0.9999832224200838 0.9999832224200838 0.9999832224200838 0.9999914166039262 0.9999914166039262 0.9999914166039262 0.9999914166039262 0.9999914166039262 0.9999914166039262 0.9999914166039262 0.9999914166039262 0.9999914166039262 1.0 1.0
0.0 0.375 0.625 0.875 1.125 1.375 1.625 1.875 2.125 2.375 2.625 2.875 3.125 3.375 3.625 3.875 4.125 4.375 4.625 4.875 5.125 5.375 5.625 5.875 6.125 6.375 6.625 6.875 7.125 7.375 7.625 7.875 8.125 8.375 8.625 8.875 9.125 9.375 9.625 9.875 10.125 10.375 10.625 10.875 11.125 11.375 11.625 11.875 12.125 12.375 12.625 12.875 13.125 13.375 13.625 13.875 14.125 14.375 14.625 14.875 15.125 15.375 15.625 15.875 16.125 16.375 16.625 16.875 17.125 17.375 17.625 17.875 18.125 18.375 18.625 18.875 19.125 19.375 19.625
0.00032043757763591053 0.0015254816013797648 0.005220425956929263 0.027970957633168717 0.20550364478837302 0.2177845444407609 0.3873971629607374 0.4236101635529255 0.5917920278949446 0.6096341808479269 0.6628269262527101 0.6906911395375874 0.7541630064502807 0.7845899802376933 0.7987223964656869 0.8126633945323524 0.8290946664906602 0.8707866447045387 0.8818254228941249 0.9099482526041367 0.9200948878904266 0.932893160415512 0.9432731455797451 0.9534955555036033 0.9599785564495765 0.9685175142183589 0.9743578822274992 0.9812495361314326 0.9845378203482312 0.9926672275152689 0.9951269080064657 0.9986908563791013 0.9993944393288968 0.999666118096355 0.9998142033166199 0.9998928949214276 0.9999317198904045 0.9999475815311193 0.9999547921611167 0.9999569854774417 0.9999582351801188 0.9999589194647274 0.9999595857239485 0.9999602873288315 0.9999610348010615 0.9999618297058891 0.9999626706255874 0.9999635528969096 0.9999644680910051 0.9999654034083242 0.9999659016231282 0.9999676778976515 0.9999684786559168 0.9999684786559168 0.9999692271283069 0.9999710286868804 0.9999710286868804 0.9999722432039214 0.9999731476187903 0.9999742405713592 0.9999756420233435 0.9999756420233435 0.9999783946392571 0.9999783946392571 0.9999783946392571 0.9999783946392571 0.9999783946392571 0.9999783946392571 0.999988829710745 0.999988829710745 0.999988829710745 0.999988829710745 0.999988829710745 0.999988829710745 0.999988829710745 0.999988829710745 0.999988829710745 1.0 1.0
0.0 0.375 0.625 0.875 1.125 1.375 1.625 1.875 2.125 2.375 2.625 2.875 3.125 3.375 3.625 3.875 4.125 4.375 4.625 4.875 5.125 5.375 5.625 5.875 6.125 6.375 6.625 6.875 7.125 7.375 7.625 7.875 8.125 8.375 8.625 8.875 9.125 9.375 9.625 9.875 10.125 10.375 10.625 10.875 11.125 11.375 11.625 11.875 12.125 12.375 12.625 12.875 13.125 13.375 13.625 13.875 14.125 14.375 14.625 14.875 15.125 15.375 15.625 15.875 16.125 16.375 16.625 16.875 17.125 17.375 17.625 17.875 18.125 18.375 18.625 18.875 19.125 19.375 19.625 19.875 20.125 20.375 20.625
0.00047343505809192734 0.0026280685416954826 0.0053696399485634585 0.029630797360243866 0.20160240159096443 0.2170817704272317 0.37748063548803323 0.414479817882973 0.5818292280792845 0.6023422033278065 0.6518465705947118 0.6759319714062848 0.735883661466529 0.765260764779528 0.7813129041857664 0.7957719590223009 0.8128011771948563 0.8562073010588954 0.8687370917548523 0.8996615863223322 0.9099094218987264 0.92311215937552 0.933616473158146 0.945047516289806 0.9511069630098241 0.9617395821612504 0.966453973017871 0.9748256095137403 0.9789812931290613 0.9892362178834042 0.9909672946146909 0.9963637369071434 0.9979617961543117 0.9980878392376481 0.9987354602740944 0.9992005621097828 0.9995145881871111 0.9997149961219819 0.9998301458769593 0.9998926519216139 0.999923946828855 0.9999369566331662 0.999943052100912 0.9999450963397661 0.9999463911037257 0.999947237091464 0.9999480797834222 0.9999489564659254 0.9999498655911078 0.9999507960038286 0.9999517343009157 0.9999526677943655 0.9999535870669497 0.9999544865898592 0.9999553431901093 0.999956489118841 0.9999572920038772 0.9999572920038772 0.999958101698025 0.9999599071703651 0.9999599071703651 0.9999612869644506 0.9999623328495028 0.9999635711050875 0.9999652493498138 0.9999652493498138 0.9999692069115352 0.9999692069115352 0.9999692069115352 0.9999692069115352 0.9999692069115352 0.9999692069115352 0.9999842658508594 0.9999842658508594 0.9999842658508594 0.9999842658508594 0.9999842658508594 0.9999842658508594 0.9999842658508594 0.9999842658508594 0.9999842658508594 0.9999999999999999 1.0
0.0 0.375 0.625 0.875 1.125 1.375 1.625 1.875 2.125 2.375 2.625 2.875 3.125 3.375 3.625 3.875 4.125 4.375 4.625 4.875 5.125 5.375 5.625 5.875 6.125 6.375 6.625 6.875 7.125 7.375 7.625 7.875 8.125 8.375 8.625 8.875 9.125 9.375 9.625 9.875 10.125 10.375 10.625 10.875 11.125 11.375 11.625 11.875 12.125 12.375 12.625 12.875 13.125 13.375 13.625 13.875 14.125 14.375 14.625 14.875 15.125 15.375 15.625 15.875 16.125 16.375 16.625 16.875 17.125 17.375 17.625 17.875 18.125 18.375 18.625 18.875 19.125 19.375 19.625 19.875 20.125 20.375 20.625 20.875 21.125 21.375 21.625
0.0007220110471392897 0.0036091153965431854 0.007606340347500406 0.031912203936601054 0.19648539232630594 0.2138574937765585 0.36968650171426404 0.40653377353472336 0.5760822323158877 0.5975622786718429 0.6454891237013539 0.6725918040584027 0.7266153741709813 0.7541076701259195 0.7708819533456367 0.7856124365333539 0.8030101072105967 0.8441590313386106 0.8572584359302615 0.8870711942544263 0.8974818935915841 0.9107194955535655 0.9211002565870945 0.9324755890247362 0.9381450174121967 0.9496423438729789 0.954393350836044 0.9636735622218238 0.9689204406265909 0.9799724113749332 0.9831892747221889 0.9903418958391645 0.9933800822084935 0.9942927625611481 0.9958049520045069 0.9969584932749771 0.9978403264960404 0.9985100471735151 0.9990036322901668 0.999359226611033 0.999599516822902 0.9997519475795362 0.9998403387266388 0.9998885216140646 0.9999128256344886 0.999923079709806 0.9999278940221136 0.9999295882785082 0.999930689673461 0.999931621727305 0.9999325541937978 0.9999334826063278 0.9999343981517144 0.9999352964408738 0.9999361779364729 0.9999370470025868 0.999937910571717 0.9999387760615404 0.9999400055377129 0.9999406748292354 0.9999416001931652 0.9999416001931652 0.9999426093798434 0.9999447352694985 0.9999447352694985 0.9999465012742844 0.9999478530470894 0.9999493975844559 0.9999515911310258 0.9999515911310258 0.9999574594987032 0.9999574594987032 0.9999574594987032 0.9999574594987032 0.9999574594987032 0.9999574594987032 0.9999793431457038 0.9999793431457038 0.9999793431457038 0.9999793431457038 0.9999793431457038 0.9999793431457038 0.9999793431457038 0.9999793431457038 0.9999793431457038 1.0 1.0
0.0 0.375 0.625 0.875 1.125 1.375 1.625 1.875 2.125 2.375 2.625 2.875 3.125 3.375 3.625 3.875 4.125 4.375 4.625 4.875 5.125 5.375 5.625 5.875 6.125 6.375 6.625 6.875 7.125 7.375 7.625 7.875 8.125 8.375 8.625 8.875 9.125 9.375 9.625 9.875 10.125 10.375 10.625 10.875 11.125 11.375 11.625 11.875 12.125 12.375 12.625 12.875 13.125 13.375 13.625 13.875 14.125 14.375 14.625 14.875 15.125 15.375 15.625 15.875 16.125 16.375 16.625 16.875 17.125 17.375 17.625 17.875 18.125 18.375 18.625 18.875 19.125 19.375 19.625 19.875 20.125 20.375 20.625 20.875 21.125 21.375 21.625 21.875 22.125 22.375 22.625
0.0011536844089235444 0.004311322451096802 0.011148316833112583 0.03464623960483896 0.18731578652027686 0.20544549924036545 0.3560641136868172 0.3916831999382265 0.580415889126411 0.6020372624700225 0.6497309603615637 0.6758926689440272 0.7242508999734034 0.7496807616081277 0.765911476957698 0.7819630390161001 0.7988775386027629 0.8366199740751734 0.8494036920519022 0.8769068490489811 0.887465626732184 0.9004235626545982 0.910148044322859 0.920913708787026 0.9266734520778919 0.9384971590584688 0.9437901357341616 0.9528715141200109 0.9583408024485202 0.9688769946099979 0.9731172393310953 0.9808505855064293 0.985070013225445 0.9872048605757143 0.98994832982809 0.9922576715334092 0.9941475016185117 0.995656116413219 0.9968320649085436 0.9977264645763602 0.9984014812585023 0.9988654787771474 0.9992255116047537 0.9994928079649746 0.9996789145150574 0.9997983371183847 0.9998654142918557 0.9998968499161244 0.999907034337972 0.9999096295342373 0.9999107754424129 0.999911722923685 0.9999126428615769 0.9999135439460989 0.9999144292415177 0.9999153032129077 0.9999161727817591 0.9999170462328489 0.9999179323937668 0.9999188401996639 0.9999197813798032 0.9999207643215202 0.9999221127314484 0.9999229081725614 0.9999241060256859 0.9999241060256859 0.9999265894725219 0.9999282125858309 0.9999282125858309 0.9999306095753197 0.999932462203456 0.9999345145192224 0.9999375241794478 0.9999375241794478 0.9999463034411477 0.9999463034411477 0.9999463034411477 0.9999463034411477 0.9999463034411477 0.9999463034411477 0.9999765961564697 0.9999765961564697 0.9999765961564697 0.9999765961564697 0.9999765961564697 0.9999765961564697 0.9999765961564697 0.9999765961564697 0.9999765961564697 1.0 1.0
0.0 0.375 0.625 0.875 1.125 1.375 1.625 1.875 2.125 2.375 2.625 2.875 3.125 3.375 3.625 3.875 4.125 4.375 4.625 4.875 5.125 5.375 5.625 5.875 6.125 6.375 6.625 6.875 7.125 7.375 7.625 7.875 8.125 8.375 8.625 8.875 9.125 9.375 9.625 9.875 10.125 10.375 10.625 10.875 11.125 11.375 11.625 11.875 12.125 12.375 12.625 12.875 13.125 13.375 13.625 13.875 14.125 14.375 14.625 14.875 15.125 15.375 15.625 15.875 16.125 16.375 16.625 16.875 17.125 17.375 17.625 17.875 18.125 18.375 18.625 18.875 19.125 19.375 19.625 19.875 20.125 20.375 20.625 20.875 21.125 21.375 21.625 21.875 22.125 22.375 22.625 22.875 23.125 23.375 23.625
0.0013791728742773108 0.00470697853197781 0.01924138404590944 0.040096420043290525 0.18266258596684376 0.19974369388801358 0.3496197970164146 0.3809270955637098 0.6017887391202941 0.6210488485696923 0.6674915517734362 0.6913521063437008 0.7343495854778873 0.7603813487063914 0.7753037165613041 0.7901567691517594 0.8056298665088814 0.8389363676867773 0.8506357546176684 0.8754530009346775 0.8852166714827083 0.8963548942209492 0.9053417744905438 0.9152259080484337 0.9207956711166334 0.9319499148948132 0.936608810293183 0.9452283499320113 0.950543382467941 0.9600016325537765 0.9645527386756305 0.9718971096084169 0.9763913315319371 0.9791220532450443 0.9825463253768304 0.985702160031027 0.9885646425391843 0.9911118753118922 0.9933227082748448 0.9951671007272951 0.9966183295045767 0.997361736278773 0.9979633463422697 0.9984870772400096 0.9989356393396804 0.9993064693749605 0.9995911685583294 0.999774185173254 0.9998554186504331 0.9998812256838026 0.999886464869073 0.999888220108591 0.9998893123212238 0.9998902637918726 0.9998911813341419 0.9998920845740555 0.9998929837236505 0.9998938875239504 0.9998948051287627 0.9998957457169126 0.9998967213216922 0.9998977415397143 0.9998988154047039 0.9998999521355137 0.9999011613212515 0.9999024519155872 0.9999041410045216 0.9999052053604587 0.9999068872094039 0.9999088506173689 0.9999104009331762 0.9999126749501785 0.9999126749501785 0.9999161114432317 0.9999187957179386 0.9999259953041018 0.9999259953041018 0.9999391991027078 0.9999391991027078 0.9999391991027078 0.9999391991027078 0.9999391991027078 0.9999391991027078 0.9999391991027078 0.9999773303785899 0.9999773303785899 0.9999773303785899 0.9999773303785899 0.9999773303785899 0.9999773303785899 0.9999773303785899 0.9999773303785899 0.9999773303785899 1.0 1.0
0.0 0.375 0.625 0.875 1.125 1.375 1.625 1.875 2.125 2.375 2.625 2.875 3.125 3.375 3.625 3.875 4.125 4.375 4.625 4.875 5.125 5.375 5.625 5.875 6.125 6.375 6.625 6.875 7.125 7.375 7.625 7.875 8.125 8.375 8.625 8.875 9.125 9.375 9.625 9.875 10.125 10.375 10.625 10.875 11.125 11.375 11.625 11.875 12.125 12.375 12.625 12.875 13.125 13.375 13.625 13.875 14.125 14.375 14.625 14.875 15.125 15.375 15.625 15.875 16.125 16.375 16.625 16.875 17.125 17.375 17.625 17.875 18.125 18.375 18.625 18.875 19.125 19.375 19.625 19.875 20.125 20.375 20.625 20.875 21.125 21.375 21.625 21.875 22.125 22.375 22.625 22.875 23.125 23.375 23.625 23.875 24.125 24.375
0.0014542214122871405 0.004852192936833491 0.030079323403674276 0.04981419810302133 0.18406224504265847 0.2031406727563365 0.34273222738055215 0.37214610000624704 0.6197977479526341 0.6391356817278794 0.6840818904160746 0.706764937308038 0.7455497189974147 0.7726216899570842 0.7871749421003711 0.8010777466172265 0.8153533169921652 0.8452279243956731 0.8561444565356631 0.8786246535334048 0.887780471308057 0.8979124884059257 0.9062434618344908 0.9152972579784716 0.9206507454145092 0.9308002827428787 0.9354425433892997 0.943517530814032 0.9486626493456404 0.9570609867220085 0.9612319799374096 0.967762772823834 0.9719391324385531 0.9746574175912929 0.9780737674698673 0.9813729347015152 0.9845394755645628 0.9875525549198397 0.9903839997963807 0.9929730260273649 0.9952156410500078 0.9961923384851609 0.9968948454387948 0.9975304597871113 0.998121858757774 0.9986677941938507 0.9991534190572279 0.9995310699648722 0.9997412481839807 0.9998338081896726 0.9998567674222458 0.9998632363977147 0.9998656418355472 0.9998669722672616 0.9998680252373678 0.99986900252248 0.9998699580167586 0.9998709131482736 0.9998718817695904 0.9998728745809843 0.999873904564388 0.9998749818146365 0.999876115823627 0.9998773162683908 0.9998785932037341 0.9998799572373644 0.9998814197300367 0.9998829929531676 0.9998846902664645 0.999886524659366 0.9998888073905378 0.9998903366992598 0.9998928218675257 0.999895773287078 0.9998980200746325 0.9999013445152282 0.9999063936340047 0.9999063936340047 0.9999103553126284 0.9999206052604168 0.9999206052604168 0.9999393209845837 0.9999393209845837 0.9999393209845837 0.9999393209845837 0.9999393209845837 0.9999393209845837 0.9999393209845837 0.9999805672047968 0.9999805672047968 0.9999805672047968 0.9999805672047968 0.9999805672047968 0.9999805672047968 0.9999805672047968 0.9999805672047968 1.0 1.0
0.0 0.375 0.625 0.875 1.125 1.375 1.625 1.875 2.125 2.375 2.625 2.875 3.125 3.375 3.625 3.875 4.125 4.375 4.625 4.875 5.125 5.375 5.625 5.875 6.125 6.375 6.625 6.875 7.125 7.375 7.625 7.875 8.125 8.375 8.625 8.875 9.125 9.375 9.625 9.875 10.125 10.375 10.625 10.875 11.125 11.375 11.625 11.875 12.125 12.375 12.625 12.875 13.125 13.375 13.625 13.875 14.125 14.375 14.625 14.875 15.125 15.375 15.625 15.875 16.125 16.375 16.625 16.875 17.125 17.375 17.625 17.875 18.125 18.375 18.625 18.875 19.125 19.375 19.625 19.875 20.125 20.375 20.625 20.875 21.125 21.375 21.625 21.875 22.125 22.375 22.625 22.875 23.125 23.375 23.625 23.875 24.125 24.375 24.625 24.875 25.125 25.375
0.0011602769234470617 0.0050431755436293624 0.05215193696583583 0.07183175138744632 0.19838116872852346 0.22368321265174307 0.3486928623086559 0.3784315784036588 0.6396737842255897 0.6624225653883409 0.7040074993577721 0.7282759890753571 0.7635366815499709 0.7915277594473598 0.8062755545184217 0.819096767648787 0.832264801849535 0.8587137106705462 0.8692404935992661 0.8891000122048265 0.8975458612069 0.9065735350233644 0.9139105311652201 0.9219275265383302 0.9268749173004931 0.9358099123862316 0.9425681379844176 0.9497598373901274 0.9544766319635734 0.9617787178661305 0.9654640744608296 0.9710395093331353 0.974638185674741 0.9770410327313291 0.9800591074677028 0.9830245892131584 0.985932542606408 0.9887754257750322 0.9915104188941306 0.9940301322042214 0.9951934674007099 0.9958916326637665 0.9965231147670947 0.9971325038119168 0.9977265134404839 0.9983041325666164 0.9988546567343789 0.9993265645741287 0.9996242171389473 0.9997784335462949 0.9998239436809092 0.999837685948023 0.999842721617465 0.9998450141090428 0.9998464596721116 0.9998476345832692 0.9998487143717794 0.999849759205024 0.9998508008289081 0.9998518590198969 0.9998529519785423 0.99985409287498 0.9998552931333328 0.9998565633797614 0.9998579143554928 0.9998593572219983 0.999860903916198 0.9998625673205609 0.9998643614332021 0.9998663015254754 0.9998684042545377 0.9998706877183815 0.9998731714458288 0.9998758740126485 0.9998790604599993 0.9998850426531907 0.9998850426531907 0.9998894939838608 0.9998927438679892 0.9998975498542719 0.9999047027761964 0.9999047027761964 0.9999156012446105 0.9999236219446315 0.9999236219446315 0.999946336938706 0.999946336938706 0.999946336938706 0.999946336938706 0.999946336938706 0.999946336938706 0.999984349226425 0.999984349226425 0.999984349226425 0.999984349226425 0.999984349226425 0.999984349226425 0.999984349226425 0.999984349226425 0.999984349226425 1.0 1.0
0.0 0.375 0.625 0.875 1.125 1.375 1.625 1.875 2.125 2.375 2.625 2.875 3.125 3.375 3.625 3.875 4.125 4.375 4.625 4.875 5.125 5.375 5.625 5.875 6.125 6.375 6.625 6.875 7.125 7.375 7.625 7.875 8.125 8.375 8.625 8.875 9.125 9.375 9.625 9.875 10.125 10.375 10.625 10.875 11.125 11.375 11.625 11.875 12.125 12.375 12.625 12.875 13.125 13.375 13.625 13.875 14.125 14.375 14.625 14.875 15.125 15.375 15.625 15.875 16.125 16.375 16.625 16.875 17.125 17.375 17.625 17.875 18.125 18.375 18.625 18.875 19.125 19.375 19.625 19.875 20.125 20.375 20.625 20.875 21.125 21.375 21.625 21.875 22.125 22.375 22.625 22.875 23.125 23.375 23.625 23.875 24.125 24.375 24.625 24.875 25.125 25.375 25.625 25.875 26.125 26.375
0.0011646224288354389 0.004817046011250177 0.07873417330557743 0.10102443600806484 0.2258337877588721 0.2569885730160721 0.3645112371545584 0.397094478918891 0.6611731996228362 0.6889297067361437 0.7263285516718467 0.754637530379875 0.7868769219884061 0.8167945370866048 0.8316483009896065 0.8430445897900585 0.8550815440230248 0.8777123124345051 0.8878867199756522 0.9046997318604701 0.9121932413459798 0.919961250618315 0.9263510651409782 0.9331590405758693 0.9374723663706647 0.9449426823551952 0.9506720274173833 0.956696249127805 0.9607309577390308 0.9668959113697594 0.970011524974109 0.974587133444127 0.977521426501456 0.9800279280405638 0.9825150843187599 0.984991467575961 0.9874621635225681 0.9899242567114944 0.9923526462814828 0.9946690976920648 0.9960945992291039 0.9967044427201098 0.9972416414244534 0.9977618975164714 0.9982763444769833 0.9987818012042643 0.9992408739313342 0.9995615746117839 0.9997395857323811 0.9997988319697236 0.9998175074907784 0.9998246633562208 0.999827898814587 0.9998298092591603 0.999831251556224 0.9998325019916046 0.9998336623695627 0.9998347815035127 0.999835889836175 0.9998370086699503 0.9998381556976371 0.9998393433139507 0.9998405863575287 0.999841897448217 0.999843289075786 0.9998447739176151 0.9998463649062326 0.9998480755495012 0.9998499202032775 0.9998519144591373 0.9998540752894606 0.9998564211224742 0.9998589718072324 0.9998617484985494 0.9998647732592681 0.9998680686024934 0.9998716564409807 0.9998755538596754 0.9998798574397971 0.9998883704952622 0.9998883704952622 0.9998946262867698 0.9998989241135426 0.9999051697241239 0.9999139834546125 0.9999205852975573 0.9999264118892269 0.9999349700959745 0.9999349700959745 0.9999570994775278 0.9999570994775278 0.9999570994775278 0.9999570994775278 0.9999570994775278 0.9999570994775278 0.9999878446243337 0.9999878446243337 0.9999878446243337 0.9999878446243337 0.9999878446243337 0.9999878446243337 0.9999878446243337 0.9999878446243337 0.9999878446243337 1.0 1.0
0.0 0.375 0.625 0.875 1.125 1.375 1.625 1.875 2.125 2.375 2.625 2.875 3.125 3.375 3.625 3.875 4.125 4.375 4.625 4.875 5.125 5.375 5.625 5.875 6.125 6.375 6.625 6.875 7.125 7.375 7.625 7.875 8.125 8.375 8.625 8.875 9.125 9.375 9.625 9.875 10.125 10.375 10.625 10.875 11.125 11.375 11.625 11.875 12.125 12.375 12.625 12.875 13.125 13.375 13.625 13.875 14.125 14.375 14.625 14.875 15.125 15.375 15.625 15.875 16.125 16.375 16.625 16.875 17.125 17.375 17.625 17.875 18.125 18.375 18.625 18.875 19.125 19.375 19.625 19.875 20.125 20.375 20.625 20.875 21.125 21.375 21.625 21.875 22.125 22.375 22.625 22.875 23.125 23.375 23.625 23.875 24.125 24.375 24.625 24.875 25.125 25.375 25.625 25.875 26.125 26.375 26.625 26.875 27.125 27.375
0.0013543209294233837 0.004180180606144453 0.1029371315508989 0.13109320894624446 0.25447602349376214 0.29161678055946555 0.38316317733277844 0.41904298114824035 0.6800163241884015 0.7134312350828048 0.7483622218614857 0.7809052928072557 0.8106051398264239 0.8418659931329614 0.8568246827413882 0.8667883423588876 0.8777039661427387 0.8969237391018346 0.906708722814567 0.9205978036499726 0.9271792045917966 0.9337699693698551 0.9393137281695433 0.9450061325533574 0.9486530953465792 0.9547878865806559 0.9595419460138441 0.9644312219440869 0.9677469881262336 0.9728387010396714 0.9753813941058161 0.9790301881381841 0.9813263446302288 0.9832859328763701 0.9852344048504547 0.9871843890978506 0.9891438480064729 0.9911142913479402 0.9930808678228117 0.9949994625798559 0.9966871665998812 0.9971919679342027 0.997621991668706 0.9980383536587059 0.9984538167904746 0.9988681281428679 0.9992597148681696 0.9995587584722436 0.9997306625447095 0.9997922011861111 0.9998122048720213 0.9998200924092874 0.9998237471323317 0.999825909322923 0.9998275152195863 0.9998288838356889 0.9998301336138772 0.999831323146299 0.9998324876893112 0.9998336523874284 0.9998348380397246 0.9998360600040922 0.9998373327853461 0.9998386700902614 0.999840083726828 0.9998415843822777 0.9998431870567606 0.9998449060749699 0.9998467570074419 0.9998487564378981 0.9998509219182152 0.9998532720985136 0.9998558267521731 0.9998586068333729 0.9998616342069082 0.9998649310878113 0.9998685190656912 0.9998724178288704 0.9998766432881153 0.9998812053501295 0.9998861013881354 0.9998873670845952 0.999895505691753 0.9999022363461902 0.9999022363461902 0.9999098306350236 0.9999213819014283 0.9999213819014283 0.9999302563064791 0.9999366092803511 0.999941769497119 0.9999492106323179 0.9999492106323179 0.999967338123662 0.999967338123662 0.999967338123662 0.999967338123662 0.999967338123662 0.999967338123662 0.9999906563274096 0.9999906563274096 0.9999906563274096 0.9999906563274096 0.9999906563274096 0.9999906563274096 0.9999906563274096 0.9999906563274096 0.9999906563274096 1.0 1.0
0.0 0.75 1.25 1.75 2.25 2.75 3.25 3.75 4.25 4.75 5.25 5.75 6.25 6.75 7.25 7.75 8.25 8.75 9.25 9.75 10.25 10.75 11.25 11.75 12.25 12.75 13.25 13.75 14.25 14.75 15.25 15.75 16.25 16.75 17.25 17.75 18.25 18.75 19.25 19.75 20.25 20.75 21.25 21.75 22.25 22.75 23.25 23.75 24.25 24.75 25.25 25.75 26.25 26.75 27.25 27.75 28.25
0.07909052702218304 0.16137604444321058 0.3125606989587659 0.6712447739308891 0.7372146283966499 0.8131283050848861 0.8681674450295679 0.8922411875280218 0.9166065848464012 0.9385380792395108 0.9501740576533617 0.9587963631537239 0.9664165470173306 0.973433955755974 0.9794423246841146 0.9839803249232267 0.9870389519322134 0.9901992017678019 0.993409270250962 0.9965903057941513 0.9974403902972956 0.9981085626951918 0.9987865140954085 0.9994486961137075 0.9997680688488421 0.9998084109497885 0.9998160998423965 0.9998194974141791 0.9998221896441031 0.9998247358335102 0.999827370405056 0.9998302242011053 0.9998334120082463 0.9998370483271924 0.99984124973255 0.9998461642451694 0.9998519650636873 0.9998588381731475 0.9998669591527455 0.9998764516563906 0.9998873141767421 0.9998993384928835 0.9999052513743811 0.9999173126983338 0.9999298795531495 0.9999439768265064 0.9999494041883873 0.99995957250041 0.9999739738927347 0.9999739738927347 0.9999739738927347 0.9999923827320609 0.9999923827320609 0.9999923827320609 0.9999923827320609 1.0 1.0
0.0 0.75 1.25 1.75 2.25 2.75 3.25 3.75 4.25 4.75 5.25 5.75 6.25 6.75 7.25 7.75 8.25 8.75 9.25 9.75 10.25 10.75 11.25 11.75 12.25 12.75 13.25 13.75 14.25 14.75 15.25 15.75 16.25 16.75 17.25 17.75 18.25 18.75 19.25 19.75 20.25 20.75 21.25 21.75 22.25 22.75 23.25 23.75 24.25 24.75 25.25 25.75 26.25 26.75 27.25 27.75 28.25 28.75 29.25 29.75 30.25
0.09426183365081818 0.18509457538343876 0.3466128414602109 0.6683755388726337 0.749763055164737 0.8258674295652522 0.8832325587868435 0.9087746940549327 0.9325521257937631 0.9524330211445149 0.9635349909183933 0.9704529921075107 0.9771453261161439 0.9824108971512124 0.9867878582438215 0.9901965405336269 0.9925221229759362 0.9944373934574564 0.9963338119177995 0.9982035510534805 0.9987801845745026 0.9991740649571924 0.9995593112220378 0.9997716573267643 0.9998039465505159 0.9998112379324061 0.9998149627759759 0.9998179346748358 0.9998206054240841 0.9998231871462633 0.9998258664767494 0.999828741332753 0.9998319195268718 0.9998355036203415 0.999839615959937 0.999844390463229 0.999849986801973 0.9998565815800313 0.9998643316052561 0.9998733522191162 0.9998836427933332 0.9998950021217041 0.9999069986815852 0.9999190473885848 0.9999305664044182 0.9999411285520343 0.999945057722257 0.9999530854989533 0.999960655679446 0.9999684206786428 0.9999735041169647 0.9999766989133437 0.9999845918719366 0.9999845918719366 0.9999845918719366 0.9999952494655343 0.9999952494655343 0.9999952494655343 0.9999952494655343 1.0 1.0
0.0 0.75 1.25 1.75 2.25 2.75 3.25 3.75 4.25 4.75 5.25 5.75 6.25 6.75 7.25 7.75 8.25 8.75 9.25 9.75 10.25 10.75 11.25 11.75 12.25 12.75 13.25 13.75 14.25 14.75 15.25 15.75 16.25 16.75 17.25 17.75 18.25 18.75 19.25 19.75 20.25 20.75 21.25 21.75 22.25 22.75 23.25 23.75 24.25 24.75 25.25 25.75 26.25 26.75 27.25 27.75 28.25 28.75 29.25 29.75 30.25 30.75 31.25 31.75 32.25
0.09548222394614275 0.19076207668633371 0.36171482549501216 0.6546203501299729 0.7450996100149202 0.8269614083688684 0.8872748380600783 0.9125970970559982 0.9374865865638602 0.9578906594749221 0.9697640290621239 0.9767455108677002 0.9829736982081295 0.9868889916888921 0.9907002350423344 0.9930223259739446 0.9944964742184285 0.9959142985172538 0.9972851840119029 0.998609253288092 0.9991587086619157 0.9993982374844013 0.9996338409446134 0.9997756039912844 0.9998024374283169 0.9998087629560501 0.9998123251345649 0.9998152765795161 0.9998179797412434 0.9998206206042812 0.9998233540247734 0.9998262884334533 0.9998295225589707 0.9998331503051276 0.9998373023723955 0.9998421012731489 0.9998476918104552 0.9998542311821601 0.9998618720441517 0.9998707076977801 0.9998807238413789 0.9998917170560008 0.9999032788797525 0.9999148586198783 0.9999259033309784 0.9999360070657386 0.999944973163142 0.9999527829210092 0.9999595257116615 0.9999653369556442 0.9999690857263829 0.9999717656596886 0.9999778724714539 0.9999802516139872 0.9999831532388459 0.9999850166307911 0.9999898317243842 0.9999898317243842 0.9999898317243842 0.9999967378054967 0.9999967378054967 0.9999967378054967 0.9999967378054967 1.0 1.0
0.0 0.75 1.25 1.75 2.25 2.75 3.25 3.75 4.25 4.75 5.25 5.75 6.25 6.75 7.25 7.75 8.25 8.75 9.25 9.75 10.25 10.75 11.25 11.75 12.25 12.75 13.25 13.75 14.25 14.75 15.25 15.75 16.25 16.75 17.25 17.75 18.25 18.75 19.25 19.75 20.25 20.75 21.25 21.75 22.25 22.75 23.25 23.75 24.25 24.75 25.25 25.75 26.25 26.75 27.25 27.75 28.25 28.75 29.25 29.75 30.25 30.75 31.25 31.75 32.25 32.75 33.25 33.75 34.25
0.09372360127801474 0.18932260314801647 0.36485123163845584 0.6423827250714375 0.734230716385103 0.8171794401264543 0.8768811317396973 0.9047404852137594 0.9314800995914481 0.9527424963318615 0.9670308881200237 0.9764087809124983 0.9830712240867574 0.9875995332020555 0.9916195139635883 0.9940911102086166 0.9954244645981865 0.9965851689675317 0.9976537604895249 0.998672348133667 0.9993683358888775 0.9995239419519512 0.9996749863146818 0.9997782953491064 0.9998016614617656 0.999807320220944 0.9998107579371659 0.9998136864074599 0.9998164029876889 0.9998190712814168 0.9998218380377323 0.999824813805243 0.9998280979887118 0.9998317900086049 0.9998359996964296 0.9998408514141346 0.9998464782440276 0.999853029400557 0.9998606728527003 0.9998694881619552 0.9998794396826771 0.9998903064223377 0.999901672933827 0.999912991865447 0.9999237375878823 0.9999335316605877 0.9999421980537502 0.9999497297533951 0.9999562189880484 0.999961799965394 0.999966612828823 0.9999707856723462 0.9999744282646591 0.9999776315989902 0.9999797652760941 0.999982968537145 0.9999850422918786 0.9999865201100575 0.9999883572530848 0.9999895610813561 0.9999927798883046 0.9999927798883046 0.9999927798883046 0.999997617384392 0.999997617384392 0.999997617384392 0.999997617384392 1.0 1.0
0.0 0.75 1.25 1.75 2.25 2.75 3.25 3.75 4.25 4.75 5.25 5.75 6.25 6.75 7.25 7.75 8.25 8.75 9.25 9.75 10.25 10.75 11.25 11.75 12.25 12.75 13.25 13.75 14.25 14.75 15.25 15.75 16.25 16.75 17.25 17.75 18.25 18.75 19.25 19.75 20.25 20.75 21.25 21.75 22.25 22.75 23.25 23.75 24.25 24.75 25.25 25.75 26.25 26.75 27.25 27.75 28.25 28.75 29.25 29.75 30.25 30.75 31.25 31.75 32.25 32.75 33.25 33.75 34.25 34.75 35.25 35.75 36.25
0.09009583528809623 0.18053423731194185 0.3678207910404817 0.643682582958728 0.7350106866008783 0.8159320454608353 0.8723292628081893 0.9007662364811253 0.9276259453276483 0.9487993076227322 0.9636801275958692 0.9742720653348718 0.9814379020214588 0.9866351943232674 0.9911989743447885 0.994061417260656 0.9956311054890392 0.9968689789580634 0.9978524187697172 0.998718597925021 0.9994710889205772 0.9995851214236423 0.9996915308240415 0.9997748869879938 0.9997966586298208 0.9998020261008749 0.9998054398599104 0.9998083952138641 0.9998111633161164 0.9998138986665642 0.9998167474726487 0.9998198192606259 0.9998232146268166 0.9998270359859251 0.9998313959261984 0.999836424409806 0.9998422608984042 0.99984905674107 0.9998569435615998 0.9998659999998559 0.9998761663313448 0.999887213742806 0.9998987312168595 0.9999101619519285 0.9999209756384035 0.9999307956932363 0.9999394553267651 0.9999469556885431 0.9999533990887697 0.9999589264521683 0.9999636822514001 0.9999677973630522 0.9999713825831138 0.9999745292383299 0.9999773116943165 0.9999797901719648 0.9999820134018637 0.9999840207875474 0.9999853995037035 0.9999875414236423 0.9999889554676461 0.9999899793116263 0.9999921285625769 0.9999944810753641 0.9999944810753641 0.9999944810753641 0.9999944810753641 0.9999981415545577 0.9999981415545577 0.9999981415545577 0.9999981415545577 1.0 1.0
0.0 0.75 1.25 1.75 2.25 2.75 3.25 3.75 4.25 4.75 5.25 5.75 6.25 6.75 7.25 7.75 8.25 8.75 9.25 9.75 10.25 10.75 11.25 11.75 12.25 12.75 13.25 13.75 14.25 14.75 15.25 15.75 16.25 16.75 17.25 17.75 18.25 18.75 19.25 19.75 20.25 20.75 21.25 21.75 22.25 22.75 23.25 23.75 24.25 24.75 25.25 25.75 26.25 26.75 27.25 27.75 28.25 28.75 29.25 29.75 30.25 30.75 31.25 31.75 32.25 32.75 33.25 33.75 34.25 34.75 35.25 35.75 36.25 36.75 37.25 37.75 38.25
0.08688620535854742 0.1721214228203321 0.37083353305791356 0.6501204263492525 0.7435481853955135 0.8200462883018499 0.8727530008552694 0.9011887096370285 0.9251341174135519 0.9468364198359976 0.9602458170962453 0.9718077252489746 0.979688720800096 0.9853066499300106 0.9904869365760307 0.99385627862337 0.9957642759547125 0.9972352359991775 0.9982905811660012 0.9990993742853218 0.9995251976888517 0.9996205511743715 0.9997026247591412 0.9997702435261931 0.9997915477133228 0.9997968038494153 0.9998002373459983 0.9998032288922427 0.9998060462147872 0.9998088417867597 0.9998117623058299 0.9998149207977582 0.9998184198799597 0.9998223671262036 0.9998268789221375 0.9998320859381445 0.9998381316998278 0.9998451675846997 0.9998533261622102 0.9998626792212468 0.9998731611292367 0.9998845166078173 0.9998962826812706 0.9999078933338694 0.9999188153140005 0.9999286942162039 0.9999373831758587 0.9999448916361254 0.9999513276455404 0.9999568363992154 0.9999615658521693 0.9999656486781969 0.9999691978717546 0.9999723063566708 0.9999750495843184 0.9999774886065551 0.9999796724547737 0.9999816407589444 0.999983425787546 0.9999850539501243 0.9999865470233373 0.9999879229909278 0.9999896388288151 0.9999904274579176 0.9999914580406137 0.9999927660017978 0.9999938212567067 0.999995624519477 0.999995624519477 0.999995624519477 0.9999985044903472 0.9999985044903472 0.9999985044903472 0.9999985044903472 0.9999985044903472 1.0 1.0
0.0 0.75 1.25 1.75 2.25 2.75 3.25 3.75 4.25 4.75 5.25 5.75 6.25 6.75 7.25 7.75 8.25 8.75 9.25 9.75 10.25 10.75 11.25 11.75 12.25 12.75 13.25 13.75 14.25 14.75 15.25 15.75 16.25 16.75 17.25 17.75 18.25 18.75 19.25 19.75 20.25 20.75 21.25 21.75 22.25 22.75 23.25 23.75 24.25 24.75 25.25 25.75 26.25 26.75 27.25 27.75 28.25 28.75 29.25 29.75 30.25 30.75 31.25 31.75 32.25 32.75 33.25 33.75 34.25 34.75 35.25 35.75 36.25 36.75 37.25 37.75 38.25 38.75 39.25 39.75 40.25 40.75 41.25 41.75 42.25 42.75 43.25
0.08577422930441542 0.15556511909049112 0.37737666765138744 0.6657994997273052 0.7620074492474422 0.8336885718643511 0.8815223345822297 0.9104611787044736 0.9302584032009288 0.9517223176828163 0.9642058324524703 0.9749443833469714 0.9815958024197674 0.9872964422003073 0.9916693334247773 0.9946746080844747 0.9966650201266808 0.9977313857225724 0.9985284674457747 0.9991661699511166 0.9995544717473756 0.9996476036493115 0.999710441245931 0.9997630522918529 0.9997857201203932 0.9997912138409484 0.9997946792869246 0.9997976889860327 0.9998005252373762 0.9998033427115379 0.9998062946607741 0.9998094979457962 0.9998130627789111 0.9998171023394385 0.9998217412210983 0.9998271191811878 0.9998333899569056 0.9998407119627992 0.9998492210349106 0.9998589785471441 0.99986989694913 0.999881678392318 0.9998938185365168 0.9999057195467085 0.9999168445446245 0.9999268422858969 0.9999355763608954 0.9999430777433667 0.9999494705368726 0.9999549132081053 0.9999595615800374 0.9999635544244383 0.9999670081327204 0.9999700183376289 0.9999726619573 0.9999750022115488 0.9999770887887299 0.9999789616366332 0.9999806531316877 0.9999821897475822 0.9999835931867966 0.9999848814130611 0.9999860693605185 0.9999871695073127 0.999988192454391 0.9999891471653676 0.9999900412689615 0.9999908813145038 0.9999916729596565 0.9999924211007749 0.9999931300032671 0.9999933865211589 0.9999940074665548 0.9999946550785732 0.999994975156261 0.9999956925739261 0.9999962838231122 0.9999973268040512 0.9999973268040512 0.9999973268040512 0.9999990643999291 0.9999990643999291 0.9999990643999291 0.9999990643999291 0.9999990643999291 1.0 1.0
0.0 0.75 1.25 1.75 2.25 2.75 3.25 3.75 4.25 4.75 5.25 5.75 6.25 6.75 7.25 7.75 8.25 8.75 9.25 9.75 10.25 10.75 11.25 11.75 12.25 12.75 13.25 13.75 14.25 14.75 15.25 15.75 16.25 16.75 17.25 17.75 18.25 18.75 19.25 19.75 20.25 20.75 21.25 21.75 22.25 22.75 23.25 23.75 24.25 24.75 25.25 25.75 26.25 26.75 27.25 27.75 28.25 28.75 29.25 29.75 30.25 30.75 31.25 31.75 32.25 32.75 33.25 33.75 34.25 34.75 35.25 35.75 36.25 36.75 37.25 37.75 38.25 38.75 39.25 39.75 40.25 40.75 41.25 41.75 42.25 42.75 43.25 43.75 44.25 44.75 45.25 45.75 46.25 46.75 47.25 47.75
0.08757910427099312 0.1519583172484493 0.3781082514442699 0.6782786211124662 0.7787840665140742 0.8456272489419872 0.8910008559948832 0.915723020306399 0.9370452908908136 0.9566793676812414 0.9692272568405358 0.9773377046521483 0.9844003913631016 0.9896042403566555 0.9934920237289683 0.9960454918647424 0.9972044629938325 0.99808068199023 0.998731588067217 0.9992560333076561 0.9996065091113939 0.9997013666119101 0.9997434155668007 0.9997707397834732 0.9997771440582169 0.999781107112902 0.9997844742264205 0.999787556620263 0.9997904837243256 0.9997933973113142 0.9997964538870239 0.999799776180222 0.9998034805734356 0.9998076883706594 0.9998125318148017 0.9998181599798763 0.9998247366364531 0.9998324314525121 0.9998413880012965 0.9998516678663857 0.9998631700611476 0.9998755649046741 0.9998883071735296 0.9999007580685513 0.9999123575966821 0.9999227482600248 0.9999317994805151 0.9999395528009746 0.999946143861846 0.9999517408698045 0.9999565086392095 0.9999605928935101 0.9999641157038867 0.9999671772010637 0.9999698579551516 0.999972222681098 0.999974323396152 0.9999762020554316 0.9999778926499413 0.9999794229079488 0.9999808155579701 0.999982089372559 0.9999832599511491 0.9999843403411091 0.999985341512666 0.9999862729329911 0.9999871424618189 0.9999879568420292 0.999988721871873 0.9999894425667586 0.9999901232949449 0.9999907678714823 0.9999913796417165 0.9999919615491335 0.9999925162032071 0.99999304592115 0.999993552766534 0.9999940385779943 0.9999945050099373 0.999994953549241 0.9999953855392623 0.9999956931346284 0.9999959404140976 0.9999965647045864 0.9999968339907911 0.9999971852687471 0.999997427893959 0.9999981319664971 0.9999981319664971 0.9999981319664971 0.9999993339370559 0.9999993339370559 0.9999993339370559 0.9999993339370559 1.0 1.0
0.0 0.75 1.25 1.75 2.25 2.75 3.25 3.75 4.25 4.75 5.25 5.75 6.25 6.75 7.25 7.75 8.25 8.75 9.25 9.75 10.25 10.75 11.25 11.75 12.25 12.75 13.25 13.75 14.25 14.75 15.25 15.75 16.25 16.75 17.25 17.75 18.25 18.75 19.25 19.75 20.25 20.75 21.25 21.75 22.25 22.75 23.25 23.75 24.25 24.75 25.25 25.75 26.25 26.75 27.25 27.75 28.25 28.75 29.25 29.75 30.25 30.75 31.25 31.75 32.25 32.75 33.25 33.75 34.25 34.75 35.25 35.75 36.25 36.75 37.25 37.75 38.25 38.75 39.25 39.75 40.25 40.75 41.25 41.75 42.25 42.75 43.25 43.75 44.25 44.75 45.25 45.75 46.25 46.75 47.25 47.75 48.25 48.75 49.25 49.75 50.25 50.75 51.25 51.75 52.25 52.75
0.08927923668938424 0.15468652560955407 0.36924139974454767 0.6742729809587562 0.7712568526591816 0.8406389430796446 0.8841217013995106 0.9087597617458357 0.9304086537375199 0.952700500518991 0.9663737100821189 0.9762292528357314 0.9838874640623148 0.9890763645258183 0.993030088854934 0.9957221747612736 0.9973606737150532 0.9982416684444634 0.9988729086456162 0.9993340026472758 0.999640949105135 0.9996972906980908 0.9997330663142645 0.9997604757251596 0.9997688633455504 0.9997729972665568 0.9997764636524031 0.9997796250609375 0.9997826281804542 0.9997856170667561 0.9997887531845653 0.9997921658080339 0.9997959769824082 0.9998003153498334 0.9998053214874625 0.9998111538671249 0.9998179870637698 0.9998260001808589 0.9998353435942648 0.999846078206477 0.9998580890026739 0.9998710152687968 0.9998842705963982 0.9998971811929268 0.9999091690592843 0.9999198746305152 0.9999291770940484 0.9999371288907922 0.9999438762180608 0.9999495960378046 0.9999544602611421 0.9999586200422022 0.9999622018398331 0.999965308786081 0.9999680240029201 0.9999704142114821 0.9999725330070031 0.9999744236062232 0.999976121030686 0.9999776538147225 0.9999790453739295 0.9999803150341398 0.9999814788149021 0.9999825502077367 0.9999835405104214 0.9999844592814084 0.9999853146636637 0.9999861136249334 0.9999868621562257 0.9999875654389532 0.9999882279650661 0.9999888536624096 0.9999894459678477 0.9999900079003889 0.9999905421447572 0.9999910510806417 0.99999153680829 0.9999920011981296 0.9999924459262849 0.9999928724970366 0.9999932822668494 0.9999936764616078 0.999994056190719 0.999994422461216 0.9999947761944706 0.9999951182277615 0.9999954493278542 0.9999957701977911 0.9999960814831595 0.9999963837788819 0.9999966776328716 0.9999970631545096 0.9999972501131391 0.9999975019318753 0.9999976927859658 0.9999981169791177 0.9999986257133866 0.9999986257133866 0.9999986257133866 0.9999995077548449 0.9999995077548449 0.9999995077548449 0.9999995077548449 0.9999995077548449 1.0 1.0
0.0 0.75 1.25 1.75 2.25 2.75 3.25 3.75 4.25 4.75 5.25 5.75 6.25 6.75 7.25 7.75 8.25 8.75 9.25 9.75 10.25 10.75 11.25 11.75 12.25 12.75 13.25 13.75 14.25 14.75 15.25 15.75 16.25 16.75 17.25 17.75 18.25 18.75 19.25 19.75 20.25 20.75 21.25 21.75 22.25 22.75 23.25 23.75 24.25 24.75 25.25 25.75 26.25 26.75 27.25 27.75 28.25 28.75 29.25 29.75 30.25 30.75 31.25 31.75 32.25 32.75 33.25 33.75 34.25 34.75 35.25 35.75 36.25 36.75 37.25 37.75 38.25 38.75 39.25 39.75 40.25 40.75 41.25 41.75 42.25 42.75 43.25 43.75 44.25 44.75 45.25 45.75 46.25 46.75 47.25 47.75 48.25 48.75 49.25 49.75 50.25 50.75 51.25 51.75 52.25 52.75 53.25 53.75 54.25 54.75 55.25 55.75 56.25 56.75 57.25 57.75
0.09030444509060931 0.15490943291349157 0.3588464867204366 0.6648279193541052 0.7576682695632848 0.8332285430839659 0.8764618347764057 0.9051136903272301 0.9265883444040655 0.9511951890767404 0.9634793858377668 0.9743884496780971 0.9815177361480015 0.9876939901034627 0.9920841076358002 0.995195926646906 0.996760456306782 0.9979197480465194 0.9987112099548124 0.999327729579297 0.9995078093089029 0.9996206476019228 0.9996866521008423 0.9997372680918406 0.999756832819051 0.9997620849180483 0.9997657889741395 0.9997690687715851 0.999772180022556 0.9997752760822392 0.9997785272216106 0.999782069252977 0.9997860329457858 0.9997905544363409 0.9997957832284433 0.9998018896871327 0.9998090611036891 0.9998174890545166 0.9998273339182254 0.9998386578291155 0.99985133118831 0.9998649590327808 0.9998789081047901 0.9998924612731339 0.9999050143353067 0.9999162010699663 0.9999259039497442 0.9999341858928049 0.9999412047171353 0.9999471480798188 0.9999521970064477 0.9999565100257127 0.9999602195113697 0.9999634332970004 0.9999662382347551 0.9999687038324829 0.9999708862984711 0.9999728307571673 0.9999745737575447 0.9999761451073454 0.9999775692422285 0.9999788663440835 0.9999800531876039 0.9999811437935066 0.9999821499615605 0.9999830816729695 0.999983947424821 0.9999847544861489 0.9999855091174151 0.9999862167168309 0.9999868819771298 0.9999875089744055 0.999988101314433 0.9999886621431209 0.9999891942457996 0.9999897000790996 0.9999901818336597 0.9999906414618247 0.9999910807110888 0.999991501148658 0.9999919041854874 0.9999922910935277 0.9999926630266267 0.9999930210283691 0.9999933660540239 0.9999936989721128 0.9999940205722481 0.9999943315771527 0.999994632650498 0.9999949244021308 0.9999952073938201 0.9999954821450068 0.9999957491343703 0.9999960088066229 0.9999962615735548 0.9999965078182143 0.9999967478969982 0.9999969821412197 0.9999972108612891 0.9999974343467134 0.9999975179677758 0.9999977248645439 0.9999979464038948 0.9999980579953214 0.9999983134064884 0.9999985291933216 0.9999989225692864 0.9999989225692864 0.9999989225692864 0.9999996118210546 0.9999996118210546 0.9999996118210546 0.9999996118210546 0.9999996118210546 1.0 1.0
0.0 0.75 1.25 1.75 2.25 2.75 3.25 3.75 4.25 4.75 5.25 5.75 6.25 6.75 7.25 7.75 8.25 8.75 9.25 9.75 10.25 10.75 11.25 11.75 12.25 12.75 13.25 13.75 14.25 14.75 15.25 15.75 16.25 16.75 17.25 17.75 18.25 18.75 19.25 19.75 20.25 20.75 21.25 21.75 22.25 22.75 23.25 23.75 24.25 24.75 25.25 25.75 26.25 26.75 27.25 27.75 28.25 28.75 29.25 29.75 30.25 30.75 31.25 31.75 32.25 32.75 33.25 33.75 34.25 34.75 35.25 35.75 36.25 36.75 37.25 37.75 38.25 38.75 39.25 39.75 40.25 40.75 41.25 41.75 42.25 42.75 43.25 43.75 44.25 44.75 45.25 45.75 46.25 46.75 47.25 47.75 48.25 48.75 49.25 49.75 50.25 50.75 51.25 51.75 52.25 52.75 53.25 53.75 54.25 54.75 55.25 55.75 56.25 56.75 57.25 57.75 58.25 58.75 59.25 59.75 60.25 60.75 61.25 61.75 62.25
0.09161039052864897 0.1564533449917245 0.3553000242587843 0.658054508093843 0.7516478498386034 0.8266874571705402 0.8677656757354548 0.8952108249367154 0.9210755951707599 0.9463760959868361 0.9595638824177355 0.9692761863010613 0.9780085027463163 0.9845429288642891 0.9898528478332904 0.993794023247659 0.995630332183275 0.9970458200923756 0.9980986536136875 0.9989710459995499 0.9994151205044103 0.9995793856481212 0.999684194152407 0.9997367584127436 0.9997469736286544 0.9997517168153341 0.9997555063688667 0.9997589015178886 0.9997621256882205 0.9997653319595968 0.9997686988614208 0.9997723673630029 0.9997764766976165 0.9997811709510714 0.9997866102361422 0.9997929746927722 0.9998004635991397 0.9998092806780953 0.9998195958729821 0.9998314730302069 0.9998447693450712 0.9998590576061558 0.9998736598702479 0.9998878180854576 0.999900901160644 0.9999125391945126 0.9999226193446835 0.9999312143991979 0.9999384927326909 0.9999446516886015 0.999949880453088 0.999954344284286 0.9999581809251971 0.999961502459992 0.9999643991259715 0.9999669433242285 0.9999691932119897 0.9999711956674726 0.9999729886952377 0.9999746032720344 0.9999760648057001 0.9999773942960029 0.9999786091817441 0.999979724051906 0.9999807511842419 0.9999817009217651 0.9999825821695063 0.9999834024886373 0.9999841683840665 0.9999848854769965 0.9999855586513376 0.9999861921582881 0.9999867897261432 0.9999873546230443 0.9999878897406427 0.9999883976395925 0.9999888805924281 0.99998934062592 0.9999897795540176 0.999990199001902 0.9999906004326545 0.9999909851613753 0.9999913543876028 0.9999917091937455 0.9999920505628602 0.999992379391725 0.9999926964986824 0.9999930026325288 0.9999932984803582 0.9999935846727914 0.999993861790773 0.9999941303692321 0.9999943909038806 0.9999946438512127 0.9999948896379165 0.999995128657738 0.999995361275663 0.999995587832101 0.9999958086444541 0.9999960240092082 0.9999962342029782 0.9999964394851242 0.9999966400987959 0.9999968362714559 0.9999970282174941 0.9999972161387511 0.9999974002250406 0.9999975806541493 0.9999977575960206 0.9999979312090939 0.9999980572511038 0.9999981598262911 0.9999984233430534 0.9999985390362982 0.9999986917494778 0.9999987984461833 0.9999991136487294 0.9999991136487294 0.9999991136487294 0.9999996701112117 0.9999996701112117 0.9999996701112117 0.9999996701112117 1.0 1.0
0.0 0.75 1.25 1.75 2.25 2.75 3.25 3.75 4.25 4.75 5.25 5.75 6.25 6.75 7.25 7.75 8.25 8.75 9.25 9.75 10.25 10.75 11.25 11.75 12.25 12.75 13.25 13.75 14.25 14.75 15.25 15.75 16.25 16.75 17.25 17.75 18.25 18.75 19.25 19.75 20.25 20.75 21.25 21.75 22.25 22.75 23.25 23.75 24.25 24.75 25.25 25.75 26.25 26.75 27.25 27.75 28.25 28.75 29.25 29.75 30.25 30.75 31.25 31.75 32.25 32.75 33.25 33.75 34.25 34.75 35.25 35.75 36.25 36.75 37.25 37.75 38.25 38.75 39.25 39.75 40.25 40.75 41.25 41.75 42.25 42.75 43.25 43.75 44.25 44.75 45.25 45.75 46.25 46.75 47.25 47.75 48.25 48.75 49.25 49.75 50.25 50.75 51.25 51.75 52.25 52.75 53.25 53.75 54.25 54.75 55.25 55.75 56.25 56.75 57.25 57.75 58.25 58.75 59.25 59.75 60.25 60.75 61.25 61.75 62.25 62.75 63.25 63.75 64.25 64.75 65.25 65.75 66.25 66.75 67.25
0.09167749120284646 0.15973602193085132 0.3575485220986581 0.653958985237999 0.7434354565363864 0.819323920394851 0.8608214887723933 0.8861327365878559 0.9123280266546975 0.9390512874888614 0.9541013251848668 0.9650113945707346 0.9745629560474552 0.9825005844213931 0.9884465175131795 0.9923353715769365 0.9948230292090832 0.9965109778877224 0.9978225501233136 0.99882097157351 0.9992595973837545 0.9994446444286454 0.999600346807461 0.999709858149898 0.999735411075357 0.9997415641106637 0.999745564647754 0.9997491025789977 0.9997524458064447 0.9997557635729477 0.9997592440405825 0.9997630377996677 0.9997672887628426 0.9997721504644621 0.9997777916662931 0.9997844033018841 0.9997921964214911 0.9998013875137319 0.9998121565151603 0.9998245696796602 0.9998384718570553 0.9998534043424777 0.9998686449319908 0.999883394447927 0.9998969999208738 0.9999090820774147 0.9999195333530363 0.9999284365258739 0.9999359706435189 0.9999423427820402 0.9999477502389145 0.9999523646781115 0.9999563290187232 0.9999597594586621 0.9999627490932628 0.9999653734111651 0.9999676926474508 0.9999697553656413 0.9999716009258772 0.999973261435408 0.9999747632336818 0.999976128089832 0.9999773740916396 0.9999785163828493 0.9999795677017767 0.999980538820561 0.999981438921666 0.9999822758645701 0.9999830564001622 0.9999837863642222 0.999984470823839 0.9999851141976812 0.9999857203553523 0.9999862926853694 0.9999868341736022 0.9999873474963524 0.9999878350098943 0.999988298814795 0.9999887407893809 0.9999891626179753 0.9999895658154755 0.9999899517477469 0.9999903216494024 0.9999906766394893 0.9999910177361314 0.9999913458654192 0.9999916618729129 0.9999919665325336 0.9999922605528371 0.9999925445859034 0.9999928192304754 0.9999930850377101 0.9999933425195456 0.9999935921481782 0.9999938343607682 0.9999940695625781 0.9999942981306331 0.9999945204163347 0.9999947367465077 0.9999949474265372 0.9999951527403679 0.9999953529557347 0.9999955483220704 0.9999957390731197 0.9999959254300775 0.9999961075989743 0.9999962857738129 0.9999964601381381 0.9999966308639904 0.9999967981139976 0.999996962041375 0.9999971227925403 0.9999972805039752 0.9999974353058869 0.9999975873222072 0.9999977366695469 0.9999978834592881 0.9999980277981061 0.9999981697853557 0.9999983095167313 0.9999984952189942 0.9999985863220061 0.9999987100740116 0.999998804669602 0.9999990173471832 0.9999992767951955 0.9999992767951955 0.9999992767951955 0.9999997374097652 0.9999997374097652 0.9999997374097652 0.9999997374097652 0.9999997374097652 1.0 1.0
0.0 0.75 1.25 1.75 2.25 2.75 3.25 3.75 4.25 4.75 5.25 5.75 6.25 6.75 7.25 7.75 8.25 8.75 9.25 9.75 10.25 10.75 11.25 11.75 12.25 12.75 13.25 13.75 14.25 14.75 15.25 15.75 16.25 16.75 17.25 17.75 18.25 18.75 19.25 19.75 20.25 20.75 21.25 21.75 22.25 22.75 23.25 23.75 24.25 24.75 25.25 25.75 26.25 26.75 27.25 27.75 28.25 28.75 29.25 29.75 30.25 30.75 31.25 31.75 32.25 32.75 33.25 33.75 34.25 34.75 35.25 35.75 36.25 36.75 37.25 37.75 38.25 38.75 39.25 39.75 40.25 40.75 41.25 41.75 42.25 42.75 43.25 43.75 44.25 44.75 45.25 45.75 46.25 46.75 47.25 47.75 48.25 48.75 49.25 49.75 50.25 50.75 51.25 51.75 52.25 52.75 53.25 53.75 54.25 54.75 55.25 55.75 56.25 56.75 57.25 57.75 58.25 58.75 59.25 59.75 60.25 60.75 61.25 61.75 62.25 62.75 63.25 63.75 64.25 64.75 65.25 65.75 66.25 66.75 67.25 67.75 68.25 68.75 69.25 69.75 70.25 70.75 71.25 71.75 72.25
0.09149074210042586 0.16368397971896362 0.36307367864493795 0.6502718935223517 0.7372063755316632 0.8158112345958534 0.8571046011350675 0.8881308453081174 0.9124212242402338 0.9394601303797255 0.9527163066066023 0.9640714799242578 0.9728707680094708 0.9810379030460882 0.9870131401965979 0.9912398571779995 0.9940538098729778 0.9959960846900442 0.9974821714098873 0.9987134371835542 0.999051228609513 0.9993058027597926 0.9995027354277917 0.9996629634806499 0.9997213139782603 0.9997307319083645 0.9997352639333076 0.9997389829540059 0.9997424621800726 0.9997459039370841 0.9997495105192451 0.9997534405138339 0.9997578462075131 0.9997628892620526 0.9997687481548071 0.9997756246623366 0.9997837421558428 0.9997933265686025 0.9998045712066395 0.9998175443048358 0.9998320770276088 0.9998476781360927 0.9998635798440698 0.9998789417383107 0.9998930864372811 0.9999056283746802 0.9999164652243279 0.9999256897438343 0.999933491945125 0.999940088611206 0.9999456851264584 0.9999504598113754 0.9999545608480694 0.9999581086175134 0.9999611999504956 0.9999639125040638 0.9999663086726129 0.9999684387669503 0.9999703435816013 0.9999720563869532 0.9999736044978741 0.9999750104867766 0.9999762931195605 0.999977467967374 0.999978548415757 0.9999795456541846 0.9999804692093965 0.9999813272329778 0.9999821267418795 0.9999828737961955 0.9999835736612539 0.9999842309226478 0.9999848496012679 0.9999854332160474 0.9999859848885357 0.9999865073711349 0.9999870031119347 0.999987474291837 0.9999879228595879 0.999988350563151 0.9999887589727131 0.9999891495052589 0.9999895234402576 0.999989881937441 0.999990226044123 0.9999905567265723 0.9999908748606006 0.9999911812462029 0.9999914766154013 0.9999917616421783 0.9999920369456151 0.9999923030966891 0.9999925606219326 0.999992810009186 0.9999930517096884 0.9999932861417381 0.9999935136948748 0.9999937347309267 0.9999939495871468 0.9999941585788269 0.9999943619992989 0.9999945601246394 0.9999947532121019 0.9999949415032534 0.9999951252244977 0.9999953045891673 0.9999954797975219 0.9999956510383189 0.9999958184888118 0.999995982316843 0.9999961426808427 0.9999962997303526 0.9999964536070712 0.999996604444331 0.9999967523691901 0.9999968975019091 0.9999970399564744 0.9999971798416435 0.9999973172598992 0.9999974523084961 0.9999975850810283 0.9999977156663843 0.9999978441487464 0.9999979706091597 0.9999980951234411 0.9999982177658383 0.9999983386069393 0.9999984577131488 0.9999985751493031 0.9999986195795709 0.9999987301373352 0.9999988063224964 0.9999989099668384 0.9999990493338405 0.9999991680672418 0.9999993867989939 0.9999993867989939 0.9999993867989939 0.9999997768138955 0.9999997768138955 0.9999997768138955 0.9999997768138955 0.9999997768138955 1.0 1.0
0.0 1.5 2.5 3.5 4.5 5.5 6.5 7.5 8.5 9.5 10.5 11.5 12.5 13.5 14.5 15.5 16.5 17.5 18.5 19.5 20.5 21.5 22.5 23.5 24.5 25.5 26.5 27.5 28.5 29.5 30.5 31.5 32.5 33.5 34.5 35.5 36.5 37.5 38.5 39.5 40.5 41.5 42.5 43.5 44.5 45.5 46.5 47.5 48.5 49.5 50.5 51.5 52.5 53.5 54.5 55.5 56.5 57.5 58.5 59.5 60.5 61.5 62.5 63.5 64.5 65.5 66.5 67.5 68.5 69.5 70.5 71.5 72.5 73.5 74.5 75.5 76.5 77.5
0.26137772671133735 0.6742321446297502 0.8255669343842718 0.8888527321525391 0.9346093473782506 0.9628232344088037 0.9815752908794935 0.9916978926199802 0.9954244938679995 0.9985644756418492 0.9992097767374221 0.9996598372639246 0.999695589645835 0.9997043559218328 0.9997122564745942 0.9997212289882408 0.9997327395139552 0.9997484574460049 0.9997704112402139 0.9998001621517668 0.9998359045836153 0.9998709747078646 0.9998994972390346 0.9999204198449987 0.9999353649512093 0.999946175083013 0.9999542027817372 0.9999603364974643 0.9999651492180837 0.999969015337292 0.9999721853705146 0.9999748312955274 0.9999770741864944 0.9999790012421407 0.9999806766290595 0.999982148458062 0.9999834533069328 0.999984619714259 0.9999856699998388 0.9999866219154874 0.9999874897542427 0.999988285150893 0.9999890176710663 0.9999896952533289 0.9999903245393474 0.9999909111384693 0.9999914598154171 0.9999919746440632 0.9999924591465031 0.9999929163688129 0.9999933489647193 0.999993759256657 0.9999941492911731 0.9999945208739774 0.9999948756095178 0.9999952149269848 0.9999955401006648 0.999995852274815 0.999996152478362 0.9999964416396018 0.9999967205963743 0.9999969901096336 0.9999972508702303 0.9999975035068275 0.9999977485960765 0.9999979866637477 0.9999982181926453 0.9999984436271298 0.9999986633776414 0.9999988076184892 0.9999989753482675 0.9999992167571243 0.9999994219353179 0.999999789038333 0.999999789038333 0.999999789038333 1.0 1.0
0.0 1.5 2.5 3.5 4.5 5.5 6.5 7.5 8.5 9.5 10.5 11.5 12.5 13.5 14.5 15.5 16.5 17.5 18.5 19.5 20.5 21.5 22.5 23.5 24.5 25.5 26.5 27.5 28.5 29.5 30.5 31.5 32.5 33.5 34.5 35.5 36.5 37.5 38.5 39.5 40.5 41.5 42.5 43.5 44.5 45.5 46.5 47.5 48.5 49.5 50.5 51.5 52.5 53.5 54.5 55.5 56.5 57.5 58.5 59.5 60.5 61.5 62.5 63.5 64.5 65.5 66.5 67.5 68.5 69.5 70.5 71.5 72.5 73.5 74.5 75.5 76.5 77.5 78.5 79.5 80.5 81.5 82.5
0.26546924922398135 0.6673789773335717 0.816679957654419 0.8841884433581271 0.929806449226853 0.9602691128030989 0.9792193196482109 0.9906548750324089 0.9948827284901468 0.9983514062778783 0.9991003295676945 0.9996094518257282 0.9996827177744781 0.9996922621162986 0.9997005168058798 0.9997098445235496 0.999721806993053 0.9997381735343915 0.9997610933980539 0.999792216298603 0.9998295978972258 0.9998661593960523 0.9998957838020976 0.9999174704576821 0.9999329425918393 0.999944126227065 0.9999524265092107 0.9999587644647191 0.999963732377819 0.9999677197732589 0.9999709860472452 0.9999737093789188 0.999976015207301 0.9999779939699163 0.999979712180936 0.9999812197259886 0.999982554653627 0.999983746426276 0.9999848181902329 0.9999857883445047 0.9999866716950643 0.9999874802488977 0.9999882239446176 0.9999889109820894 0.9999895482166222 0.9999901414285605 0.9999906955271756 0.9999912147115144 0.9999917025972656 0.9999921623141745 0.9999925965898661 0.9999930078110117 0.999993398079967 0.9999937692521509 0.999994122975692 0.9999944607163491 0.9999947837858286 0.9999950933610418 0.999995390497697 0.9999956761518224 0.9999959511854288 0.999996216381236 0.999996472450601 0.9999967200403153 0.9999969597427992 0.9999971920972341 0.9999974176008908 0.9999976367079956 0.9999978498399257 0.9999980573795454 0.9999982596870644 0.9999984570921083 0.9999986499016482 0.9999988384011335 0.9999989629758783 0.9999991723278734 0.999999317440228 0.9999994957768189 0.9999998157437385 0.9999998157437385 0.9999998157437385 1.0 1.0
0.0 1.5 2.5 3.5 4.5 5.5 6.5 7.5 8.5 9.5 10.5 11.5 12.5 13.5 14.5 15.5 16.5 17.5 18.5 19.5 20.5 21.5 22.5 23.5 24.5 25.5 26.5 27.5 28.5 29.5 30.5 31.5 32.5 33.5 34.5 35.5 36.5 37.5 38.5 39.5 40.5 41.5 42.5 43.5 44.5 45.5 46.5 47.5 48.5 49.5 50.5 51.5 52.5 53.5 54.5 55.5 56.5 57.5 58.5 59.5 60.5 61.5 62.5 63.5 64.5 65.5 66.5 67.5 68.5 69.5 70.5 71.5 72.5 73.5 74.5 75.5 76.5 77.5 78.5 79.5 80.5 81.5 82.5 83.5 84.5 85.5 86.5
0.26667771556218495 0.6627122458285511 0.8165079283710391 0.8814711438019184 0.9316350038553329 0.9585348492288756 0.9780078224455181 0.9894553392040549 0.9951207136271801 0.9987417021139275 0.9995133472731954 0.9996610598722437 0.9996732273992388 0.9996822935101899 0.9996907466547686 0.9997003275509388 0.9997126310786082 0.9997295061556107 0.9997532060864519 0.9997854525263348 0.9998241808716891 0.9998619685457127 0.99989250285044 0.9999148216944335 0.9999307363800076 0.9999422382970358 0.9999507740280239 0.9999572904663333 0.9999623977336559 0.9999664946519691 0.9999698482585967 0.9999726420524487 0.9999750053474997 0.9999770309868764 0.9999787881269219 0.9999803282212245 0.9999816905513125 0.9999829055133365 0.9999839969788148 0.9999849839436417 0.9999858816772926 0.9999867025954962 0.9999874568881028 0.9999881529973542 0.9999887979748855 0.9999893977639259 0.999989957390834 0.999990481180431 0.9999909728364687 0.9999914355640296 0.9999918721533942 0.9999922850457748 0.9999926763888484 0.999993048077558 0.9999934017960451 0.9999937390425839 0.999994061156781 0.9999943693422423 0.9999946646801733 0.9999949481475121 0.9999952206248631 0.9999954829157636 0.9999957357478172 0.9999959797874272 0.9999962156386631 0.9999964438568614 0.9999966649497576 0.9999968793854208 0.9999970875933865 0.9999972899691899 0.9999974868788997 0.9999976786602505 0.9999978656260442 0.9999980480664155 0.9999982262522322 0.9999984004328292 0.9999985708439407 0.9999987377054348 0.9999989012224456 0.999999009884491 0.9999991928212647 0.9999993198560945 0.9999994762240031 0.999999757424664 0.999999757424664 1.0 1.0
0.0 1.5 2.5 3.5 4.5 5.5 6.5 7.5 8.5 9.5 10.5 11.5 12.5 13.5 14.5 15.5 16.5 17.5 18.5 19.5 20.5 21.5 22.5 23.5 24.5 25.5 26.5 27.5 28.5 29.5 30.5 31.5 32.5 33.5 34.5 35.5 36.5 37.5 38.5 39.5 40.5 41.5 42.5 43.5 44.5 45.5 46.5 47.5 48.5 49.5 50.5 51.5 52.5 53.5 54.5 55.5 56.5 57.5 58.5 59.5 60.5 61.5 62.5 63.5 64.5 65.5 66.5 67.5 68.5 69.5 70.5 71.5 72.5 73.5 74.5 75.5 76.5 77.5 78.5 79.5 80.5 81.5 82.5 83.5 84.5 85.5 86.5 87.5 88.5 89.5 90.5 91.5
0.27166424300270503 0.6619158359934001 0.8141152986775322 0.8806308329624197 0.9309222544977788 0.9571890202324251 0.978731701067214 0.9905761700142951 0.9963257296062733 0.9985915080104059 0.9994099341328163 0.9996499990712637 0.9996643128279317 0.9996736204044288 0.9996822715608136 0.9996920758821402 0.9997046865720925 0.9997220199385132 0.999746423973608 0.9997796901118333 0.9998196422123862 0.9998585035733318 0.9998898238039295 0.9999126843567251 0.9999289776416521 0.9999407522455641 0.9999494901340913 0.9999561601834105 0.9999613865105674 0.9999655772086928 0.9999690056725836 0.9999718598824595 0.9999742723899315 0.9999763388547829 0.9999781297213229 0.9999796978852546 0.9999810836913359 0.9999823181932173 0.9999834262065596 0.999984427231329 0.9999853369510958 0.9999861681110324 0.9999869311676094 0.9999876347735962 0.999988286155157 0.999988891393537 0.9999894556420065 0.9999899833007794 0.9999904781510409 0.9999909434617158 0.9999913820746562 0.9999917964716553 0.9999921888414616 0.999992561113854 0.9999929149971241 0.9999932520144226 0.9999935735276123 0.9999938807588488 0.9999941748053457 0.9999944566598203 0.999994727220716 0.9999949873035601 0.9999952376489153 0.9999954789337374 0.9999957117759193 0.9999959367422411 0.999996154351778 0.9999963650804439 0.9999965693666698 0.9999967676159479 0.999996960201967 0.9999971474688841 0.9999973297370041 0.9999975073027788 0.9999976804422157 0.9999978494108769 0.9999980144472873 0.9999981757740699 0.9999983335979463 0.9999984881131435 0.9999986395025307 0.9999987879364826 0.9999989335751516 0.9999990765696034 0.9999992191699215 0.9999993704741212 0.9999995828645095 0.9999995828645095 0.9999998314379666 0.9999998314379666 0.9999999999999999 1.0
0.0 1.5 2.5 3.5 4.5 5.5 6.5 7.5 8.5 9.5 10.5 11.5 12.5 13.5 14.5 15.5 16.5 17.5 18.5 19.5 20.5 21.5 22.5 23.5 24.5 25.5 26.5 27.5 28.5 29.5 30.5 31.5 32.5 33.5 34.5 35.5 36.5 37.5 38.5 39.5 40.5 41.5 42.5 43.5 44.5 45.5 46.5 47.5 48.5 49.5 50.5 51.5 52.5 53.5 54.5 55.5 56.5 57.5 58.5 59.5 60.5 61.5 62.5 63.5 64.5 65.5 66.5 67.5 68.5 69.5 70.5 71.5 72.5 73.5 74.5 75.5 76.5 77.5 78.5 79.5 80.5 81.5 82.5 83.5 84.5 85.5 86.5 87.5 88.5 89.5 90.5 91.5 92.5 93.5 94.5 95.5 96.5
0.2704723826038248 0.6549451734352207 0.8060808570435545 0.8794863579039703 0.9296748957216473 0.9609527161499739 0.980636801773749 0.9904950137532763 0.9952569397677619 0.9983590325530982 0.9992941140334065 0.9996484132706597 0.9996659380237153 0.9996751544379175 0.9996836992805057 0.9996934076719727 0.9997059281908169 0.9997231835523483 0.9997475340259229 0.9997807817988347 0.9998206978350196 0.9998594560439157 0.9998906129389956 0.9999133249263206 0.9999295065815573 0.9999412006485275 0.9999498742495931 0.9999564952529878 0.9999616823850858 0.9999658403575533 0.9999692404464068 0.9999720693412211 0.9999744587861448 0.9999765039026097 0.9999782748027971 0.9999798241276042 0.9999811920870936 0.9999824098321434 0.9999835018316323 0.999984487538966 0.9999853825954275 0.9999861997031733 0.9999869492030689 0.9999876398114571 0.9999882787087061 0.9999888719376777 0.9999894246092047 0.9999899410882699 0.9999904251188819 0.9999908799341931 0.9999913083427776 0.9999917127978806 0.9999920954553154 0.9999924582166025 0.999992802765297 0.9999931306010457 0.9999934430611568 0.9999937413489806 0.9999940265475323 0.9999942996331149 0.999994561488942 0.9999948129164904 0.9999950546479873 0.9999952873486811 0.9999955116281937 0.9999957280450611 0.9999959371112749 0.9999961392979578 0.9999963350387703 0.9999965247333154 0.9999967087528151 0.9999968874389759 0.9999970611085283 0.9999972300566337 0.9999973945534784 0.9999975548556258 0.9999977111980698 0.999997863801046 0.9999980128700322 0.9999981585968836 0.9999983011621023 0.9999984407337034 0.9999985774694848 0.9999987115170272 0.9999988430170997 0.9999989721002548 0.9999990988902328 0.9999992235050985 0.9999992469862082 0.999999369260217 0.9999994765857777 0.9999996599093778 0.9999996599093778 0.9999998748822247 0.9999998748822247 1.0 1.0
0.0 1.5 2.5 3.5 4.5 5.5 6.5 7.5 8.5 9.5 10.5 11.5 12.5 13.5 14.5 15.5 16.5 17.5 18.5 19.5 20.5 21.5 22.5 23.5 24.5 25.5 26.5 27.5 28.5 29.5 30.5 31.5 32.5 33.5 34.5 35.5 36.5 37.5 38.5 39.5 40.5 41.5 42.5 43.5 44.5 45.5 46.5 47.5 48.5 49.5 50.5 51.5 52.5 53.5 54.5 55.5 56.5 57.5 58.5 59.5 60.5 61.5 62.5 63.5 64.5 65.5 66.5 67.5 68.5 69.5 70.5 71.5 72.5 73.5 74.5 75.5 76.5 77.5 78.5 79.5 80.5 81.5 82.5 83.5 84.5 85.5 86.5 87.5 88.5 89.5 90.5 91.5 92.5 93.5 94.5 95.5 96.5 97.5 98.5 99.5 100.5 101.5
0.2727955707742118 0.6587377179893046 0.8088913138053998 0.8778117792839374 0.9282405195193338 0.9607617906768016 0.9799317180855406 0.9898878179247336 0.9945526874255662 0.9980707247918775 0.9991867821394578 0.9996322227762915 0.9996575736505047 0.9996672959649207 0.9996760636484232 0.999685990423519 0.9996987859210458 0.9997164466781764 0.9997414176546282 0.9997755727702589 0.9998165887735478 0.9998563376933675 0.9998882117178335 0.999911412186621 0.9999279329095483 0.9999398706540681 0.9999487300107756 0.9999554919977395 0.9999607883270945 0.9999650322385113 0.9999685008539403 0.9999713835540633 0.99997381685434 0.9999758979735959 0.9999776986185279 0.9999792726771165 0.9999806613096873 0.9999818964149247 0.9999830030788087 0.999984001226937 0.9999849068870631 0.9999857330698048 0.9999864904436638 0.9999871878293595 0.9999878325771123 0.9999884308643804 0.9999889879151839 0.9999895081512464 0.9999899954272293 0.9999904530330038 0.9999908838266103 0.9999912902978961 0.9999916746310178 0.999992038751033 0.9999923843659476 0.999992712991716 0.9999930259840609 0.9999933245555187 0.999993609799304 0.9999938826995369 0.9999941441494264 0.9999943949614967 0.9999946358709971 0.9999948675529481 0.9999950906244135 0.9999953056479101 0.9999955131427716 0.9999957135851488 0.9999959074159642 0.9999960950397752 0.9999962768338656 0.9999964531437007 0.9999966242931537 0.9999967905788245 0.9999969522802667 0.9999971096565793 0.9999972629475419 0.9999974123770251 0.9999975581552625 0.9999977004777143 0.999997839528477 0.9999979754780103 0.9999981084876827 0.9999982387074986 0.9999983662795079 0.9999984913378053 0.9999986140062583 0.9999987344041887 0.9999988526429634 0.9999989688282673 0.9999990830589672 0.9999991954301795 0.999999306031566 0.9999993462695914 0.9999994649345152 0.9999995536070619 0.9999996957829184 0.9999996957829184 0.9999998883239223 0.9999998883239223 1.0 1.0
0.0 1.5 2.5 3.5 4.5 5.5 6.5 7.5 8.5 9.5 10.5 11.5 12.5 13.5 14.5 15.5 16.5 17.5 18.5 19.5 20.5 21.5 22.5 23.5 24.5 25.5 26.5 27.5 28.5 29.5 30.5 31.5 32.5 33.5 34.5 35.5 36.5 37.5 38.5 39.5 40.5 41.5 42.5 43.5 44.5 45.5 46.5 47.5 48.5 49.5 50.5 51.5 52.5 53.5 54.5 55.5 56.5 57.5 58.5 59.5 60.5 61.5 62.5 63.5 64.5 65.5 66.5 67.5 68.5 69.5 70.5 71.5 72.5 73.5 74.5 75.5 76.5 77.5 78.5 79.5 80.5 81.5 82.5 83.5 84.5 85.5 86.5 87.5 88.5 89.5 90.5 91.5 92.5 93.5 94.5 95.5 96.5 97.5 98.5 99.5 100.5 101.5 102.5 103.5 104.5 105.5 106.5
0.274980416204405 0.6653112149031729 0.8120116245829437 0.8787271559905454 0.9257666428946717 0.9575347659917315 0.9775086281891581 0.9895612472464078 0.9943778245326749 0.9979451929778955 0.999100900121429 0.9996073608246819 0.9996408981318448 0.9996510202593457 0.9996602074836205 0.9996705840904373 0.9996839693930567 0.9997024762454698 0.9997287068840929 0.9997646580592884 0.9998078462886213 0.9998496203900911 0.9998830350758063 0.9999073207198725 0.9999246038602884 0.9999370903181222 0.9999463559723488 0.9999534270439108 0.9999589639937644 0.9999633989885756 0.9999670219063564 0.9999700324335183 0.9999725716302255 0.9999747414724774 0.999976617193879 0.9999782546679502 0.9999796979838128 0.9999809806178045 0.9999821288914493 0.9999831637243303 0.9999841019342404 0.9999849571790252 0.999985740650451 0.9999864615940384 0.9999871277151463 0.9999877454804068 0.9999883203577353 0.9999888569983296 0.9999893593856803 0.999989830952733 0.9999902746751622 0.9999906931453082 0.999991088621089 0.9999914631181372 0.999991818404113 0.9999921560498901 0.9999924774557192 0.9999927838773892 0.9999930764444283 0.9999933561726151 0.9999936239855916 0.9999938807182756 0.9999941271316483 0.9999943639218535 0.9999945917236109 0.9999948111181779 0.9999950226435874 0.9999952267923728 0.9999954240195301 0.9999956147447931 0.9999957993560462 0.9999959782150112 0.9999961516538352 0.9999963199841905 0.999996483493862 0.9999966424512979 0.9999967971067455 0.999996947694528 0.9999970944330436 0.999997237525903 0.9999973771642046 0.9999975135276717 0.999997646782378 0.9999977770864347 0.9999979045877153 0.9999980294249939 0.9999981517290818 0.9999982716228277 0.999998389222256 0.9999985046365655 0.9999986179694953 0.9999987293188696 0.9999988387770526 0.9999989464318587 0.9999990523664383 0.9999991566599606 0.9999992593875002 0.9999993606208326 0.9999994279006502 0.9999995066918689 0.9999996211120119 0.9999997192729831 0.9999998968886712 0.9999998968886712 0.9999998968886712 0.9999999999999999 1.0
0.0 1.5 2.5 3.5 4.5 5.5 6.5 7.5 8.5 9.5 10.5 11.5 12.5 13.5 14.5 15.5 16.5 17.5 18.5 19.5 20.5 21.5 22.5 23.5 24.5 25.5 26.5 27.5 28.5 29.5 30.5 31.5 32.5 33.5 34.5 35.5 36.5 37.5 38.5 39.5 40.5 41.5 42.5 43.5 44.5 45.5 46.5 47.5 48.5 49.5 50.5 51.5 52.5 53.5 54.5 55.5 56.5 57.5 58.5 59.5 60.5 61.5 62.5 63.5 64.5 65.5 66.5 67.5 68.5 69.5 70.5 71.5 72.5 73.5 74.5 75.5 76.5 77.5 78.5 79.5 80.5 81.5 82.5 83.5 84.5 85.5 86.5 87.5 88.5 89.5 90.5 91.5 92.5 93.5 94.5 95.5 96.5 97.5 98.5 99.5 100.5 101.5 102.5 103.5 104.5 105.5 106.5 107.5 108.5 109.5 110.5 111.5 112.5 113.5 114.5 115.5
0.27903383554614214 0.664657052681371 0.8119748180038999 0.8762612884372075 0.9258550221859114 0.9555384108431925 0.9761677568882406 0.9889783649691174 0.9949658537573942 0.9985859119432218 0.9994606278758683 0.9996027677905273 0.9996248496901099 0.9996350603081503 0.9996445664654722 0.9996553059446829 0.9996691836647232 0.9996884467414474 0.9997158820912418 0.9997536380452441 0.9997990562245697 0.9998428822709373 0.9998778141603035 0.9999031515456056 0.9999211746000819 0.9999341878826317 0.9999438484558834 0.9999512228848283 0.9999569975232623 0.9999616216598928 0.9999653970159944 0.9999685316673459 0.9999711727825499 0.9999734269292232 0.9999753728365856 0.9999770697936994 0.9999785631305455 0.9999798880467994 0.9999810722327211 0.999982137727706 0.9999831022535206 0.9999839802011231 0.999984783359955 0.9999855214683273 0.9999862026339027 0.9999868335285521 0.9999874200424383 0.9999879670435775 0.9999884786946246 0.9999889585736625 0.9999894097756192 0.9999898349897544 0.9999902365703098 0.9999906165786716 0.9999909768392061 0.999991318966609 0.9999916443989502 0.9999919544216048 0.9999922501854851 0.9999925327321093 0.9999928029981603 0.9999930618359966 0.9999933100159318 0.9999935482490243 0.9999937771791012 0.9999939973987112 0.9999942094502643 0.9999944138362874 0.9999946110171455 0.9999948014212968 0.9999949854430141 0.9999951634515011 0.9999953357863336 0.9999955027642972 0.999995664680527 0.999995821810786 0.9999959744114655 0.9999961227241428 0.9999962669721637 0.9999964073663385 0.9999965441049433 0.9999966773725797 0.9999968073424543 0.999996934177518 0.9999970580316055 0.9999971790494357 0.9999972973666109 0.9999974131107571 0.9999975264028907 0.9999976373570778 0.9999977460811164 0.9999978526763095 0.9999979572390604 0.9999980598600745 0.9999981606256133 0.9999982596172662 0.9999983569121785 0.9999984525839629 0.999998546702472 0.9999986393339115 0.9999987305412968 0.9999988203845667 0.9999989089211523 0.9999989962057508 0.9999990822905521 0.999999167225239 0.9999992510577851 0.9999993338339992 0.9999993891950328 0.9999994829792076 0.9999995485230779 0.9999996296547412 0.9999997767538332 0.9999997767538332 1.0 1.0
0.0 1.5 2.5 3.5 4.5 5.5 6.5 7.5 8.5 9.5 10.5 11.5 12.5 13.5 14.5 15.5 16.5 17.5 18.5 19.5 20.5 21.5 22.5 23.5 24.5 25.5 26.5 27.5 28.5 29.5 30.5 31.5 32.5 33.5 34.5 35.5 36.5 37.5 38.5 39.5 40.5 41.5 42.5 43.5 44.5 45.5 46.5 47.5 48.5 49.5 50.5 51.5 52.5 53.5 54.5 55.5 56.5 57.5 58.5 59.5 60.5 61.5 62.5 63.5 64.5 65.5 66.5 67.5 68.5 69.5 70.5 71.5 72.5 73.5 74.5 75.5 76.5 77.5 78.5 79.5 80.5 81.5 82.5 83.5 84.5 85.5 86.5 87.5 88.5 89.5 90.5 91.5 92.5 93.5 94.5 95.5 96.5 97.5 98.5 99.5 100.5 101.5 102.5 103.5 104.5 105.5 106.5 107.5 108.5 109.5 110.5 111.5 112.5 113.5 114.5 115.5 116.5 117.5 118.5 119.5 120.5 121.5 122.5 123.5 124.5 125.5
0.2872815068210997 0.6628652251704944 0.8092649545134045 0.8790386432861005 0.9270234613014691 0.9566617326645181 0.9779320424332197 0.9900212049097544 0.9956308515960485 0.9982257425397576 0.9992475019919 0.9995804112161353 0.9996126915032996 0.9996233119566831 0.9996330284078632 0.9996440143459319 0.999658236890022 0.9996780510364358 0.9997063901091259 0.9997455317828489 0.9997926735661449 0.9998380632919358 0.9998741328037292 0.9999002552720743 0.9999188338291092 0.9999322652025843 0.9999422413974333 0.9999498598283694 0.9999558264990871 0.9999606038635637 0.9999645027404602 0.9999677378025668 0.9999704610511646 0.9999727827446506 0.9999747823431787 0.9999765238105712 0.9999780541504598 0.9999794099136003 0.9999806198511191 0.9999817068804315 0.9999826894484615 0.9999835825437638 0.9999843984478956 0.9999851473083803 0.9999858375698607 0.9999864763068982 0.999987069491584 0.9999876221879593 0.9999881387201294 0.9999886228014954 0.9999890776342514 0.9999895059985877 0.9999899103167353 0.999990292712435 0.9999906550532519 0.9999909989665866 0.9999913259494649 0.9999916373079243 0.9999919342107657 0.9999922177089949 0.9999924887518336 0.9999927481958685 0.9999929968222063 0.9999932353387606 0.9999934643951194 0.9999936845836883 0.9999938964499842 0.9999941004949214 0.999994297180531 0.9999944869356782 0.9999946701560625 0.9999948472087926 0.9999950184369609 0.9999951841573557 0.9999953446673236 0.9999955002424821 0.9999956511412939 0.9999957976062107 0.9999959398648172 0.9999960781286867 0.9999962125968129 0.9999963434567528 0.9999964708857708 0.999996595048551 0.9999967161017722 0.9999968341918205 0.9999969494582199 0.9999970620314599 0.9999971720352824 0.9999972795865676 0.9999973847957909 0.9999974877671383 0.9999975885998774 0.9999976873873297 0.999997784218356 0.9999978791768993 0.9999979723426715 0.999998063791496 0.9999981535953077 0.9999982418222677 0.999998328537106 0.9999984138019222 0.999998497675271 0.9999985802130761 0.9999986614685168 0.9999987414924854 0.9999988203337008 0.999998898038023 0.9999989746499396 0.9999990502117653 0.9999991247638707 0.9999991983451395 0.9999992709926258 0.9999993427418966 0.9999994136271468 0.9999994836814279 0.9999995529364184 0.9999995588937913 0.9999996217718414 0.9999996953027901 0.9999997993460717 0.9999997993460717 0.9999999222680017 0.9999999222680017 1.0 1.0
0.0 1.5 2.5 3.5 4.5 5.5 6.5 7.5 8.5 9.5 10.5 11.5 12.5 13.5 14.5 15.5 16.5 17.5 18.5 19.5 20.5 21.5 22.5 23.5 24.5 25.5 26.5 27.5 28.5 29.5 30.5 31.5 32.5 33.5 34.5 35.5 36.5 37.5 38.5 39.5 40.5 41.5 42.5 43.5 44.5 45.5 46.5 47.5 48.5 49.5 50.5 51.5 52.5 53.5 54.5 55.5 56.5 57.5 58.5 59.5 60.5 61.5 62.5 63.5 64.5 65.5 66.5 67.5 68.5 69.5 70.5 71.5 72.5 73.5 74.5 75.5 76.5 77.5 78.5 79.5 80.5 81.5 82.5 83.5 84.5 85.5 86.5 87.5 88.5 89.5 90.5 91.5 92.5 93.5 94.5 95.5 96.5 97.5 98.5 99.5 100.5 101.5 102.5 103.5 104.5 105.5 106.5 107.5 108.5 109.5 110.5 111.5 112.5 113.5 114.5 115.5 116.5 117.5 118.5 119.5 120.5 121.5 122.5 123.5 124.5 125.5 126.5 127.5 128.5 129.5 130.5 131.5 132.5 133.5 134.5 135.5
0.2933464036879758 0.6651249085531147 0.8086779553539063 0.8761812750331187 0.9239863549059867 0.9571017716676385 0.9776420938536055 0.9894681241776345 0.9943502354349504 0.997860383198395 0.9990383261510142 0.9995436696059881 0.9995917267934252 0.9996050581304267 0.9996151737945094 0.999626606997537 0.9996414436870827 0.999662181271455 0.9996919550991166 0.9997331570156436 0.9997828259668956 0.9998305436244056 0.9998683495536571 0.9998956867008215 0.9999151245311498 0.999929182400275 0.9999396292235707 0.9999476101606034 0.9999538618112875 0.999958866913563 0.9999629502282064 0.9999663362623586 0.99996918419719 0.9999716096058898 0.9999736980876106 0.9999755142688525 0.9999771077202968 0.9999785170389628 0.9999797726231561 0.9999808987341878 0.9999819148987555 0.9999828370017226 0.9999836780658565 0.9999844488503915 0.9999851579278561 0.9999858132584558 0.9999864211523328 0.9999869869587176 0.9999875152425161 0.9999880099138838 0.9999884743440399 0.9999889114512677 0.9999893237777413 0.9999897135411269 0.9999900826907688 0.9999904329455302 0.9999907658293397 0.9999910826952715 0.999991384753066 0.9999916730851826 0.9999919486662934 0.9999922123758969 0.9999924650097841 0.9999927072949459 0.9999929398838394 0.9999931633864946 0.9999933783579015 0.999993585306036 0.9999937846987411 0.9999939769683124 0.9999941625160855 0.9999943417135827 0.9999945149048057 0.9999946824119699 0.9999948445332101 0.9999950015494612 0.9999951537210183 0.9999953012932693 0.9999954444966954 0.999995583544578 0.9999957186410248 0.9999958499752368 0.9999959777272419 0.999996102065601 0.999996223148555 0.9999963411274645 0.9999964561433706 0.9999965683308928 0.9999966778165089 0.9999967847202756 0.9999968891557138 0.9999969912302664 0.999997091045873 0.9999971886993126 0.9999972842823192 0.9999973778819251 0.9999974695810349 0.9999975594581958 0.9999976475879413 0.9999977340413654 0.9999978188860069 0.9999979021863091 0.9999979840032749 0.9999980643956138 0.9999981434187103 0.9999982211255407 0.9999982975667879 0.9999983727904976 0.9999984468429952 0.9999985197683131 0.999998591608305 0.9999986624032187 0.9999987321915829 0.9999988010102054 0.9999988688942893 0.9999989358774323 0.9999990019923142 0.9999990672698953 0.9999991317399891 0.9999991954312627 0.9999992583713506 0.9999993205865118 0.9999993821024316 0.9999994429437635 0.9999995031341292 0.9999995626962326 0.9999996216525485 0.9999996432791486 0.9999997072960773 0.9999997747268814 0.9999998328072537 0.9999998328072537 0.9999999384155092 0.9999999384155092 1.0 1.0
0.0 1.5 2.5 3.5 4.5 5.5 6.5 7.5 8.5 9.5 10.5 11.5 12.5 13.5 14.5 15.5 16.5 17.5 18.5 19.5 20.5 21.5 22.5 23.5 24.5 25.5 26.5 27.5 28.5 29.5 30.5 31.5 32.5 33.5 34.5 35.5 36.5 37.5 38.5 39.5 40.5 41.5 42.5 43.5 44.5 45.5 46.5 47.5 48.5 49.5 50.5 51.5 52.5 53.5 54.5 55.5 56.5 57.5 58.5 59.5 60.5 61.5 62.5 63.5 64.5 65.5 66.5 67.5 68.5 69.5 70.5 71.5 72.5 73.5 74.5 75.5 76.5 77.5 78.5 79.5 80.5 81.5 82.5 83.5 84.5 85.5 86.5 87.5 88.5 89.5 90.5 91.5 92.5 93.5 94.5 95.5 96.5 97.5 98.5 99.5 100.5 101.5 102.5 103.5 104.5 105.5 106.5 107.5 108.5 109.5 110.5 111.5 112.5 113.5 114.5 115.5 116.5 117.5 118.5 119.5 120.5 121.5 122.5 123.5 124.5 125.5 126.5 127.5 128.5 129.5 130.5 131.5 132.5 133.5 134.5 135.5 136.5 137.5 138.5 139.5 140.5 141.5 142.5 143.5 144.5
0.29589507037183044 0.6644031026347447 0.8053194017962286 0.8735598659803588 0.9206570422373338 0.9545123567379444 0.9758502676894965 0.9889032232001681 0.9939656672198572 0.9977958894365092 0.9988595868022656 0.9994692915825877 0.9995747631650151 0.9995867999688508 0.9995973195878323 0.9996091584855137 0.9996245234188312 0.9996460576517695 0.9996771002193119 0.9997202896788583 0.9997724708966198 0.9998225635386435 0.9998621668101032 0.9998907690707843 0.9999111048465003 0.9999258195823363 0.9999367615656528 0.9999451254884044 0.9999516694895788 0.9999569096978654 0.9999611845970734 0.9999647283914578 0.9999677073956569 0.9999702424655869 0.9999724232674293 0.9999743175760064 0.9999759774392593 0.9999774434141742 0.9999787475284873 0.9999799153469899 0.9999809674879678 0.9999819207344139 0.9999827888571068 0.9999835832413899 0.99998431336931 0.9999849871858121 0.9999856113891697 0.9999861916559837 0.9999867328237045 0.9999872390387191 0.9999877138677001 0.9999881603951828 0.9999885813016245 0.9999889789219505 0.9999893552202991 0.9999897121022632 0.9999900511531582 0.9999903737838117 0.9999906812489305 0.9999909746700593 0.9999912550550957 0.9999915233086226 0.9999917802514225 0.9999920266250696 0.9999922631045569 0.9999924903051842 0.999992708791742 0.9999929190796584 0.9999931216453316 0.9999933169284259 0.9999935053318705 0.9999936872310445 0.9999938629749239 0.9999940328883776 0.9999941972721682 0.9999943564086905 0.9999945105619726 0.9999946599788233 0.9999948048899799 0.9999949455135524 0.9999950820527276 0.9999952147003607 0.9999953436366794 0.9999954690327281 0.9999955910492191 0.9999957098376817 0.9999958255427572 0.999995938300707 0.9999960482398716 0.9999961554823927 0.9999962601440981 0.9999963623345022 0.9999964621577235 0.9999965597128302 0.9999966550938391 0.9999967483899456 0.9999968396860979 0.9999969290632263 0.9999970165983582 0.9999971023646177 0.9999971864318 0.9999972688663714 0.9999973497319281 0.9999974290887373 0.9999975069946557 0.9999975835047847 0.9999976586714707 0.9999977325452234 0.9999978051739122 0.9999978766033402 0.9999979468773589 0.9999980160380981 0.9999980841255065 0.9999981511780401 0.9999982172323186 0.9999982823238135 0.9999983464861596 0.9999984097516144 0.9999984721512871 0.9999985337149097 0.9999985944710658 0.9999986544471916 0.9999987136694604 0.9999987721633563 0.999998829953331 0.9999988870626875 0.9999989435139256 0.9999989993288565 0.9999990545283728 0.9999991091324487 0.9999991631609435 0.9999992166324543 0.9999992695651185 0.9999993219767294 0.9999993738842764 0.9999994253041753 0.9999994762524974 0.9999995104281583 0.9999995684916888 0.9999996091934312 0.9999996597096659 0.9999997516622147 0.9999997516622147 0.9999999999999999 1.0
0.0 1.5 2.5 3.5 4.5 5.5 6.5 7.5 8.5 9.5 10.5 11.5 12.5 13.5 14.5 15.5 16.5 17.5 18.5 19.5 20.5 21.5 22.5 23.5 24.5 25.5 26.5 27.5 28.5 29.5 30.5 31.5 32.5 33.5 34.5 35.5 36.5 37.5 38.5 39.5 40.5 41.5 42.5 43.5 44.5 45.5 46.5 47.5 48.5 49.5 50.5 51.5 52.5 53.5 54.5 55.5 56.5 57.5 58.5 59.5 60.5 61.5 62.5 63.5 64.5 65.5 66.5 67.5 68.5 69.5 70.5 71.5 72.5 73.5 74.5 75.5 76.5 77.5 78.5 79.5 80.5 81.5 82.5 83.5 84.5 85.5 86.5 87.5 88.5 89.5 90.5 91.5 92.5 93.5 94.5 95.5 96.5 97.5 98.5 99.5 100.5 101.5 102.5 103.5 104.5 105.5 106.5 107.5 108.5 109.5 110.5 111.5 112.5 113.5 114.5 115.5 116.5 117.5 118.5 119.5 120.5 121.5 122.5 123.5 124.5 125.5 126.5 127.5 128.5 129.5 130.5 131.5 132.5 133.5 134.5 135.5 136.5 137.5 138.5 139.5 140.5 141.5 142.5 143.5 144.5 145.5 146.5 147.5 148.5 149.5 150.5 151.5 152.5 153.5 154.5
0.2979038916673511 0.6610861675393693 0.805431621040098 0.8749958366281193 0.9250562167600155 0.9556813078984071 0.9776992221708686 0.9896069238504361 0.9954574885218708 0.9981324090965412 0.999197836669013 0.9995231175536744 0.9995631018795496 0.9995745907653297 0.9995852499011204 0.9995973103329588 0.9996130035205048 0.9996350749989087 0.9996670119516889 0.999711587144153 0.9997655177913024 0.9998172379701408 0.9998580630989214 0.9998875310692423 0.9999084916261797 0.9999236719216553 0.9999349711269877 0.9999436155643595 0.9999503939661821 0.9999558237858641 0.9999602537877157 0.9999639255848043 0.999967010922441 0.9999696348065781 0.9999718900840081 0.9999738470246214 0.9999755596980885 0.999977070293918 0.9999784096155073 0.9999796073173012 0.9999806848467826 0.9999816596737633 0.9999825461475017 0.9999833561458614 0.9999840995693596 0.9999847847157262 0.9999854185866732 0.9999860071176854 0.9999865553641506 0.9999870676599149 0.9999875477298799 0.9999879987922596 0.9999884236413046 0.9999888247116439 0.9999892041334338 0.9999895637748701 0.9999899052846986 0.9999902301243857 0.9999905395876514 0.9999908348337878 0.9999911168945538 0.9999913867006001 0.9999916450883638 0.999991892790876 0.9999921305239335 0.9999923589091196 0.9999925785174631 0.9999927898705882 0.9999929934453097 0.9999931896828251 0.9999933789887147 0.9999935617386854 0.9999937382808696 0.9999939089392719 0.9999940740149175 0.9999942337881507 0.9999943885209325 0.9999945384591384 0.999994683833708 0.9999948248594952 0.9999949617398644 0.9999950946655416 0.9999952238169121 0.999995349362872 0.9999954714642746 0.9999955902727814 0.9999957059308624 0.9999958185748982 0.9999959283334565 0.9999960353280964 0.9999961396747473 0.999996241483019 0.9999963408573512 0.9999964378971283 0.9999965326964495 0.9999966253452777 0.9999967159289799 0.9999968045291316 0.9999968912232875 0.9999969760855547 0.9999970591867086 0.9999971405939628 0.9999972203716587 0.9999972985811504 0.999997375281379 0.9999974505281837 0.9999975243753353 0.9999975968738473 0.9999976680731247 0.9999977380196999 0.9999978067587268 0.9999978743332911 0.9999979407844104 0.9999980061514937 0.9999980704725714 0.9999981337837204 0.9999981961195242 0.9999982575136472 0.9999983179979154 0.9999983776028906 0.9999984363581012 0.9999984942916962 0.9999985514310209 0.9999986078020415 0.9999986634299203 0.9999987183387848 0.9999987725517295 0.9999988260911585 0.9999988789784426 0.9999989312343778 0.9999989828788406 0.9999990339311339 0.9999990844096405 0.9999991343321695 0.9999991837160698 0.9999992325776565 0.9999992809334749 0.9999993287986907 0.9999993761883554 0.9999994231171757 0.9999994695990535 0.9999995156476619 0.9999995612763282 0.9999996064975762 0.9999996513241594 0.9999996957679118 0.9999996977391683 0.9999997401519186 0.9999997876922109 0.9999998551778464 0.9999998551778464 0.99999993522118 0.99999993522118 0.9999999999999999 1.0
