0.25 0.5 1.0 2.0 3.0 4.0 5.0 6.0 7.0 8.0 9.0 10.0 12.0 14.0 16.0 18.0 20.0 22.0 24.0 26.0 28.0 30.0 35.0 40.0 45.0 50.0 55.0 60.0 70.0 80.0 100.0 120.0 140.0 160.0 200.0
1.357612 1.370319 1.305501 0.7629334 0.05922021 0.01049798 0.002282186 0.001197889 0.007580098 0.09817422 0.2857411 0.4484943 0.5395827 0.4734594 0.3305126 0.2527718 0.3082104 0.4611409 0.6181945 0.6824126 0.6591332 0.6135145 0.6101292 0.6692238 0.6575965 0.6378734 0.6295763 0.6196589 0.5981884 0.5795648 0.5495451 0.5229845 0.4977873 0.4678492 0.4341601
0.0 0.0015
1.0 1.0
0.0 0.0015 0.0035 0.0075 0.015 0.035 0.07499999 0.15 0.25 0.35 0.45 0.499995
0.0006327113915781922 0.001309216850653745 0.00211710300257566 0.0031439564726929397 0.0061957468097470336 0.020694535263577722 0.04592226262185971 0.11116143632533669 0.26626983480202776 0.5506094170674928 1.0 1.0
0.0 0.0015 0.0035 0.0075 0.015 0.035 0.07499999 0.15 0.25 0.35 0.45 0.55 0.65 0.75 0.85 0.95 0.99999
0.0003436451373808012 0.0007076118240383572 0.0011325428943927008 0.0016590815350418342 0.0025772200664915665 0.00656089613442375 0.01298044986698217 0.02656368120711033 0.053270032174852495 0.09835599668297376 0.16587449162951642 0.2590153513630225 0.4026447089168576 0.5736367979332709 0.7735745703400247 0.9999999999999999 1.0
0.0 0.0015 0.0035 0.0075 0.015 0.035 0.07499999 0.15 0.25 0.35 0.45 0.55 0.65 0.75 0.85 0.95 1.05 1.15 1.25 1.35 1.45 1.55 1.65 1.75 1.85 1.95 1.99998
9.925827872634534e-05 0.00020328837067996584 0.00032163371216545263 0.0004638376444124171 0.0006537588532573166 0.0013122239180059685 0.0025407751986951796 0.005273799612186306 0.010982572009896526 0.020968829539579396 0.03593055090288976 0.05669875797421782 0.09288314481145389 0.134481081973424 0.18257079578903598 0.23668690374053347 0.29632466226859633 0.3604746698220658 0.4285108291376309 0.501350357066208 0.5802770320426497 0.6602208857035834 0.7411109540842183 0.8226919513567692 0.9041360881961527 0.9999999999999999 1.0
0.0 0.0015 0.0035 0.0075 0.015 0.035 0.07499999 0.15 0.25 0.35 0.45 0.55 0.65 0.75 0.85 0.95 1.05 1.15 1.25 1.35 1.45 1.55 1.65 1.75 1.85 1.95 2.1 2.3 2.5 2.7 2.9 2.99997
0.00010478777739300546 0.00021421834275471167 0.00033757713967394633 0.0004841497440881109 0.0006771499634921355 0.0010980258396778434 0.00196698991465566 0.0038661469500874276 0.007672615016582424 0.01413145835122956 0.023783446609123272 0.037179451611995706 0.06115892207603991 0.08828009621966836 0.11947218014463279 0.15432522414360567 0.19242401103602239 0.23328741405156891 0.27642439351175396 0.32268579192778574 0.37458516017830645 0.4262429922816527 0.47821033475967406 0.5303145918372856 0.5822503162410275 0.6433000795956764 0.7196533217730066 0.7970252509228308 0.8696710257373212 0.937368485900507 0.9999999999999999 1.0
0.0 0.0015 0.0035 0.0075 0.015 0.035 0.07499999 0.15 0.25 0.35 0.45 0.55 0.65 0.75 0.85 0.95 1.05 1.15 1.25 1.35 1.45 1.55 1.65 1.75 1.85 1.95 2.1 2.3 2.5 2.7 2.9 3.1 3.300001 3.500001 3.700001 3.9 3.99996
0.00012959385997510583 0.0002646298118943537 0.00041599203964602785 0.0005945647271184124 0.0008275581865860135 0.0012397384469657387 0.0020643334071895796 0.003714203349530198 0.007008537856372093 0.012359665813868641 0.02016040750091945 0.031049544107196594 0.050466926394541055 0.07256087013420397 0.09762979169849968 0.12540006042200946 0.15570705261794596 0.18794648950837758 0.22198376745365525 0.2584215875573276 0.3004460853528031 0.34149218911688933 0.3824271331877655 0.4234016223305596 0.46399272185366325 0.5124323238382236 0.5732258977065918 0.6350113569340172 0.6929863344217354 0.7466698164183748 0.7962447099400213 0.8421543562329192 0.8850481526134304 0.9255550013755575 0.9638990207494095 1.0 1.0
0.0 0.0015 0.0035 0.0075 0.015 0.035 0.07499999 0.15 0.25 0.35 0.45 0.55 0.65 0.75 0.85 0.95 1.05 1.15 1.25 1.35 1.45 1.55 1.65 1.75 1.85 1.95 2.1 2.3 2.5 2.7 2.9 3.1 3.300001 3.500001 3.700001 3.9 4.25 4.75 4.99995
0.00017819961194471748 0.0003628869300414029 0.0005670375373275943 0.0008036266753736252 0.0011050932164065397 0.0015780985393595208 0.0024723050249366245 0.0041322141552207646 0.007282882538431687 0.012476974332857813 0.019894791051821178 0.03021862685332073 0.048664412066846616 0.069495892051358 0.09328053408065937 0.11940666795132322 0.14784689092018813 0.17825676501807128 0.2099241945367006 0.24374932117386833 0.2821720646926351 0.31955403324543485 0.3569708997465349 0.3943220167374078 0.4312129725234915 0.476499394659745 0.5342859067512652 0.5930883349962646 0.6480688915548563 0.6988543015524371 0.7456849579009779 0.7889821286906747 0.8292062824468007 0.8670291705274158 0.9028006431568943 0.9363877500791628 0.9686041734958328 0.9999999999999999 1.0
0.0 0.0015 0.0035 0.0075 0.015 0.035 0.07499999 0.15 0.25 0.35 0.45 0.55 0.65 0.75 0.85 0.95 1.05 1.15 1.25 1.35 1.45 1.55 1.65 1.75 1.85 1.95 2.1 2.3 2.5 2.7 2.9 3.1 3.300001 3.500001 3.700001 3.9 4.25 4.75 5.25 5.75 5.99994
0.00024885949285679643 0.0005047608561595755 0.0007817830875223515 0.0010934693838817993 0.0014736417835327377 0.0020331522100378485 0.0030516284722039238 0.005082510359683329 0.008485066646197158 0.013748099713835688 0.021164654966342244 0.031275976466832826 0.048776361180826254 0.0686923038294989 0.09110431112085665 0.11584010719972097 0.14264241667003225 0.17127379103756585 0.2008924881971459 0.23209883637935666 0.2665674783244492 0.3005984485264516 0.3349007532003602 0.3686243210449173 0.40196341775188216 0.4442541993658889 0.4995209008467485 0.5560262619317196 0.6091303891560695 0.6577142673587217 0.7022404799785646 0.7430674101244605 0.7808752818007995 0.8163952807902762 0.8496702294062324 0.8809363428906251 0.9110410363090595 0.9405295779216655 0.9673176006387886 1.0 1.0
0.0 0.0015 0.0035 0.0075 0.015 0.035 0.07499999 0.15 0.25 0.35 0.45 0.55 0.65 0.75 0.85 0.95 1.05 1.15 1.25 1.35 1.45 1.55 1.65 1.75 1.85 1.95 2.1 2.3 2.5 2.7 2.9 3.1 3.300001 3.500001 3.700001 3.9 4.25 4.75 5.25 5.75 6.25 6.75 6.99993
3.5086407815449144e-05 8.237481883401746e-05 0.00016626944210253452 0.0003052075318173932 0.0005655386835740646 0.0008530307669811566 0.0015314838276178475 0.003015063419460267 0.006431966778932874 0.011945677445289467 0.026474746432742953 0.04340128665156044 0.057753030936814255 0.112349836991886 0.15055518746781524 0.1750585688200107 0.1894952965164299 0.2300110131655672 0.26326427340024117 0.33282969412287694 0.3849107577654919 0.41659884233728167 0.47802285308083514 0.5221284288604969 0.5482668360873862 0.5614344946585037 0.5733115271982204 0.6219956252891375 0.7158358082489017 0.7719371599019507 0.7932610495849957 0.7995348934788761 0.8017063272363057 0.8030876689759175 0.8043204159910783 0.8054713906378829 0.80657353153652 0.8076545501931263 0.9946507406843612 0.9974011753504053 0.9987141568944751 1.0 1.0
0.0 0.0015 0.0035 0.0075 0.015 0.035 0.07499999 0.15 0.25 0.35 0.45 0.55 0.65 0.75 0.85 0.95 1.05 1.15 1.25 1.35 1.45 1.55 1.65 1.75 1.85 1.95 2.1 2.3 2.5 2.7 2.9 3.1 3.300001 3.500001 3.700001 3.9 4.25 4.75 5.25 5.75 6.25 6.75 7.25 7.75 7.99992
6.599204830094253e-06 1.905561562640021e-05 4.908362420261175e-05 0.00010839766260988181 0.00023206527998497997 0.00046737796434123533 0.0010370979341780336 0.002501779066157235 0.005924504082196428 0.011700740209532243 0.023980393883785846 0.0397752261837716 0.05662768802403519 0.09235887357315878 0.12638453406363656 0.15672905049285102 0.18267464694727653 0.2191633429007521 0.2517330712911624 0.3060618092326937 0.35440158364830593 0.39486992525311637 0.4478609889867713 0.4956051685333079 0.534298273681643 0.5632656831930977 0.5831817145135348 0.6125907904944132 0.678506850353912 0.7336220093141332 0.7713825912299145 0.793669737549989 0.8053834573981166 0.8106755946435721 0.8126660960739865 0.8131310344814221 0.813190278707838 0.8132438011675748 0.946664656720283 0.9925782531854007 0.9997475061218104 0.9998679253691153 0.999934226642289 1.0 1.0
0.0 0.0015 0.0035 0.0075 0.015 0.035 0.07499999 0.15 0.25 0.35 0.45 0.55 0.65 0.75 0.85 0.95 1.05 1.15 1.25 1.35 1.45 1.55 1.65 1.75 1.85 1.95 2.1 2.3 2.5 2.7 2.9 3.1 3.300001 3.500001 3.700001 3.9 4.25 4.75 5.25 5.75 6.25 6.75 7.25 7.75 8.25 8.75 8.99991
1.3114991902339475e-05 3.102122481665721e-05 6.3292669467023e-05 0.00011950650083158166 0.00022166513004800024 0.0004968773109534742 0.0010347930659191861 0.0023721081301717965 0.00537748016270204 0.010670383197978067 0.020526925072968327 0.033969285600855374 0.04998243118905839 0.07705657572979302 0.10575898200532098 0.13467849652101738 0.16319892119167395 0.19796509793188585 0.231662115220214 0.2803322513223794 0.32517552675619815 0.3667733133704011 0.4156179211069496 0.4626848086826946 0.5053430431830149 0.5428311336269896 0.5733125017117752 0.6047255066688636 0.6557389338026559 0.7020645572513283 0.740634423897607 0.7708185373371735 0.7936324258193314 0.8101297141716772 0.8211628921882027 0.8273124765823325 0.8286914579641834 0.828731773688689 0.9040416375853725 0.9597484758489161 0.990227600955849 0.9993770801106996 0.9999417203459802 0.999961868094806 0.9999814109805955 1.0 1.0
0.0 0.0015 0.0035 0.0075 0.015 0.035 0.07499999 0.15 0.25 0.35 0.45 0.55 0.65 0.75 0.85 0.95 1.05 1.15 1.25 1.35 1.45 1.55 1.65 1.75 1.85 1.95 2.1 2.3 2.5 2.7 2.9 3.1 3.300001 3.500001 3.700001 3.9 4.25 4.75 5.25 5.75 6.25 6.75 7.25 7.75 8.25 8.75 9.25 9.75 9.9999
4.492442620618416e-06 1.2710610359947951e-05 3.210585361980289e-05 7.012944293351118e-05 0.00014540988409189885 0.00039927526238885184 0.0010162012151742087 0.0023140832869150384 0.005126592132618211 0.010064617045198992 0.018629971098011008 0.03038907423587922 0.045167918984289415 0.06803262932437848 0.09334884295183629 0.12004897777664805 0.1476417827063524 0.18000028031562462 0.21308102864702477 0.2571515808655644 0.29970868516900023 0.34090327302942586 0.3884679317562408 0.43520768878883714 0.4795196035731481 0.5207426845160816 0.5572824770902463 0.5923465795762326 0.6403892711610167 0.684721153066917 0.7239823245438514 0.7573264991103792 0.7853746143136842 0.8082825335048924 0.8267369080250504 0.8417296765207439 0.8486742573831976 0.8502245588142898 0.8940190056754928 0.9351637755675531 0.9701408214034101 0.9931693420090177 0.9992775580527485 0.9999455762755991 0.9999693589144529 0.9999803558665695 0.9999904810341904 0.9999999999999999 1.0
0.0 0.0015 0.0035 0.0075 0.015 0.035 0.07499999 0.15 0.25 0.35 0.45 0.55 0.65 0.75 0.85 0.95 1.05 1.15 1.25 1.35 1.45 1.55 1.65 1.75 1.85 1.95 2.1 2.3 2.5 2.7 2.9 3.1 3.300001 3.500001 3.700001 3.9 4.25 4.75 5.25 5.75 6.25 6.75 7.25 7.75 8.25 8.75 9.25 9.75 10.25 10.75 11.25 11.75 11.99988
3.2200324574918215e-05 7.413159397628938e-05 0.00014914349107957213 0.0002730460092581198 0.00048089805813533346 0.0009662938324031531 0.0022056650224953895 0.004207205520482818 0.00779594450802861 0.013156567347600267 0.02147117634818439 0.03237372763708196 0.04696296608607074 0.06742163787976871 0.09008422192681581 0.11471969988378054 0.14055025840015073 0.17073666180612787 0.20206305090409216 0.24344885760669868 0.2844596195183658 0.32425635466266384 0.37044160614578 0.41649019806266474 0.4613589330019306 0.5043064989423687 0.5443694214510855 0.5829790698858737 0.6336773198615706 0.6778412441089305 0.7181925134042033 0.7544808301189148 0.7867288630872056 0.8148987394859178 0.8393066866123956 0.8652562516098109 0.882712740989167 0.8929843071410776 0.9196869398213133 0.944397751976437 0.96696247014057 0.9863172676754739 0.9959768144911305 0.9990017989704444 0.9997218998595528 0.9999090004226984 0.9999574686236664 0.9999695595175613 0.9999768861748822 0.9999843090718862 0.9999921533897661 1.0 1.0
0.0 0.0015 0.0035 0.0075 0.015 0.035 0.07499999 0.15 0.25 0.35 0.45 0.55 0.65 0.75 0.85 0.95 1.05 1.15 1.25 1.35 1.45 1.55 1.65 1.75 1.85 1.95 2.1 2.3 2.5 2.7 2.9 3.1 3.300001 3.500001 3.700001 3.9 4.25 4.75 5.25 5.75 6.25 6.75 7.25 7.75 8.25 8.75 9.25 9.75 10.25 10.75 11.25 11.75 12.25 12.75 13.25 13.75 13.99986
6.303814386753478e-05 0.0001454617705848315 0.00028603659817957454 0.000523530288261611 0.0010095298106017666 0.0019486512194165288 0.004308325169512599 0.008062847786787243 0.013619591948976521 0.021082749208662623 0.03105016738269816 0.043354187242975434 0.05987060269359887 0.08082051369782389 0.10341805760890055 0.12778047130288755 0.1534077293967671 0.1838281332055595 0.21587727830258124 0.2591189494362131 0.2996973104963689 0.33916176574739354 0.38381350574012063 0.42853029742783594 0.4717631446984487 0.5135831049158303 0.5527724849833568 0.590066678083959 0.6363639130431586 0.6777321264584457 0.7162764316061464 0.7520383239654361 0.7845989421444145 0.8137930816592455 0.8397680660378676 0.8680124935646787 0.8901889798360111 0.9060292619238474 0.9299969340805742 0.9520119864174664 0.9707996097888828 0.9867801621449889 0.994607373723167 0.9976503003775125 0.998967492053228 0.9997002810304182 0.9998589679058297 0.999902489958126 0.9999219524068295 0.999934134429981 0.999943824994594 0.9999529576733829 0.9999627121041055 0.9999737038581047 0.9999863540513276 0.9999999999999999 1.0
0.0 0.0015 0.0035 0.0075 0.015 0.035 0.07499999 0.15 0.25 0.35 0.45 0.55 0.65 0.75 0.85 0.95 1.05 1.15 1.25 1.35 1.45 1.55 1.65 1.75 1.85 1.95 2.1 2.3 2.5 2.7 2.9 3.1 3.300001 3.500001 3.700001 3.9 4.25 4.75 5.25 5.75 6.25 6.75 7.25 7.75 8.25 8.75 9.25 9.75 10.25 10.75 11.25 11.75 12.25 12.75 13.25 13.75 14.25 14.75 15.25 15.75 15.99984
0.00011121535387346306 0.0002464439748324718 0.0004537129696924414 0.0007810490635059049 0.0013538602179555138 0.0028601774431225606 0.007154481132053977 0.012897783021653226 0.020713364464753255 0.030169253124306378 0.042268926099225244 0.05661310713455214 0.07515883302238321 0.09710008206200274 0.12029591846308278 0.1450169357568905 0.17080381593108945 0.20150507243002358 0.23444573091080942 0.2815353044388576 0.322869573452274 0.3624027615376259 0.4061987712357863 0.4499742039145684 0.4923713389697468 0.5333111323964556 0.5715810098384769 0.6079781494593485 0.6512826394460155 0.6900327936826343 0.7269163183042266 0.7608434711620877 0.7920541520517144 0.8200247350031773 0.8449686636442013 0.8717468674959418 0.893585937700003 0.9102080253215321 0.9329233176939968 0.9540906188414917 0.9721478810297056 0.9868903571893817 0.9939507792006298 0.9967997305244233 0.9982742241865687 0.9993734205021826 0.999678904679471 0.9997340831594869 0.9997605906743665 0.9997791399792815 0.9997956522547186 0.9998117613694635 0.9998279236065135 0.9998443632897384 0.9998616928431548 0.9998811472887765 0.9999038814593235 0.9999310181194339 0.9999634252070216 1.0 1.0
0.0 0.0015 0.0035 0.0075 0.015 0.035 0.07499999 0.15 0.25 0.35 0.45 0.55 0.65 0.75 0.85 0.95 1.05 1.15 1.25 1.35 1.45 1.55 1.65 1.75 1.85 1.95 2.1 2.3 2.5 2.7 2.9 3.1 3.300001 3.500001 3.700001 3.9 4.25 4.75 5.25 5.75 6.25 6.75 7.25 7.75 8.25 8.75 9.25 9.75 10.25 10.75 11.25 11.75 12.25 12.75 13.25 13.75 14.25 14.75 15.25 15.75 16.25 16.75 17.25 17.75 17.99982
0.0005475455901726142 0.001169739996091115 0.002015876624221268 0.0032354073195040973 0.005213465911980619 0.008848539214519113 0.0163489884663756 0.025593778434573555 0.035963684026263563 0.049007430774524005 0.0693928819849978 0.09339484983170242 0.1199702634149167 0.14698335448389271 0.17405945125319616 0.20074401134158795 0.22724833886223667 0.25823253187507006 0.2966342861712152 0.3485314072872051 0.3925921966255024 0.4331646812626023 0.4750836992923669 0.5162162287309525 0.5547020082318093 0.5912258616978256 0.6243243809544222 0.6553479899390446 0.6916098917926352 0.7239695068134552 0.7630560498039388 0.7975461693972733 0.8275084870575201 0.8531128840387053 0.8750722806666635 0.8967028294370869 0.9136103695103404 0.9270836236003217 0.9466804913108882 0.9642453890971304 0.9787266252458457 0.9899332285815239 0.9952897764075692 0.9972977569863118 0.998312241007985 0.9991516950533142 0.9993486303811618 0.9994035791329369 0.999433667479602 0.9994557691187722 0.9994751574110322 0.9994938464614882 0.9995130247347471 0.9995329788284066 0.9995545759290544 0.9995785740767734 0.999605859118683 0.9996374593204878 0.9996743790060778 0.9997184467315005 0.9997715832992041 0.9998356199058773 0.9999128044413984 0.9999999999999999 1.0
0.0 0.0015 0.0035 0.0075 0.015 0.035 0.07499999 0.15 0.25 0.35 0.45 0.55 0.65 0.75 0.85 0.95 1.05 1.15 1.25 1.35 1.45 1.55 1.65 1.75 1.85 1.95 2.1 2.3 2.5 2.7 2.9 3.1 3.300001 3.500001 3.700001 3.9 4.25 4.75 5.25 5.75 6.25 6.75 7.25 7.75 8.25 8.75 9.25 9.75 10.25 10.75 11.25 11.75 12.25 12.75 13.25 13.75 14.25 14.75 15.25 15.75 16.25 16.75 17.25 17.75 18.25 18.75 19.25 19.75 19.9998
0.0025699200245319713 0.005331862045834638 0.008669820596851313 0.01296996966784707 0.019201459363601528 0.02845996957179698 0.042864705032717935 0.06004927927393 0.07490330523477313 0.0909144028540356 0.11587477344929045 0.1483370563254887 0.1805595350761665 0.21063788094512848 0.2414459301860583 0.2703248884616904 0.29742489261973915 0.3276674317192887 0.36820832149498894 0.4171108763864826 0.45937482980393796 0.4979226489374718 0.5356861984908354 0.5723378418893409 0.6059019473404021 0.6371544558976742 0.666617288556102 0.6925486026016926 0.7297730156809737 0.7605312214030662 0.8012657733527895 0.8359189373534033 0.8650616482570446 0.8893288046376878 0.9095914874026461 0.9278501224636707 0.9408866309954613 0.9513872531807072 0.9658093333565219 0.9775856672199446 0.9867608602529259 0.9934519521855502 0.9968090583700357 0.9980578827884465 0.9986679061916945 0.9990678496933639 0.999189343749181 0.9992230967781617 0.9992442569793213 0.9992608894616027 0.9992757669063591 0.999290028965545 0.9993043438518407 0.9993191989435978 0.99933505267674 0.9993524170163227 0.9993721929589375 0.9993947615107399 0.9994212315464288 0.9994526375902556 0.999490104631501 0.999534787495355 0.9995882299906791 0.9996518091962537 0.9997263938635517 0.9998118933679933 0.9999020862045415 1.0 1.0
0.0 0.0015 0.0035 0.0075 0.015 0.035 0.07499999 0.15 0.25 0.35 0.45 0.55 0.65 0.75 0.85 0.95 1.05 1.15 1.25 1.35 1.45 1.55 1.65 1.75 1.85 1.95 2.1 2.3 2.5 2.7 2.9 3.1 3.300001 3.500001 3.700001 3.9 4.25 4.75 5.25 5.75 6.25 6.75 7.25 7.75 8.25 8.75 9.25 9.75 10.25 10.75 11.25 11.75 12.25 12.75 13.25 13.75 14.25 14.75 15.25 15.75 16.25 16.75 17.25 17.75 18.25 18.75 19.25 19.75 20.5 21.5 21.99978
0.0036179077223172447 0.00743871894016726 0.011868191835673544 0.01731631522409761 0.024803690381557098 0.037366960914021016 0.055301853903420316 0.07894465351356249 0.09924925212895316 0.11778328275438169 0.14288757953759237 0.17669912391993553 0.20778473612344883 0.23706981794451154 0.2678442810148893 0.29877195692883257 0.3257726228139249 0.35474483931647033 0.391508348513778 0.43394022908877106 0.47157897708589025 0.5060008379264732 0.5393306852852787 0.5715492632474284 0.6012956368052894 0.6289818321538331 0.6571128029229792 0.681437258770849 0.7262216988628372 0.7623891091743784 0.8029397986539842 0.8380893378411987 0.8681049478213154 0.8938043200769915 0.9155521991086933 0.9352802696495963 0.9494099041543563 0.9604444140681658 0.9724261229071832 0.9816367607428699 0.9885590590334387 0.9935732913953365 0.996331542966211 0.997729396427815 0.9985211653239029 0.999029669477998 0.9992603191251539 0.9993601389223259 0.9993955280819289 0.9994097308070371 0.9994195144335117 0.9994289732286047 0.9994385054732831 0.9994483938815348 0.9994588174089846 0.9994701819256023 0.9994829260190947 0.9994975750783607 0.9995145602752965 0.9995344847152325 0.999558178307632 0.999585941621109 0.9996191079270225 0.9996584230574962 0.9997043318036958 0.9997567305647056 0.9998148656359914 0.9998773991801967 0.9999423234178729 1.0 1.0
0.0 0.0015 0.0035 0.0075 0.015 0.035 0.07499999 0.15 0.25 0.35 0.45 0.55 0.65 0.75 0.85 0.95 1.05 1.15 1.25 1.35 1.45 1.55 1.65 1.75 1.85 1.95 2.1 2.3 2.5 2.7 2.9 3.1 3.300001 3.500001 3.700001 3.9 4.25 4.75 5.25 5.75 6.25 6.75 7.25 7.75 8.25 8.75 9.25 9.75 10.25 10.75 11.25 11.75 12.25 12.75 13.25 13.75 14.25 14.75 15.25 15.75 16.25 16.75 17.25 17.75 18.25 18.75 19.25 19.75 20.5 21.5 22.5 23.5 23.99976
0.0037069926686662032 0.007599614350375858 0.012049118246006713 0.017431462135363767 0.024679235101297096 0.038263250771474196 0.05680619179394339 0.08029082252159889 0.10365932654889622 0.12389908453918894 0.14797057328844673 0.1805982355016152 0.21036038292127793 0.23850910907136605 0.26851086029369303 0.3005715443469826 0.3278121017977599 0.3565473964569009 0.39100968361139277 0.4300808175434792 0.4653507482065286 0.49789157273891677 0.5294852730500734 0.560185746726273 0.5888292498232334 0.6157382510688606 0.6442917800990893 0.6684923753613352 0.7159048483616697 0.7547574164030127 0.794360883493237 0.8286220559301002 0.8587356233326057 0.8850461378025644 0.9077626756527123 0.9287382137031969 0.9448809991872106 0.9579859069730484 0.9705872897078139 0.9799642875432937 0.9868053002025722 0.9917257236026044 0.9947900482721651 0.9966444999979112 0.9978206411912376 0.9985818076418417 0.999041432779171 0.9993249823350653 0.999456264534862 0.9995001647702856 0.9995101579553723 0.9995171960858676 0.9995243033294421 0.9995317029806915 0.9995395806171598 0.9995481888546304 0.9995578096461585 0.9995687998159611 0.9995813777690886 0.9995960987906107 0.9996134767813866 0.9996340403752473 0.9996584522342505 0.9996871664105775 0.999720590473562 0.9997581743493599 0.9997998007853888 0.9998444690332697 0.999890637277837 0.9999331640978945 0.9999699299399001 1.0 1.0
0.0 0.0015 0.0035 0.0075 0.015 0.035 0.07499999 0.15 0.25 0.35 0.45 0.55 0.65 0.75 0.85 0.95 1.05 1.15 1.25 1.35 1.45 1.55 1.65 1.75 1.85 1.95 2.1 2.3 2.5 2.7 2.9 3.1 3.300001 3.500001 3.700001 3.9 4.25 4.75 5.25 5.75 6.25 6.75 7.25 7.75 8.25 8.75 9.25 9.75 10.25 10.75 11.25 11.75 12.25 12.75 13.25 13.75 14.25 14.75 15.25 15.75 16.25 16.75 17.25 17.75 18.25 18.75 19.25 19.75 20.5 21.5 22.5 23.5 24.5 25.5 25.99974
0.0036164272201342123 0.007405350896294601 0.011711745966706072 0.016885977883844345 0.023794399836679404 0.03681924991152632 0.055138256548229465 0.0788699342630441 0.102514308195979 0.1237068233068701 0.1474846610785461 0.18051537620217867 0.2102511946369693 0.23812188533707102 0.26752162587822476 0.30014286453285005 0.3273640464682655 0.3559991477099913 0.3893325584277324 0.426943380602129 0.461140711506197 0.49286280127269255 0.5239015424593655 0.554038062867399 0.5823771841905454 0.6090669127279377 0.6380889741348281 0.6625940002854627 0.7104968811556277 0.7507165553649261 0.7888055140291906 0.8224984829951563 0.8524063436383338 0.8786463343332297 0.9016672615512814 0.9230411162413042 0.9398885892847969 0.9540242594777201 0.9673010519599085 0.9773645260540995 0.9847320681873599 0.9901044958658098 0.993574405346521 0.9958127988238419 0.9972992856611006 0.9982394429803475 0.998824565573544 0.9992140687084962 0.9994260036635111 0.9995147780312731 0.9995274533214498 0.9995338479027216 0.9995402203435059 0.9995468519015226 0.9995539111712733 0.9995616178582888 0.9995702301484304 0.9995800525673548 0.9995913453434037 0.9996045203713428 0.9996200282223467 0.9996382978009579 0.9996598078972599 0.999685098706467 0.9997144333000536 0.9997477234428667 0.9997844523056678 0.9998236602494698 0.999863608061369 0.9999002960745623 0.9999319104030633 0.9999586010466319 0.9999812132653535 1.0 1.0
0.0 0.0015 0.0035 0.0075 0.015 0.035 0.07499999 0.15 0.25 0.35 0.45 0.55 0.65 0.75 0.85 0.95 1.05 1.15 1.25 1.35 1.45 1.55 1.65 1.75 1.85 1.95 2.1 2.3 2.5 2.7 2.9 3.1 3.300001 3.500001 3.700001 3.9 4.25 4.75 5.25 5.75 6.25 6.75 7.25 7.75 8.25 8.75 9.25 9.75 10.25 10.75 11.25 11.75 12.25 12.75 13.25 13.75 14.25 14.75 15.25 15.75 16.25 16.75 17.25 17.75 18.25 18.75 19.25 19.75 20.5 21.5 22.5 23.5 24.5 25.5 26.5 27.5 27.99972
0.003361257637223204 0.0068584499018398346 0.010763377010408626 0.015354177546336317 0.021314114634452076 0.0323769975598694 0.04831112416642635 0.07120390473163177 0.10079707546293971 0.12170048660963062 0.14458928925788267 0.17841974699051474 0.20948241284494898 0.23742953140356013 0.2667232406015775 0.30033035966625365 0.3277987145505525 0.3566776683743252 0.3907988427980198 0.428057854002615 0.4623690479303627 0.49397059003059046 0.5245824033800792 0.5543791218206164 0.5826067163997862 0.6091672185843573 0.6379838736260918 0.6625801889077373 0.7090468943468812 0.7503744598357497 0.7882405307552398 0.8212275550300459 0.8508782247427705 0.8768172842482557 0.8997999788867457 0.92104810448149 0.9380243910855055 0.9522723197897162 0.9657601803403183 0.9759473511487307 0.9836187541306832 0.9892792247542064 0.9929851754705077 0.9954177111379039 0.9970674913749189 0.9980716570054173 0.9986999911790597 0.9991227655078768 0.9993718329153074 0.9994795632896178 0.9994995549523362 0.9995061279340961 0.9995126068759267 0.9995193342403147 0.9995264795818609 0.9995342670446795 0.9995429465964689 0.9995528386896715 0.9995641761968057 0.999577387911019 0.9995929174522399 0.9996111882549341 0.9996327544823838 0.9996580538698303 0.9996873328179977 0.9997203559394032 0.9997567267573655 0.9997955530349742 0.9998353481490511 0.9998716655445749 0.9999026037114912 0.9999286572593916 0.9999506677971522 0.9999694774267792 0.9999858784934417 1.0 1.0
0.0 0.0015 0.0035 0.0075 0.015 0.035 0.07499999 0.15 0.25 0.35 0.45 0.55 0.65 0.75 0.85 0.95 1.05 1.15 1.25 1.35 1.45 1.55 1.65 1.75 1.85 1.95 2.1 2.3 2.5 2.7 2.9 3.1 3.300001 3.500001 3.700001 3.9 4.25 4.75 5.25 5.75 6.25 6.75 7.25 7.75 8.25 8.75 9.25 9.75 10.25 10.75 11.25 11.75 12.25 12.75 13.25 13.75 14.25 14.75 15.25 15.75 16.25 16.75 17.25 17.75 18.25 18.75 19.25 19.75 20.5 21.5 22.5 23.5 24.5 25.5 26.5 27.5 28.5 29.5 29.9997
0.0032128474834441003 0.00655212073690335 0.010270663176402777 0.014631768938347018 0.020269965079167587 0.030702435693338373 0.0464845394059326 0.06996645670316351 0.09955219912807864 0.12164755994982018 0.14680511832607593 0.1805856908722687 0.21367214840817392 0.24240452907149468 0.27212652731280196 0.305079312465991 0.33303895399601907 0.363460331603029 0.40125468268904724 0.43908801275235204 0.4738260480636717 0.5057835775792168 0.5359809601129162 0.5652748557725039 0.5931112073985512 0.6193298096071291 0.6475483144410875 0.6717195535854964 0.7148574528899907 0.7577886450043895 0.7942479458083317 0.8269519251761149 0.8558722303293463 0.8812311990442614 0.9035225921131733 0.9240860580051413 0.9403548984950922 0.953875204399609 0.9668548008853558 0.9766404869439433 0.9840747446691082 0.9896186617287678 0.9931717084321067 0.9955238289307784 0.9971477946746004 0.9981103919735382 0.9986932402826846 0.9990889651288399 0.9993354866064438 0.9994503920495453 0.9994683826592163 0.9994752828318365 0.9994819946575187 0.9994889290971932 0.9994962859363977 0.999504291493671 0.999513193599918 0.9995233119834901 0.9995348995934152 0.9995483844022911 0.9995642064224912 0.9995828050327166 0.9996047378971848 0.999630433150974 0.9996601364640032 0.9996937277634746 0.9997306630659955 0.9997700282584925 0.9998101519081216 0.999846735278734 0.9998780471448068 0.9999042844322273 0.999926243943433 0.9999449662010185 0.9999612494697417 0.9999756308600872 0.9999885432677998 1.0 1.0
0.0 0.0015 0.0035 0.0075 0.015 0.035 0.07499999 0.15 0.25 0.35 0.45 0.55 0.65 0.75 0.85 0.95 1.05 1.15 1.25 1.35 1.45 1.55 1.65 1.75 1.85 1.95 2.1 2.3 2.5 2.7 2.9 3.1 3.300001 3.500001 3.700001 3.9 4.25 4.75 5.25 5.75 6.25 6.75 7.25 7.75 8.25 8.75 9.25 9.75 10.25 10.75 11.25 11.75 12.25 12.75 13.25 13.75 14.25 14.75 15.25 15.75 16.25 16.75 17.25 17.75 18.25 18.75 19.25 19.75 20.5 21.5 22.5 23.5 24.5 25.5 26.5 27.5 28.5 29.5 30.5 31.5 32.5 33.5 34.5 34.99965
0.0018191032843655486 0.003739159743714525 0.005962071000561162 0.00874582990281203 0.01257265867963451 0.02005334977246363 0.03296832487247191 0.05379718173167059 0.08238172402706102 0.11086394848947702 0.13469448563456846 0.16869364731003672 0.20838180971592182 0.24126228276045092 0.2706187077622308 0.3028767013614872 0.33192889902869066 0.3669097950325599 0.4140916159338237 0.4570927141064133 0.49399944824419145 0.5276494875433239 0.5590774350107314 0.5890038962500004 0.6175765411229519 0.6445128570607325 0.671582707776986 0.6955678483810813 0.7299502016081343 0.7743818427031406 0.8094818862713282 0.8410482850679384 0.869257325801347 0.8939880329588874 0.9155493613277608 0.9345933211739689 0.9496963031722778 0.9616855847431162 0.9729210424765915 0.9811893492381453 0.9873165627654283 0.991819634730407 0.9947293566078437 0.9966155455965892 0.9978983137077366 0.9985604914636802 0.9989660476481419 0.9992348186152876 0.9994011409566029 0.999483016023774 0.9994957243304035 0.9995020852754918 0.9995083214631053 0.9995147290839093 0.9995214832269905 0.9995287871885703 0.9995368592036198 0.9995459752923396 0.9995563660125942 0.9995684014608917 0.9995824668615879 0.9995989387247682 0.9996183014252286 0.9996409303227074 0.9996670272794316 0.9996964734787588 0.9997287917631371 0.9997631682228066 0.9997981874584512 0.9998299910808205 0.9998571011306423 0.9998797396406081 0.9998987044471392 0.9999147547791273 0.9999286309241368 0.9999408112373407 0.9999516748761978 0.9999614704731997 0.9999703430508349 0.9999786508397049 0.9999863492126572 0.9999934957500645 1.0 1.0
0.0 0.0015 0.0035 0.0075 0.015 0.035 0.07499999 0.15 0.25 0.35 0.45 0.55 0.65 0.75 0.85 0.95 1.05 1.15 1.25 1.35 1.45 1.55 1.65 1.75 1.85 1.95 2.1 2.3 2.5 2.7 2.9 3.1 3.300001 3.500001 3.700001 3.9 4.25 4.75 5.25 5.75 6.25 6.75 7.25 7.75 8.25 8.75 9.25 9.75 10.25 10.75 11.25 11.75 12.25 12.75 13.25 13.75 14.25 14.75 15.25 15.75 16.25 16.75 17.25 17.75 18.25 18.75 19.25 19.75 20.5 21.5 22.5 23.5 24.5 25.5 26.5 27.5 28.5 29.5 30.5 31.5 32.5 33.5 34.5 35.5 36.5 37.5 38.5 39.5 39.9996
0.0020111968450374222 0.004085458660163839 0.0063485301998460674 0.009019414314240588 0.012361322304835973 0.01796852344564691 0.026965453143353156 0.04228320364391544 0.06830206689776437 0.09539713263550567 0.12190607677988095 0.15200936300783213 0.19013975962852406 0.22650792362919658 0.2562617297426042 0.2871134110297113 0.31667973878660216 0.35187054510147314 0.3993467617687409 0.4450405435446647 0.483980693230537 0.5178094445119586 0.5498384035708193 0.580520347420057 0.6092789519285856 0.6370497548730766 0.6641790238233453 0.6896876198981529 0.7214208490311286 0.7656418468687481 0.8014128611374359 0.8335663422658297 0.8626650609624809 0.8884240597151699 0.9109600929479678 0.9308868526007873 0.9468394562811624 0.9595715318201091 0.9711769966919906 0.9798528237535842 0.9863198185381279 0.9911438476243913 0.994372509417621 0.9965582641159008 0.9981174725398254 0.9987593611925926 0.9991125442044624 0.9993424321470916 0.9994771422987712 0.9995375999931313 0.9995477445540873 0.9995534071356634 0.999558996148367 0.9995647256979152 0.9995707429060705 0.9995772262368847 0.9995843555928626 0.9995923739286928 0.9996014664052246 0.9996119513680591 0.9996241490008213 0.9996383889329759 0.9996550652366764 0.9996745003331404 0.9996968513333866 0.9997220260166034 0.9997496022767897 0.9997788896565707 0.999808672183793 0.9998356746611147 0.9998586537857778 0.999877807424965 0.9998938185241303 0.9999073509292699 0.999919014368587 0.9999292186253368 0.9999382906119065 0.9999464657870474 0.9999538307616044 0.9999606935562839 0.9999670212305155 0.9999728642420289 0.9999782603582036 0.9999832679322769 0.9999879268093934 0.9999922738459119 0.9999962509922681 1.0 1.0
0.0 0.0015 0.0035 0.0075 0.015 0.035 0.07499999 0.15 0.25 0.35 0.45 0.55 0.65 0.75 0.85 0.95 1.05 1.15 1.25 1.35 1.45 1.55 1.65 1.75 1.85 1.95 2.1 2.3 2.5 2.7 2.9 3.1 3.300001 3.500001 3.700001 3.9 4.25 4.75 5.25 5.75 6.25 6.75 7.25 7.75 8.25 8.75 9.25 9.75 10.25 10.75 11.25 11.75 12.25 12.75 13.25 13.75 14.25 14.75 15.25 15.75 16.25 16.75 17.25 17.75 18.25 18.75 19.25 19.75 20.5 21.5 22.5 23.5 24.5 25.5 26.5 27.5 28.5 29.5 30.5 31.5 32.5 33.5 34.5 35.5 36.5 37.5 38.5 39.5 41.0 43.0 44.25 44.75 44.99955
0.0016584096922338152 0.003365147446372158 0.005216846619117731 0.007415750668667409 0.010137777773383943 0.014650753279981003 0.021824439195214432 0.03484060693354044 0.05705040704958838 0.08445435985838358 0.11066276312581154 0.14261628305978225 0.17792012905388785 0.21311446526642502 0.24563501624639045 0.2762423497060167 0.3059737837975025 0.3417410217170303 0.3854779665272848 0.4309106867299676 0.47180174324582397 0.5066935859259949 0.5387017631774368 0.569609752538702 0.598505877760235 0.6266513552230185 0.6547774643831814 0.681246664853908 0.7120038709222266 0.7559622583662228 0.7937344164580448 0.8267364104263282 0.8563132396034434 0.8826789961002234 0.9057934471872946 0.9266183079615378 0.9433547330876109 0.9567876218095528 0.9689044937255147 0.9780939646014394 0.9849846309913496 0.9901983243662372 0.9937410861403956 0.9962112716457205 0.9979630346051201 0.998719940716162 0.9990999342916723 0.999334789840879 0.9994771403602538 0.9995383464732459 0.9995492385821706 0.9995550677257218 0.9995607939619523 0.9995666205848596 0.9995727150302487 0.9995792454494623 0.9995863916701161 0.9995943844530953 0.9996034109928008 0.9996137803201769 0.9996258004904349 0.9996397878525174 0.9996561282926151 0.999675118336026 0.9996969154010282 0.9997214246788861 0.9997482353859523 0.9997766693877015 0.9998055483237578 0.999831710493537 0.9998539598108448 0.9998724912596848 0.9998879678832429 0.9999010333889269 0.9999122786156712 0.9999221007193839 0.9999308163417278 0.9999386534952728 0.9999457005977028 0.9999522490029303 0.9999582689348329 0.9999638110664841 0.9999689224282209 0.9999736453343365 0.9999780214161113 0.9999820873611108 0.9999858750270217 0.9999894140273446 0.9999925465372459 0.9999953085938023 0.9999977843052095 1.0 1.0
0.0 0.0015 0.0035 0.0075 0.015 0.035 0.07499999 0.15 0.25 0.35 0.45 0.55 0.65 0.75 0.85 0.95 1.05 1.15 1.25 1.35 1.45 1.55 1.65 1.75 1.85 1.95 2.1 2.3 2.5 2.7 2.9 3.1 3.300001 3.500001 3.700001 3.9 4.25 4.75 5.25 5.75 6.25 6.75 7.25 7.75 8.25 8.75 9.25 9.75 10.25 10.75 11.25 11.75 12.25 12.75 13.25 13.75 14.25 14.75 15.25 15.75 16.25 16.75 17.25 17.75 18.25 18.75 19.25 19.75 20.5 21.5 22.5 23.5 24.5 25.5 26.5 27.5 28.5 29.5 30.5 31.5 32.5 33.5 34.5 35.5 36.5 37.5 38.5 39.5 41.0 43.0 45.0 47.0 49.0 49.9995
0.0013691913727972595 0.002776704742674824 0.004298916230493111 0.006112406961986384 0.008342745712097178 0.012140820762511795 0.018171000652198708 0.02929416729402479 0.047171281501090824 0.07392560834598234 0.10101077269404223 0.13099373745381895 0.16697418643214837 0.2014868245664841 0.2345803919711156 0.26598757444297594 0.2979523411912632 0.33210025067008553 0.3733812857415998 0.4177516613230916 0.4589834629593216 0.49491111014717065 0.528242787151975 0.5596662163285986 0.5892009003003703 0.6184918508126281 0.647847919696204 0.6752677530071588 0.7057538229614997 0.7490057576275386 0.7885285637854009 0.8219710242416117 0.8520108360240264 0.87903645652801 0.9030060685772335 0.9247375654930644 0.9420122689893063 0.9558635155321903 0.9681670480295472 0.977401403690389 0.9845273218633465 0.989894517801657 0.9935394035279494 0.9961502292505519 0.9979128585874778 0.9987129369366393 0.9990955963303519 0.9993371511199123 0.9994737783427154 0.9995382197131882 0.9995488259172487 0.9995550587649139 0.9995610785472415 0.9995671653554481 0.9995734995641338 0.999580246649604 0.9995875866082458 0.9995957566452375 0.9996049311331068 0.9996154174930536 0.9996275280465997 0.9996415685047658 0.9996579176558557 0.999676874501724 0.9996985814476984 0.9997229422961846 0.9997495559772139 0.9997777458188216 0.9998063503789457 0.9998322512111375 0.9998542745403098 0.9998726142416137 0.9998879265964127 0.9999008478407936 0.9999119620503706 0.9999216617771031 0.9999302600167184 0.9999379821840229 0.9999449160079336 0.9999513487492658 0.9999572516474057 0.9999626752019788 0.9999676663278119 0.9999722684371525 0.9999765215218892 0.9999804623673244 0.9999841246508377 0.9999875391556594 0.9999905396326142 0.9999932165074404 0.9999956513754306 0.999997906888351 1.0 1.0
0.0 0.0015 0.0035 0.0075 0.015 0.035 0.07499999 0.15 0.25 0.35 0.45 0.55 0.65 0.75 0.85 0.95 1.05 1.15 1.25 1.35 1.45 1.55 1.65 1.75 1.85 1.95 2.1 2.3 2.5 2.7 2.9 3.1 3.300001 3.500001 3.700001 3.9 4.25 4.75 5.25 5.75 6.25 6.75 7.25 7.75 8.25 8.75 9.25 9.75 10.25 10.75 11.25 11.75 12.25 12.75 13.25 13.75 14.25 14.75 15.25 15.75 16.25 16.75 17.25 17.75 18.25 18.75 19.25 19.75 20.5 21.5 22.5 23.5 24.5 25.5 26.5 27.5 28.5 29.5 30.5 31.5 32.5 33.5 34.5 35.5 36.5 37.5 38.5 39.5 41.0 43.0 45.0 47.0 49.0 51.0 53.0 54.25 54.75 54.99945
0.0007774426032104974 0.001588631299951265 0.0025010467627494684 0.003674351847662439 0.005215430627935144 0.00829512774963884 0.013437897166291922 0.023307983291569967 0.039196046833910175 0.06242256279932577 0.0894888418906519 0.11949765164204745 0.1528375825233182 0.18871426523343807 0.22220603776569062 0.25435788574316426 0.28540487252400043 0.3203927500716912 0.35992037424810414 0.4024882357409772 0.44420926171118585 0.4823676910552265 0.5163766330133035 0.547971110824518 0.5784573231422712 0.6088277559925541 0.6387296975240478 0.6673013433207005 0.6980651059559753 0.7405145513201126 0.7819369837458637 0.8165849322430546 0.8470955086459196 0.8745926816014068 0.8989405796156932 0.9217501860342927 0.9399123765932509 0.954312119945978 0.9669994836398017 0.9765837640277603 0.9839626174440247 0.9896757033675054 0.9934980878918848 0.9962168010547421 0.9979577434315069 0.9987476412554057 0.9991207051279034 0.99934971367714 0.9994803018357941 0.9995336820443785 0.9995448281126854 0.9995512747161043 0.9995575137909186 0.9995637984899854 0.999570307972769 0.9995772089997507 0.9995846882732481 0.9995929715615544 0.9996022440150283 0.9996127981695687 0.9996249456351491 0.9996389903620752 0.9996553014495484 0.999674167094658 0.9996957374869694 0.9997199091625599 0.9997462851203438 0.9997741896741525 0.9998024792138815 0.9998280875361072 0.9998498635212465 0.99986800024633 0.9998831448281339 0.9998959243080947 0.9999069148133869 0.9999165035160232 0.9999249991890631 0.999932624229878 0.9999394652310964 0.9999458055837414 0.9999516170354866 0.9999569496161452 0.9999618498677949 0.9999663609282166 0.9999705225809573 0.9999743713888327 0.9999779408774911 0.9999812616522287 0.999984166218304 0.9999867469423002 0.9999890794696952 0.9999912260457199 0.9999932358491134 0.9999951520844075 0.9999969759698064 0.9999985743939668 1.0 1.0
0.0 0.0015 0.0035 0.0075 0.015 0.035 0.07499999 0.15 0.25 0.35 0.45 0.55 0.65 0.75 0.85 0.95 1.05 1.15 1.25 1.35 1.45 1.55 1.65 1.75 1.85 1.95 2.1 2.3 2.5 2.7 2.9 3.1 3.300001 3.500001 3.700001 3.9 4.25 4.75 5.25 5.75 6.25 6.75 7.25 7.75 8.25 8.75 9.25 9.75 10.25 10.75 11.25 11.75 12.25 12.75 13.25 13.75 14.25 14.75 15.25 15.75 16.25 16.75 17.25 17.75 18.25 18.75 19.25 19.75 20.5 21.5 22.5 23.5 24.5 25.5 26.5 27.5 28.5 29.5 30.5 31.5 32.5 33.5 34.5 35.5 36.5 37.5 38.5 39.5 41.0 43.0 45.0 47.0 49.0 51.0 53.0 55.0 57.0 59.0 59.9994
0.0010831044082078804 0.0021923585683172463 0.0033800540706274127 0.004789058784564519 0.006489099937824338 0.009641908827220429 0.014528142069237018 0.023248605898156097 0.03749427124506792 0.056946521931800345 0.08319226294891376 0.11317656197744813 0.14555410655857584 0.1792951309824572 0.21470782412340397 0.24741940274504032 0.2788604599360228 0.312925281357385 0.35161913199841355 0.39338052605252694 0.4340653131900515 0.4727814900137361 0.50794761858544 0.5412562794765717 0.5715706557937865 0.6017070456276999 0.6326850449940911 0.6614233039415809 0.6925054921603672 0.7334011657517135 0.7760153829413581 0.8119383455329655 0.8426508384330639 0.8706630081642175 0.895495128032431 0.9191303052167532 0.9380965994300162 0.95288706909429 0.965822396301087 0.9757882334562744 0.9834740353054321 0.9893562621176416 0.9932996165525173 0.9960543122264782 0.9979710773052997 0.9987678017817831 0.9991328614710526 0.9993520714153692 0.9994755454761749 0.9995391649943997 0.9995501521533879 0.9995568847434145 0.9995634450716202 0.9995700508267042 0.9995768575511067 0.9995840320008706 0.9995917514889895 0.9996002355562595 0.9996096639739116 0.9996203201464001 0.9996325027327204 0.9996464957097932 0.9996626567679837 0.9996812617518248 0.9997024478848371 0.9997261092607697 0.9997518614853916 0.999779043023472 0.9998065528877679 0.9998314420353742 0.9998526081320687 0.9998702409335669 0.9998849660781004 0.9998973915584712 0.9999080774992034 0.9999173998759064 0.9999256583578104 0.9999330686468205 0.9999397145418891 0.9999458710625241 0.9999515105619745 0.999956681548334 0.9999614292127594 0.9999657954631461 0.999969819041987 0.9999735355600489 0.9999769776647436 0.9999801752085007 0.9999829627485823 0.9999854301958596 0.9999876511290793 0.999989685455148 0.9999915817495082 0.9999933792766079 0.9999951088317623 0.9999967977418149 0.9999984668664248 1.0 1.0
0.0 0.0015 0.0035 0.0075 0.015 0.035 0.07499999 0.15 0.25 0.35 0.45 0.55 0.65 0.75 0.85 0.95 1.05 1.15 1.25 1.35 1.45 1.55 1.65 1.75 1.85 1.95 2.1 2.3 2.5 2.7 2.9 3.1 3.300001 3.500001 3.700001 3.9 4.25 4.75 5.25 5.75 6.25 6.75 7.25 7.75 8.25 8.75 9.25 9.75 10.25 10.75 11.25 11.75 12.25 12.75 13.25 13.75 14.25 14.75 15.25 15.75 16.25 16.75 17.25 17.75 18.25 18.75 19.25 19.75 20.5 21.5 22.5 23.5 24.5 25.5 26.5 27.5 28.5 29.5 30.5 31.5 32.5 33.5 34.5 35.5 36.5 37.5 38.5 39.5 41.0 43.0 45.0 47.0 49.0 51.0 53.0 55.0 57.0 59.0 61.0 63.0 65.0 67.0 69.0 69.9993
0.0008307533236632348 0.0016829622279113119 0.0025993972834532386 0.003732776122741589 0.0051149539005842575 0.008051045767988626 0.01248848582717963 0.020146872223183957 0.03273003259355295 0.04943259645840643 0.06969068620731377 0.09834647248170024 0.13032585844513975 0.16282168690057444 0.19683518852070214 0.23095441622719173 0.2651667872596433 0.29891186237994294 0.3362609113033642 0.37549272227031366 0.4154718942734603 0.4545822378289635 0.49127236552734793 0.5248962478939999 0.5568974863185433 0.5879019915918415 0.6191574654286423 0.6491543885676493 0.6811760889981909 0.7213114554581986 0.7646703088396571 0.8030468525877705 0.8350116816878824 0.8633022932528717 0.8892467779019239 0.9139929134094207 0.9346435921492514 0.9505011386809917 0.9642685874302374 0.9747301519184418 0.9829031423158018 0.9890857254119038 0.9932599763521643 0.9961781862802663 0.997928652528637 0.998736659551723 0.9991462211929741 0.999356113652724 0.9994748470174458 0.9995336994889094 0.999544536335514 0.9995523780559906 0.9995598998859623 0.9995673653424209 0.9995750019965186 0.9995829763080474 0.9995914639206698 0.9996006703642495 0.9996107669909207 0.9996220197895952 0.9996347069542908 0.9996490932894577 0.9996655024621454 0.9996841781624858 0.999705219524778 0.9997285086178298 0.9997536622940121 0.9997800299576644 0.9998065172691203 0.9998303870917551 0.9998506671369618 0.9998675766674943 0.9998817243250341 0.99989369138848 0.9999040077928885 0.9999130283961352 0.9999210357180982 0.999928232765223 0.999934695772215 0.9999406878955772 0.9999461788199554 0.9999512128339193 0.9999558316511222 0.9999600754402673 0.9999639817608084 0.9999675852539603 0.9999709177113634 0.9999740081952458 0.9999766918765963 0.9999790563884186 0.9999811732790693 0.9999831005700084 0.9999848849530617 0.9999865638709535 0.9999881671875696 0.999989718698575 0.9999912373536414 0.9999927382417813 0.9999942335337686 0.9999957324632551 0.9999972438072742 0.9999987741318637 1.0 1.0
0.0 0.0015 0.0035 0.0075 0.015 0.035 0.07499999 0.15 0.25 0.35 0.45 0.55 0.65 0.75 0.85 0.95 1.05 1.15 1.25 1.35 1.45 1.55 1.65 1.75 1.85 1.95 2.1 2.3 2.5 2.7 2.9 3.1 3.300001 3.500001 3.700001 3.9 4.25 4.75 5.25 5.75 6.25 6.75 7.25 7.75 8.25 8.75 9.25 9.75 10.25 10.75 11.25 11.75 12.25 12.75 13.25 13.75 14.25 14.75 15.25 15.75 16.25 16.75 17.25 17.75 18.25 18.75 19.25 19.75 20.5 21.5 22.5 23.5 24.5 25.5 26.5 27.5 28.5 29.5 30.5 31.5 32.5 33.5 34.5 35.5 36.5 37.5 38.5 39.5 41.0 43.0 45.0 47.0 49.0 51.0 53.0 55.0 57.0 59.0 61.0 63.0 65.0 67.0 69.0 71.0 73.0 75.0 77.0 78.25 78.75 79.25 79.75 79.9992
0.0007367593345358239 0.0014916729990543415 0.00230092335434966 0.0033695430814320395 0.004667373854463054 0.007435184480889322 0.01149978273629471 0.018433556719909552 0.029798412570776714 0.04507340888777493 0.06297043697256396 0.0862421480669014 0.11655131866727335 0.14894106342272637 0.1827563861207136 0.2164714882487181 0.25007333921637875 0.2854743001032068 0.3236742770930837 0.3613589883052881 0.4005916047401274 0.4385964190243696 0.47601623296781714 0.5118159856655343 0.5455750921668704 0.577287002335494 0.6082891285820983 0.6388295573202281 0.671604801987579 0.7104446367100246 0.7539709546128563 0.7942872701990059 0.8283188519193755 0.8576305552164147 0.8841837104069408 0.9098406466780625 0.9317620367153733 0.9485006679638132 0.9626704106516218 0.9735986075869637 0.9821803296733277 0.9886566045071272 0.9929926310049878 0.995984189759139 0.9978030894519029 0.9986789148005693 0.9991140508093974 0.9993339204202267 0.9994674576663587 0.9995134990275657 0.9995280839165006 0.9995389401751701 0.9995479919758037 0.9995563830488554 0.9995649069537943 0.9995737400216839 0.9995830617889737 0.9995930924517362 0.999604004769817 0.9996160324750758 0.9996294338972244 0.9996444804139853 0.9996614548135586 0.9996805592617208 0.9997018675868704 0.9997251961761433 0.9997501548086516 0.9997761004909592 0.9998018484497364 0.999824876882496 0.9998443577892915 0.9998605735402288 0.9998741358065496 0.9998856155824519 0.9998955244231311 0.9999042035628168 0.9999119230552683 0.9999188766869658 0.999925135603539 0.9999309525601155 0.9999362963216039 0.9999412080179825 0.9999457264100313 0.9999498878196502 0.9999537261646991 0.9999572729241578 0.9999605572426491 0.9999636059130174 0.9999662549728078 0.9999685864380891 0.999970668492993 0.9999725582421657 0.9999743015888232 0.9999759351179156 0.9999774878225067 0.9999789825618755 0.9999804372879247 0.9999818660590587 0.9999832798746288 0.9999846873473673 0.9999860952486521 0.9999875089422781 0.9999889327154491 0.9999903701010576 0.9999918236930273 0.9999932965103441 0.9999947675542462 0.9999961199117685 0.9999973628158159 0.9999985730214432 1.0 1.0
0.0 0.0015 0.0035 0.0075 0.015 0.035 0.07499999 0.15 0.25 0.35 0.45 0.55 0.65 0.75 0.85 0.95 1.05 1.15 1.25 1.35 1.45 1.55 1.65 1.75 1.85 1.95 2.1 2.3 2.5 2.7 2.9 3.1 3.300001 3.500001 3.700001 3.9 4.25 4.75 5.25 5.75 6.25 6.75 7.25 7.75 8.25 8.75 9.25 9.75 10.25 10.75 11.25 11.75 12.25 12.75 13.25 13.75 14.25 14.75 15.25 15.75 16.25 16.75 17.25 17.75 18.25 18.75 19.25 19.75 20.5 21.5 22.5 23.5 24.5 25.5 26.5 27.5 28.5 29.5 30.5 31.5 32.5 33.5 34.5 35.5 36.5 37.5 38.5 39.5 41.0 43.0 45.0 47.0 49.0 51.0 53.0 55.0 57.0 59.0 61.0 63.0 65.0 67.0 69.0 71.0 73.0 75.0 77.0 79.0 81.0 83.0 85.0 87.0 89.0 91.0 93.0 95.0 97.0 98.25 98.75 99.25 99.75 99.999
0.0009807075632675332 0.001974460521924318 0.0030073487702566943 0.004347618183719242 0.005881368177650619 0.008649983415228447 0.012463917482201096 0.018569111603616042 0.028232504644011062 0.04100020979214786 0.05632756861209034 0.07580995704498747 0.09870504013250495 0.12456711782985588 0.15628800491391087 0.1900213017504314 0.22339521280781813 0.2584637988645258 0.2957157198698915 0.33394114171730815 0.37263195057745657 0.4116250924553537 0.4504479904711038 0.48592716993941415 0.5207590462048565 0.5542827073134967 0.5866816652115251 0.6184690182246985 0.6520332366388865 0.690193698664022 0.733091135640178 0.7749561901688812 0.8131327173336148 0.8454444106842951 0.8740014155492237 0.9014054239108107 0.9251621435480216 0.9437491156064454 0.9589666164834958 0.9708364237668464 0.97995344607127 0.9869259443658459 0.9918259446241002 0.9950748483671776 0.9970534083684744 0.9980953999568478 0.9987271140574575 0.9991281635927693 0.999361723648462 0.9994359419039287 0.9994717176788649 0.9994994730762955 0.9995145622407331 0.999525273905648 0.9995355729869388 0.9995461910939315 0.9995573762680782 0.9995693105152184 0.9995821854157276 0.999596295951388 0.9996118338818737 0.9996291150055147 0.9996483223501512 0.9996696253348729 0.9996929963477211 0.999718180067727 0.9997445268966678 0.9997713605208544 0.9997970799845781 0.999819471669385 0.9998380970113082 0.9998534314380724 0.9998661810448366 0.9998769391301159 0.9998862144173541 0.9998943401864787 0.9999015755775147 0.9999081045685844 0.9999139943965999 0.9999194816996334 0.9999245363017586 0.9999291955687687 0.9999334945535074 0.9999374660317285 0.9999411406276042 0.9999445468316555 0.9999477110904013 0.9999506578063583 0.9999532351854732 0.9999555188737548 0.999957571589795 0.999959444684665 0.9999611797448433 0.9999628099889508 0.999964361662692 0.9999658552222249 0.9999673063597486 0.9999687268982017 0.9999701255263864 0.9999715084265125 0.9999728806637608 0.9999742464875041 0.9999756090103632 0.9999769704897056 0.9999783325571467 0.9999796963942634 0.9999810628652742 0.9999824326282041 0.9999838062137766 0.9999851840809956 0.9999865666727283 0.9999879544425998 0.9999893478818878 0.9999907475446244 0.9999921538880205 0.9999935678551861 0.9999949705839258 0.9999961718117076 0.9999972541502845 0.9999984690083332 1.0 1.0
0.0 0.0015 0.0035 0.0075 0.015 0.035 0.07499999 0.15 0.25 0.35 0.45 0.55 0.65 0.75 0.85 0.95 1.05 1.15 1.25 1.35 1.45 1.55 1.65 1.75 1.85 1.95 2.1 2.3 2.5 2.7 2.9 3.1 3.300001 3.500001 3.700001 3.9 4.25 4.75 5.25 5.75 6.25 6.75 7.25 7.75 8.25 8.75 9.25 9.75 10.25 10.75 11.25 11.75 12.25 12.75 13.25 13.75 14.25 14.75 15.25 15.75 16.25 16.75 17.25 17.75 18.25 18.75 19.25 19.75 20.5 21.5 22.5 23.5 24.5 25.5 26.5 27.5 28.5 29.5 30.5 31.5 32.5 33.5 34.5 35.5 36.5 37.5 38.5 39.5 41.0 43.0 45.0 47.0 49.0 51.0 53.0 55.0 57.0 59.0 61.0 63.0 65.0 67.0 69.0 71.0 73.0 75.0 77.0 79.0 81.0 83.0 85.0 87.0 89.0 91.0 93.0 95.0 97.0 99.0 101.0 103.0 105.0 107.0 109.0 111.0 113.0 115.0 117.0 118.25 118.75 119.25 119.75 119.9988
0.0008250171220603793 0.0016613573925169977 0.0025314747954874764 0.003697037722853317 0.005038208750270854 0.007494860786201246 0.010897561741196155 0.016296179792176586 0.024741637137454576 0.035813103717117725 0.04912031424243328 0.06616924523110856 0.08641350123983338 0.10888312925389074 0.13421731003472756 0.16258864420802643 0.1945287283869354 0.22891911643434423 0.26516071738487196 0.302835177204295 0.34086395463553554 0.37893550314532803 0.4171320364021731 0.45513549882842547 0.4928678743495454 0.5298177961664511 0.5639403518309173 0.5968918157635316 0.6310309029213939 0.6702915724763059 0.7134000118397985 0.7557008859017256 0.7957045850625064 0.8318812619936672 0.8633692819454428 0.8928844512272536 0.9178058809296823 0.9384047319242749 0.9545950090096454 0.9674102189920695 0.9774353714809758 0.9853303892692906 0.990631425280225 0.9940504210360933 0.9962824648119151 0.9976676833932638 0.9984541510698175 0.9988771618445131 0.9991439753401111 0.9992928566012589 0.9993658102295492 0.9994015949954389 0.9994281740864321 0.9994494316638128 0.9994668915651385 0.9994815440157685 0.9994968638283636 0.9995130643590429 0.9995303431536053 0.9995490241109751 0.9995692260027206 0.9995913101547711 0.9996153283436162 0.9996414272076705 0.9996694802643667 0.999699043345393 0.9997292545571166 0.9997593416901815 0.9997871410420801 0.9998105573292362 0.9998294209836471 0.9998446595256454 0.9998570832387983 0.9998674752609994 0.9998763621036709 0.9998841128961989 0.9998909955449328 0.9998971967226084 0.9999027894895504 0.9999080000165594 0.9999128035433789 0.999917236128635 0.9999213315934705 0.9999251209667956 0.9999286330215454 0.9999318944226117 0.9999349297638271 0.999937761771372 0.999940248503699 0.9999424605802415 0.999944456859773 0.9999462857699534 0.99994798673673 0.9999495914861469 0.9999511252481478 0.9999526078364857 0.9999540545954928 0.9999554772118626 0.9999568844080844 0.9999582825175323 0.999959675967096 0.9999610676766 0.9999624593787072 0.9999638518833501 0.999965245288534 0.999966639156008 0.9999680326425552 0.9999694246072434 0.999970813707582 0.9999721985289637 0.9999735785184894 0.9999749534117293 0.9999763229775382 0.9999776870420952 0.999979045498149 0.9999803983179618 0.9999817455625564 0.9999830873798653 0.9999844240102795 0.999985755786648 0.9999870831342773 0.9999884065727818 0.9999897267105349 0.9999910442021396 0.9999923598408856 0.9999936746086773 0.9999949734829358 0.9999961019237845 0.9999972928828951 0.9999986782941588 1.0 1.0
0.0 0.0015 0.0035 0.0075 0.015 0.035 0.07499999 0.15 0.25 0.35 0.45 0.55 0.65 0.75 0.85 0.95 1.05 1.15 1.25 1.35 1.45 1.55 1.65 1.75 1.85 1.95 2.1 2.3 2.5 2.7 2.9 3.1 3.300001 3.500001 3.700001 3.9 4.25 4.75 5.25 5.75 6.25 6.75 7.25 7.75 8.25 8.75 9.25 9.75 10.25 10.75 11.25 11.75 12.25 12.75 13.25 13.75 14.25 14.75 15.25 15.75 16.25 16.75 17.25 17.75 18.25 18.75 19.25 19.75 20.5 21.5 22.5 23.5 24.5 25.5 26.5 27.5 28.5 29.5 30.5 31.5 32.5 33.5 34.5 35.5 36.5 37.5 38.5 39.5 41.0 43.0 45.0 47.0 49.0 51.0 53.0 55.0 57.0 59.0 61.0 63.0 65.0 67.0 69.0 71.0 73.0 75.0 77.0 79.0 81.0 83.0 85.0 87.0 89.0 91.0 93.0 95.0 97.0 99.0 101.0 103.0 105.0 107.0 109.0 111.0 113.0 115.0 117.0 119.0 121.0 123.0 125.0 127.0 129.0 131.0 133.0 135.0 137.0 138.25 138.75 139.25 139.75 139.9986
0.00046801395127340833 0.000946212552207609 0.0014549729793291693 0.0022440464355102763 0.003198635722771847 0.005155172053646397 0.007974145132603095 0.012602056855037427 0.0199180321159762 0.02955101037157149 0.04114211192665476 0.05613167794836472 0.07405108582724787 0.09424041983403819 0.11753886743450404 0.14275449223870787 0.16941049279290152 0.20006634590997213 0.23496953031521806 0.2714798374510349 0.3087630136717502 0.34657557649264187 0.3850057313968125 0.42309426536980305 0.4607638281012299 0.4985065912009036 0.5363592317037278 0.5736086320064961 0.6087889787509357 0.6479189176479285 0.6905099274997288 0.7334644991804882 0.7755579962932464 0.8146589624460617 0.8494053904721671 0.8815636955570243 0.9087244520363045 0.9310856659454805 0.9489895845495917 0.9630396901286522 0.9736228764085235 0.9817704462781359 0.9878793128838342 0.99189974032187 0.9945395857595375 0.9962689659775863 0.9975558136575895 0.9984017687951992 0.9989040864371532 0.9990656738484711 0.9991589741540545 0.9992264558636115 0.9992591005380721 0.9992795678221386 0.9993000245392228 0.9993211973134525 0.9993432748134934 0.9993673490889338 0.9993932220568874 0.9994211006380802 0.9994512369030716 0.9994838514136011 0.9995201084589903 0.9995586610371875 0.9995996157786502 0.9996423463495192 0.9996847051547382 0.9997258376136303 0.9997629200364003 0.9997916487793502 0.9998145939247008 0.9998313792494572 0.9998449501942636 0.9998557699964109 0.99986488367281 0.9998726646798277 0.9998795050909324 0.9998856104627489 0.9998910853507637 0.999896166147977 0.9999008358703665 0.9999051402825717 0.9999091122383014 0.9999127878766347 0.999916194537237 0.9999193605204081 0.9999223089774455 0.9999250625793293 0.999927486030261 0.9999296471510541 0.9999316024654575 0.9999333985315954 0.9999350733195167 0.9999366574811555 0.9999381754781148 0.9999396465999408 0.999941085844063 0.9999425046900671 0.9999439117510037 0.999945313326716 0.9999467138649427 0.9999481163398091 0.9999495225707574 0.9999509334703907 0.9999523492558122 0.9999537696157764 0.9999551938432562 0.9999566209372701 0.9999580497008672 0.9999594787930014 0.9999609067938545 0.9999623322374979 0.999963753652239 0.9999651695817559 0.9999665786023875 0.9999679793423475 0.9999693704913301 0.9999707508081953 0.9999721191267323 0.9999734745708425 0.999974817121313 0.9999761469337667 0.999977464261811 0.9999787694493535 0.9999800629363645 0.9999813452511934 0.9999826170163313 0.9999838789407268 0.9999851318217069 0.9999863765411341 0.9999876140711706 0.9999888454723576 0.9999900718974566 0.9999912944857802 0.9999925147282338 0.9999937340523205 0.9999947284495434 0.9999959744504573 0.9999974075676511 0.9999987617879126 0.9999999999999999 1.0
0.0 0.0015 0.0035 0.0075 0.015 0.035 0.07499999 0.15 0.25 0.35 0.45 0.55 0.65 0.75 0.85 0.95 1.05 1.15 1.25 1.35 1.45 1.55 1.65 1.75 1.85 1.95 2.1 2.3 2.5 2.7 2.9 3.1 3.300001 3.500001 3.700001 3.9 4.25 4.75 5.25 5.75 6.25 6.75 7.25 7.75 8.25 8.75 9.25 9.75 10.25 10.75 11.25 11.75 12.25 12.75 13.25 13.75 14.25 14.75 15.25 15.75 16.25 16.75 17.25 17.75 18.25 18.75 19.25 19.75 20.5 21.5 22.5 23.5 24.5 25.5 26.5 27.5 28.5 29.5 30.5 31.5 32.5 33.5 34.5 35.5 36.5 37.5 38.5 39.5 41.0 43.0 45.0 47.0 49.0 51.0 53.0 55.0 57.0 59.0 61.0 63.0 65.0 67.0 69.0 71.0 73.0 75.0 77.0 79.0 81.0 83.0 85.0 87.0 89.0 91.0 93.0 95.0 97.0 99.0 101.0 103.0 105.0 107.0 109.0 111.0 113.0 115.0 117.0 119.0 121.0 123.0 125.0 127.0 129.0 131.0 133.0 135.0 137.0 139.0 141.0 143.0 145.0 147.0 149.0 151.0 153.0 155.0 156.25 156.75 157.25 157.75 158.25 158.75 159.25 159.75 159.9984
0.0008895628610300394 0.0017872496921397746 0.0027091447282750173 0.003902347149521514 0.005244329337151601 0.007506367645226706 0.01050051623043753 0.015068300952343848 0.022010720744563932 0.03096073191047691 0.04158665147501833 0.05516408904729227 0.07137806432909803 0.08962943403277907 0.11075632337819274 0.1339171116042062 0.15843435964824779 0.18585233358725786 0.21609875005639984 0.24918248630698972 0.28499820159289807 0.32164723177517784 0.3587945545296614 0.396569611647811 0.43505911944203723 0.47306087269290464 0.511135957180145 0.5498302546606342 0.5896144769368971 0.6317196555811949 0.674026065102765 0.7163808546554495 0.7585223133802931 0.7988869774029654 0.8369402542995562 0.8728439907945051 0.9023048990347196 0.9261574208727513 0.9451976856052494 0.959818656920985 0.9713031253147592 0.9799105418018185 0.9861249518557068 0.9906761920700378 0.9936531219510811 0.9953626274836994 0.9965648633484344 0.9973966248246814 0.998007849280304 0.9984186898551941 0.9986166278455917 0.9987274525186645 0.9988161870711962 0.9988777825417869 0.9989099458711767 0.9989433379782263 0.9989784602595804 0.9990165138132732 0.9990618896164648 0.9991104205015383 0.999162089663007 0.9992171822010133 0.9992769460712433 0.9993452540487255 0.9994162078029809 0.9994890445626157 0.9995628327105206 0.9996336573590943 0.9996944501205458 0.999745331994381 0.9997787424886105 0.9998035282092506 0.999822467459167 0.9998355704007366 0.9998465630081168 0.9998553543932804 0.999862825045114 0.9998694086044932 0.9998751003461104 0.9998803492928046 0.9998850940155781 0.9998894294555465 0.9998934173382746 0.999897071958312 0.9999004576114742 0.999903593633957 0.9999065098999845 0.9999092316771007 0.999911626933492 0.99991376449257 0.9999157012715533 0.9999174832799106 0.9999191479404956 0.9999207254221231 0.9999222398179299 0.9999237101556814 0.9999251512617713 0.9999265745105486 0.9999279884609487 0.9999293993903154 0.9999308117451831 0.9999322285070423 0.9999336515067029 0.9999350816714322 0.99993651923453 0.9999379638915205 0.9999394149425045 0.9999408713949697 0.9999423320507835 0.99994379557737 0.9999452605551598 0.9999467255289951 0.9999481890338334 0.9999496496263797 0.9999511059009043 0.999952556507037 0.9999540001616295 0.9999554356566639 0.9999568618632068 0.9999582777393179 0.9999596823359818 0.9999610747931528 0.9999624543437098 0.9999638203154334 0.9999651721250742 0.999966509288239 0.9999678314095046 0.999969138186372 0.9999704294033355 0.9999717052877637 0.9999729666423657 0.9999742143588207 0.9999754494138243 0.9999766728651334 0.9999778858574982 0.9999790896206853 0.9999802854694764 0.999981474805647 0.9999826509287507 0.9999838148649108 0.9999849676264106 0.9999861102018083 0.999987243567799 0.9999883686121082 0.9999894863845843 0.9999905856176426 0.999991557732021 0.999992423190871 0.9999932973371692 0.9999944045300971 0.9999957360940693 0.9999970398775829 0.9999983482598686 0.9999999999999999 1.0
0.0 0.0015 0.0035 0.0075 0.015 0.035 0.07499999 0.15 0.25 0.35 0.45 0.55 0.65 0.75 0.85 0.95 1.05 1.15 1.25 1.35 1.45 1.55 1.65 1.75 1.85 1.95 2.1 2.3 2.5 2.7 2.9 3.1 3.300001 3.500001 3.700001 3.9 4.25 4.75 5.25 5.75 6.25 6.75 7.25 7.75 8.25 8.75 9.25 9.75 10.25 10.75 11.25 11.75 12.25 12.75 13.25 13.75 14.25 14.75 15.25 15.75 16.25 16.75 17.25 17.75 18.25 18.75 19.25 19.75 20.5 21.5 22.5 23.5 24.5 25.5 26.5 27.5 28.5 29.5 30.5 31.5 32.5 33.5 34.5 35.5 36.5 37.5 38.5 39.5 41.0 43.0 45.0 47.0 49.0 51.0 53.0 55.0 57.0 59.0 61.0 63.0 65.0 67.0 69.0 71.0 73.0 75.0 77.0 79.0 81.0 83.0 85.0 87.0 89.0 91.0 93.0 95.0 97.0 99.0 101.0 103.0 105.0 107.0 109.0 111.0 113.0 115.0 117.0 119.0 121.0 123.0 125.0 127.0 129.0 131.0 133.0 135.0 137.0 139.0 141.0 143.0 145.0 147.0 149.0 151.0 153.0 155.0 157.0 159.0 161.0 163.0 165.0 167.0 169.0 171.0 173.0 175.0 177.0 179.0 181.0 183.0 185.0 187.0 189.0 191.0 193.0 195.0 196.25 196.75 197.25 197.75 198.25 198.75 199.25 199.75 199.998
0.0008194348567380661 0.001644579602178331 0.0024867972873694627 0.003580535188894549 0.00481019134373977 0.006868317085800693 0.009522236355452263 0.01348514380010384 0.01941675635362727 0.026968545593089536 0.035894134985629114 0.047188892158637974 0.06062845167527112 0.07584536009966315 0.09366951554953287 0.11335910027436367 0.13447151323353254 0.15836416743660686 0.18486862582351288 0.21363693146818502 0.24429223510292628 0.2762335760218023 0.3096063260946483 0.34487682676529136 0.38197351392599826 0.4200014869820172 0.4593725623427119 0.49962365821305443 0.5409908662989478 0.5852916101384882 0.6317000555916811 0.6777258944754013 0.7236268295437609 0.7677061289304455 0.8077907287134086 0.8474459861830731 0.8816106615817793 0.909775445367889 0.9317666236602525 0.9486252690190713 0.9623112156518412 0.9722270799996875 0.9797371711343775 0.9853702506575933 0.9891299867325615 0.9920069061965413 0.9938276763779604 0.9948363025210114 0.9955387259341282 0.9959250753847515 0.996043106632783 0.996128789253128 0.9962098630687354 0.9962907796168715 0.9963956547953492 0.9965055868744415 0.9966222132985066 0.9967458665940551 0.9968767425516804 0.9970151328464505 0.9971949426941861 0.9974212086756136 0.9976585574629593 0.9979063587163448 0.9981640426322267 0.9984304839967729 0.9987046994120402 0.9989650156001605 0.9992002058226712 0.9994074932397932 0.9995554103873434 0.9996370779246964 0.99970494762268 0.9997587421994808 0.9997838069937589 0.999804880771413 0.9998226118215566 0.9998346473550859 0.9998443596056831 0.9998529836839115 0.9998599735562643 0.9998656833391338 0.9998708196778132 0.999875373174354 0.9998791510014798 0.9998826188021384 0.9998858071196621 0.9998886134021134 0.9998910467511087 0.9998931603137403 0.9998950636946405 0.9998968063960215 0.9998984322622763 0.9998999746053222 0.9999014573518281 0.9999029002205527 0.9999043177402162 0.9999057211248571 0.9999071188135792 0.9999085169552655 0.9999099199356254 0.9999113306968093 0.9999127510464405 0.9999141819010308 0.9999156234870622 0.99991707549762 0.9999185372236244 0.9999200076533146 0.9999214855696136 0.9999229696072791 0.9999244583079356 0.9999259501687583 0.9999274436699885 0.9999289373088014 0.9999304296162382 0.9999319191762567 0.999933404638431 0.9999348847243015 0.9999363582443078 0.9999378240956731 0.9999392812687524 0.9999407288533845 0.9999421660388902 0.9999435921140732 0.999945006471454 0.9999464086072684 0.9999477981235854 0.9999491747219564 0.9999505382076493 0.9999518884854147 0.9999532255658357 0.9999545495547452 0.9999558606595752 0.9999571591851243 0.9999584455272067 0.9999597201768866 0.9999609837183607 0.9999622368226088 0.9999634716474237 0.999964688527237 0.99996588779013 0.9999670697472512 0.9999682347033989 0.9999693829527884 0.9999705147748178 0.9999716304446525 0.999972730222641 0.9999738143606651 0.9999748831698734 0.9999759373614616 0.9999769776910759 0.9999780048995455 0.9999790197107663 0.9999800228338178 0.9999810149608462 0.9999819967734147 0.9999829689361527 0.9999839321031067 0.9999848869177396 0.9999858340086982 0.9999867739982791 0.9999877074981955 0.9999886350524281 0.9999895573361893 0.9999904749273264 0.9999913242690376 0.9999921863127958 0.9999931781244428 0.9999941867084644 0.9999950442670306 0.9999961204443151 0.9999976702909031 0.9999992349413769 1.0 1.0
