0.25 0.5 1.0 2.0 3.0 4.0 5.0 6.0 7.0 8.0 9.0 10.0 12.0 14.0 16.0 18.0 20.0 22.0 24.0 26.0 28.0 30.0 35.0 40.0 45.0 50.0 55.0 60.0 70.0 80.0 100.0 120.0 140.0 160.0 200.0
0.3877424 0.07831185 0.005980657 0.0004528842 0.0001526602 0.0001057829 9.322409e-05 0.0003037644 0.0007907247 0.01656203 0.07781136 0.1815361 0.4257397 0.4894028 0.3808489 0.2899857 0.2722723 0.3064938 0.3619493 0.3923218 0.3862999 0.3683228 0.338506 0.3322132 0.3163459 0.298822 0.2916973 0.2823157 0.2639279 0.2450178 0.2155391 0.1917365 0.1637169 0.1402225 0.1191819
0.0 0.0015
1.0 1.0
0.0 0.0015 0.0035 0.0075 0.015 0.035 0.07499999 0.15 0.25 0.35 0.45 0.499995
1.3903123666482996e-05 3.0763244772977884e-05 5.649420191000318e-05 9.700983366807738e-05 0.0001670949709577547 0.0010465532090478892 0.006745622668639951 0.06966765246519584 0.25770143174889526 0.5671404298702755 1.0 1.0
0.0 0.0015 0.0035 0.0075 0.015 0.035 0.07499999 0.15 0.25 0.35 0.45 0.55 0.65 0.75 0.85 0.95 0.99999
0.00015604672797570512 0.00033099343682854623 0.0005626395563510308 0.0008887849596371365 0.0014039287531298964 0.0025916069808293 0.004897614240775178 0.01778999132081418 0.052434923312867664 0.10909988059221835 0.189278035502185 0.2945895307932868 0.4268237883155946 0.5876216441322738 0.7783512152417955 0.9999999999999999 1.0
0.0 0.0015 0.0035 0.0075 0.015 0.035 0.07499999 0.15 0.25 0.35 0.45 0.55 0.65 0.75 0.85 0.95 1.05 1.15 1.25 1.35 1.45 1.55 1.65 1.75 1.85 1.95 1.99998
0.0001504285940906998 0.00031755567280823227 0.0005347570398632265 0.0008354155541473235 0.0013029881747514658 0.002205016678495888 0.0035505140120890913 0.007821810903170768 0.017070140086125802 0.03159747271518287 0.050879950311899104 0.07473422283213037 0.10298098520217946 0.13622496991077712 0.17435969075917976 0.21736429263231538 0.2658526703473225 0.3198082207115525 0.3795688963023962 0.4452802878352205 0.5174008315652878 0.5961504986296497 0.6816810506753317 0.7798415714101071 0.8855278066960188 1.0 1.0
0.0 0.0015 0.0035 0.0075 0.015 0.035 0.07499999 0.15 0.25 0.35 0.45 0.55 0.65 0.75 0.85 0.95 1.05 1.15 1.25 1.35 1.45 1.55 1.65 1.75 1.85 1.95 2.1 2.3 2.5 2.7 2.9 2.99997
9.700251250809899e-05 0.00020478543343700523 0.00034490999459459143 0.000538937012822472 0.0008407690835130277 0.0014395665006184074 0.002398747312474833 0.004852712525058336 0.01065314961183983 0.01911379014151166 0.030260155922171687 0.04348103070318441 0.059068449755173516 0.07694241588289041 0.09691506002905625 0.11922935877003388 0.14367257273747192 0.17058372936428925 0.1997849049511943 0.23185203116789105 0.26628933399354393 0.30365268839537907 0.34382660926374975 0.39046199740238813 0.4399843334634812 0.4934678682639519 0.5562513225337743 0.6307124805966376 0.7305075362034594 0.8513473289488274 1.0 1.0
0.0 0.0015 0.0035 0.0075 0.015 0.035 0.07499999 0.15 0.25 0.35 0.45 0.55 0.65 0.75 0.85 0.95 1.05 1.15 1.25 1.35 1.45 1.55 1.65 1.75 1.85 1.95 2.1 2.3 2.5 2.7 2.9 3.1 3.300001 3.500001 3.700001 3.9 3.99996
4.4205404383176055e-05 9.209695761516378e-05 0.00015104679141813296 0.00022842703751425335 0.0003426682741721298 0.0005520639022757775 0.0009766601499724325 0.0022694919207547543 0.0051336290783550705 0.009291534938173232 0.014780992152464789 0.02122406465487488 0.02868809200643461 0.03716711568836005 0.0466435788171703 0.05691675897806458 0.0681654698259696 0.08041715540213672 0.0935162153785785 0.10771690755265163 0.12292204997676927 0.13926266699350556 0.15664877833020496 0.17695389996921657 0.19844918179329607 0.2214214293862495 0.24799547710249947 0.27922875455687685 0.32174457861512834 0.37310647941116826 0.435513000998359 0.5118881329426205 0.6015783137003459 0.7275608365182779 0.8702841083167097 1.0 1.0
0.0 0.0015 0.0035 0.0075 0.015 0.035 0.07499999 0.15 0.25 0.35 0.45 0.55 0.65 0.75 0.85 0.95 1.05 1.15 1.25 1.35 1.45 1.55 1.65 1.75 1.85 1.95 2.1 2.3 2.5 2.7 2.9 3.1 3.300001 3.500001 3.700001 3.9 4.25 4.75 4.99995
3.8170456240001666e-05 7.936771775557346e-05 0.00012964493439690042 0.00019505571671512274 0.0002907336303871359 0.0004716469795304453 0.0008275158930646025 0.001954528870085883 0.0045905514709340504 0.00827371048684292 0.013012754628951472 0.018680240192026683 0.025219793503687256 0.032564870917966164 0.040708052845980135 0.049665288754797705 0.05920808018466586 0.06947537915067817 0.08049441307928612 0.09236771327157105 0.10494723808259358 0.1183749801537515 0.13274136817203344 0.1495209676847023 0.16711622441749882 0.18590791692390307 0.20741009973355173 0.23235998190792337 0.2671274705424458 0.30856818947778547 0.35871707786804546 0.41938761591817103 0.4900313391410135 0.5915674340189772 0.7138518413950664 0.8219997321014733 0.9137194413768173 1.0 1.0
0.0 0.0015 0.0035 0.0075 0.015 0.035 0.07499999 0.15 0.25 0.35 0.45 0.55 0.65 0.75 0.85 0.95 1.05 1.15 1.25 1.35 1.45 1.55 1.65 1.75 1.85 1.95 2.1 2.3 2.5 2.7 2.9 3.1 3.300001 3.500001 3.700001 3.9 4.25 4.75 5.25 5.75 5.99994
0.00044231528783428287 0.0009154719388413064 0.0014811476300274603 0.0022009985787079934 0.003229207868852878 0.005158494694423109 0.008507766758068728 0.014182438725027986 0.02128548288229412 0.03040462715213588 0.04107255015226768 0.05245994338091249 0.06455440313659129 0.07711514411070276 0.08994459828793233 0.10289616820642764 0.11589041261425734 0.12888781538368896 0.1420271323529653 0.15560344184927227 0.16878148724938272 0.18220177216775293 0.19550321584125846 0.21194361650655774 0.22766192128701632 0.24376501347763535 0.2610709642760431 0.2799315762847829 0.3062700398422343 0.3367573433578576 0.37233071990717814 0.41422357155015094 0.4616659498153621 0.5372324904078413 0.6475095764856335 0.7383254493424027 0.810468613770725 0.8740894279398135 0.9376398290752669 1.0 1.0
0.0 0.0015 0.0035 0.0075 0.015 0.035 0.07499999 0.15 0.25 0.35 0.45 0.55 0.65 0.75 0.85 0.95 1.05 1.15 1.25 1.35 1.45 1.55 1.65 1.75 1.85 1.95 2.1 2.3 2.5 2.7 2.9 3.1 3.300001 3.500001 3.700001 3.9 4.25 4.75 5.25 5.75 6.25 6.75 6.99993
0.0001608426877379754 0.0004402783554444015 0.0010522645225675084 0.00210968911064533 0.003717233794183742 0.0057616030596469355 0.007523233194960184 0.009318580041166428 0.013714281454110617 0.016248689111054457 0.01822877103625296 0.01947509760914646 0.02034969782099083 0.0209915273454896 0.021581326183810666 0.023322961872156066 0.02535041176632694 0.026819818111849678 0.02794042806635205 0.03201507854566298 0.03551760019117184 0.04131843659337398 0.04498208310569621 0.04698446271077307 0.06497306216033619 0.08519712543462775 0.10427768720746489 0.10951827211733864 0.11078179839629217 0.13879201537272506 0.1843794589701959 0.3046495601294979 0.3861782878078293 0.42247782865596634 0.5975532539470703 0.6233839111384698 0.6257968818929992 0.6277710343689992 0.8063659212716734 0.9898786546090588 0.994116603164402 0.9999999999999999 1.0
0.0 0.0015 0.0035 0.0075 0.015 0.035 0.07499999 0.15 0.25 0.35 0.45 0.55 0.65 0.75 0.85 0.95 1.05 1.15 1.25 1.35 1.45 1.55 1.65 1.75 1.85 1.95 2.1 2.3 2.5 2.7 2.9 3.1 3.300001 3.500001 3.700001 3.9 4.25 4.75 5.25 5.75 6.25 6.75 7.25 7.75 7.99992
0.0001394983479119534 0.0003146802332744328 0.0005969127309884902 0.0010512473686167133 0.0020223799721888463 0.0037025313264668664 0.005525986404969321 0.007212118764537414 0.011242690208857094 0.014390533760290277 0.017244747323391933 0.019891299675197892 0.02212203300375139 0.023841662215161923 0.025154263688178045 0.026606902440866796 0.02815569754992902 0.029502350601734676 0.030624702213350403 0.034132914206587435 0.038392556921492384 0.04718910473565719 0.05494072515119594 0.06054760249667056 0.07088213393069633 0.08400769060045135 0.10091902175634032 0.1146506839555807 0.12398707965123319 0.14046824470014002 0.17830602444584356 0.2673354663447919 0.35426866587309963 0.42269499296634033 0.5539250978233803 0.6180151723885382 0.6316185397655949 0.6319904649134953 0.7606276951484541 0.9465281308352946 0.9899043347475627 0.993042260817346 0.999053813997957 1.0 1.0
0.0 0.0015 0.0035 0.0075 0.015 0.035 0.07499999 0.15 0.25 0.35 0.45 0.55 0.65 0.75 0.85 0.95 1.05 1.15 1.25 1.35 1.45 1.55 1.65 1.75 1.85 1.95 2.1 2.3 2.5 2.7 2.9 3.1 3.300001 3.500001 3.700001 3.9 4.25 4.75 5.25 5.75 6.25 6.75 7.25 7.75 8.25 8.75 8.99991
0.00014277532732027642 0.00031548600885161353 0.0005780021015677911 0.0009901943138909302 0.0017590470017969024 0.0032952781500109264 0.005096508712020789 0.007094350618057037 0.012130144018880316 0.015504122014466031 0.01910836094101104 0.022632543380809073 0.026076021142759843 0.02928498987911321 0.032202396069801985 0.03511783000063539 0.037966379078748475 0.04059782908820381 0.04301658805420745 0.0470485386469268 0.05212163397981234 0.062467718312080936 0.07268791025226022 0.08164235109292248 0.09227894555605917 0.10398949821234804 0.11785066099383537 0.13196646841772264 0.14465057804869638 0.1613052099509817 0.19707995166512576 0.2667877254857779 0.34152139069245513 0.41041677585823044 0.5118760441501563 0.5823282931360331 0.6155279572715475 0.6267273509862951 0.7078962183496385 0.8573022149015946 0.9429595613412396 0.9788130305875129 0.9949914211793874 0.9988910332986736 0.9998452188054611 1.0 1.0
0.0 0.0015 0.0035 0.0075 0.015 0.035 0.07499999 0.15 0.25 0.35 0.45 0.55 0.65 0.75 0.85 0.95 1.05 1.15 1.25 1.35 1.45 1.55 1.65 1.75 1.85 1.95 2.1 2.3 2.5 2.7 2.9 3.1 3.300001 3.500001 3.700001 3.9 4.25 4.75 5.25 5.75 6.25 6.75 7.25 7.75 8.25 8.75 9.25 9.75 9.9999
0.00017313552163972595 0.00039668537580426843 0.0007320541530111434 0.0011930099019833282 0.0018568021399538248 0.003319073362758288 0.005231345004632667 0.007491824855417285 0.012401414641935305 0.015978185440806116 0.01991768445879546 0.02389634323970954 0.027945230991680132 0.03199139502429121 0.03597576320460254 0.040071508333273456 0.04415838710052745 0.04815714296731987 0.052078237568428644 0.05700565075647681 0.06279190538656294 0.07263655559785123 0.08526820546479824 0.09643053467992029 0.10767803470016851 0.11882186881971368 0.13131117328427633 0.1481579753305826 0.16265693800592676 0.17881257695355204 0.20939927366686667 0.26719132567752313 0.32881713862933165 0.39022465101595083 0.4709459532683187 0.5458118970070721 0.5932519011235357 0.6177504234496967 0.6751213568777518 0.7810906979752719 0.8685062710209254 0.9318689168540822 0.9732901057106582 0.9924715987169616 0.998351907305942 0.999661554528212 0.9999525192912243 1.0 1.0
0.0 0.0015 0.0035 0.0075 0.015 0.035 0.07499999 0.15 0.25 0.35 0.45 0.55 0.65 0.75 0.85 0.95 1.05 1.15 1.25 1.35 1.45 1.55 1.65 1.75 1.85 1.95 2.1 2.3 2.5 2.7 2.9 3.1 3.300001 3.500001 3.700001 3.9 4.25 4.75 5.25 5.75 6.25 6.75 7.25 7.75 8.25 8.75 9.25 9.75 10.25 10.75 11.25 11.75 11.99988
0.00027571704351449114 0.0006036063881230486 0.0010878746232732659 0.0018327736456255394 0.003008012076245282 0.005057462587864308 0.007245420385676222 0.009718241359199527 0.014950168431405507 0.01879434603095701 0.023043883778289437 0.02719941254422523 0.031567536693314975 0.03604339442411054 0.04071617472760033 0.04557386073688083 0.05064529572065665 0.05582649962554423 0.06117536461399553 0.06698791407378646 0.07338845705616842 0.08149942748078999 0.09493993762501714 0.10650589320603962 0.11826789309686198 0.13027160348281974 0.14358612820892178 0.16102689233046738 0.1800035117181512 0.20200063054696296 0.23348093935456984 0.2794779021952484 0.3284267693568706 0.377991640354107 0.43361140212207866 0.4904356735682772 0.5407958952604245 0.5852108696368203 0.6395860422690853 0.7073491826194065 0.7670219533862508 0.8214777728573057 0.8743266151936318 0.9226478729028218 0.9629582577611536 0.9883229432218474 0.9964370293886418 0.9988147421580824 0.9996638833186186 0.9999328980312914 0.9999896791214785 1.0 1.0
0.0 0.0015 0.0035 0.0075 0.015 0.035 0.07499999 0.15 0.25 0.35 0.45 0.55 0.65 0.75 0.85 0.95 1.05 1.15 1.25 1.35 1.45 1.55 1.65 1.75 1.85 1.95 2.1 2.3 2.5 2.7 2.9 3.1 3.300001 3.500001 3.700001 3.9 4.25 4.75 5.25 5.75 6.25 6.75 7.25 7.75 8.25 8.75 9.25 9.75 10.25 10.75 11.25 11.75 12.25 12.75 13.25 13.75 13.99986
0.0003236501164062232 0.0006886722840272111 0.0011776149666413804 0.0018727864450565645 0.002993344771065906 0.005085134610038414 0.008218091968960445 0.011863039597745059 0.018186177017444145 0.02251713211088799 0.027224112531571056 0.03174273818826098 0.03629766924709185 0.04106323079319651 0.04592190065763045 0.050940848110609116 0.056192890642056736 0.06153756397672894 0.06706850740124307 0.07303575352610343 0.07956794278239428 0.08707391718839488 0.10238061398055727 0.1142180067409242 0.125762141083173 0.13740650014422962 0.14971717451719413 0.1652508513436486 0.182380201909254 0.2022353191625135 0.2293657817168305 0.2699798311560356 0.31245743674459386 0.35709640398475506 0.40781032551425545 0.45893843794391703 0.5053412889641851 0.5475257929306299 0.5944329212827555 0.65141693685633 0.7105064733226195 0.768986500956735 0.8245825868065307 0.8733362019247887 0.9181443306725697 0.9564140660312441 0.9778473386336933 0.9904986665806922 0.9961518788168334 0.9981689664066363 0.9991817966123118 0.9997548286358034 0.9999619226604659 0.9999828941973433 0.9999907546304989 0.9999999999999999 1.0
0.0 0.0015 0.0035 0.0075 0.015 0.035 0.07499999 0.15 0.25 0.35 0.45 0.55 0.65 0.75 0.85 0.95 1.05 1.15 1.25 1.35 1.45 1.55 1.65 1.75 1.85 1.95 2.1 2.3 2.5 2.7 2.9 3.1 3.300001 3.500001 3.700001 3.9 4.25 4.75 5.25 5.75 6.25 6.75 7.25 7.75 8.25 8.75 9.25 9.75 10.25 10.75 11.25 11.75 12.25 12.75 13.25 13.75 14.25 14.75 15.25 15.75 15.99984
0.00037795040080816877 0.000803349170788708 0.0013710927054810444 0.0021760770576192898 0.003453090272625048 0.005944731620306529 0.009977363072517904 0.014740437232479359 0.023170513552453052 0.029039693623915282 0.03507498686656105 0.04094193870347988 0.0465123810837357 0.052101221825213664 0.057757365534061605 0.06353229471239137 0.07007735659776879 0.07667842944346087 0.08364312959831618 0.09189311314638639 0.10091581415357459 0.11058546420614528 0.12935811398274186 0.14352578455425744 0.15668338955114572 0.17283780546234956 0.18893531569136823 0.20701020924693977 0.22594792321045792 0.24689630346850097 0.2733520567850623 0.3129340381280878 0.35371648940150024 0.39638546688094534 0.44389848913560576 0.4904527192065089 0.5326284683996406 0.5711838506677268 0.6137386054164244 0.6643213121391288 0.7176296981969085 0.7716150904700345 0.8239824416593412 0.8705035224563449 0.9119877990498639 0.9477580595413634 0.969148422119275 0.9838180522284609 0.9928936172431778 0.9966181832715789 0.9980814720951381 0.9991337675136372 0.9997819499725408 0.999902518715268 0.9999174838812668 0.9999297256990066 0.9999436223751211 0.9999600253351694 0.9999779104482749 1.0 1.0
0.0 0.0015 0.0035 0.0075 0.015 0.035 0.07499999 0.15 0.25 0.35 0.45 0.55 0.65 0.75 0.85 0.95 1.05 1.15 1.25 1.35 1.45 1.55 1.65 1.75 1.85 1.95 2.1 2.3 2.5 2.7 2.9 3.1 3.300001 3.500001 3.700001 3.9 4.25 4.75 5.25 5.75 6.25 6.75 7.25 7.75 8.25 8.75 9.25 9.75 10.25 10.75 11.25 11.75 12.25 12.75 13.25 13.75 14.25 14.75 15.25 15.75 16.25 16.75 17.25 17.75 17.99982
0.00028342813758655235 0.0006197417150170594 0.0011146759267973492 0.001873977651961896 0.003175415295059601 0.005759253957706151 0.010195531580645142 0.016045640327727442 0.025379923933964214 0.03290739097990578 0.041310686081419384 0.048575437553688774 0.05500063353688009 0.06128606992554272 0.06757252634197633 0.07387970858584332 0.08258468242709234 0.09085475179617687 0.10021347185718729 0.11340313832371893 0.12678821747892194 0.14012671326059611 0.1622347793790472 0.17901911529197492 0.19462869501079805 0.2222547260966372 0.2464950418460581 0.27094470329506554 0.29509113543580645 0.3201050332991857 0.34888187676934734 0.39012144165128326 0.43214409101114937 0.4750286480475952 0.5208446954222796 0.5644453245858806 0.6026115426358545 0.6364493375782531 0.6723458833084576 0.7152392511110985 0.7610286451285473 0.8084270619001607 0.8529865487482959 0.8922628285994442 0.9273572788078135 0.9574098043777545 0.9747244820980386 0.9862699553791812 0.9936527616445242 0.9968486065484261 0.9980652659886398 0.9989558219188729 0.9995678868985696 0.9996875017341165 0.9997084680417813 0.9997253051633419 0.9997433809080986 0.9997633608836467 0.9997862982765546 0.9998136305049046 0.9998471439436477 0.9998891561400914 0.9999377997802388 1.0 1.0
0.0 0.0015 0.0035 0.0075 0.015 0.035 0.07499999 0.15 0.25 0.35 0.45 0.55 0.65 0.75 0.85 0.95 1.05 1.15 1.25 1.35 1.45 1.55 1.65 1.75 1.85 1.95 2.1 2.3 2.5 2.7 2.9 3.1 3.300001 3.500001 3.700001 3.9 4.25 4.75 5.25 5.75 6.25 6.75 7.25 7.75 8.25 8.75 9.25 9.75 10.25 10.75 11.25 11.75 12.25 12.75 13.25 13.75 14.25 14.75 15.25 15.75 16.25 16.75 17.25 17.75 18.25 18.75 19.25 19.75 19.9998
0.0003014000326364605 0.0006519137487466166 0.0011496201234746884 0.0018926528447700223 0.003138126867016559 0.0055094529695158155 0.009316407315031456 0.014072772951020157 0.023040407217819667 0.03165943017277701 0.04273530361828939 0.051061605059070196 0.05836991737875771 0.06547232806479317 0.07233795774374686 0.0791044611643987 0.09157188675090135 0.10319402084954454 0.11703908284211419 0.1387360995996081 0.1603841390553035 0.18172117491315828 0.20859025986215424 0.23164329746431433 0.2534658334035194 0.30118391331972816 0.3432720455884626 0.38344317461144506 0.42139061509906406 0.45828167142097775 0.49589616447252455 0.5394666934900971 0.5819860427307448 0.6229998290201887 0.664125256121263 0.7014523868446183 0.7322011968388649 0.7589703308341061 0.7856797611488268 0.8163441265989666 0.8480964495067453 0.880070559444084 0.9086425470911628 0.9336667776364056 0.9562330447525695 0.974915121724801 0.9855634212705463 0.9922981966020598 0.9962070075082988 0.9978619999377291 0.998501775984273 0.998983559331359 0.9993194924852407 0.9993939357954622 0.999410703829018 0.9994267350278792 0.9994438229311762 0.9994630623021058 0.9994851930979958 0.9995110049714148 0.9995414354329507 0.9995780198840505 0.999623042917943 0.9996793717525083 0.9997490926804181 0.9998311696279674 0.9999142311391174 0.9999999999999999 1.0
0.0 0.0015 0.0035 0.0075 0.015 0.035 0.07499999 0.15 0.25 0.35 0.45 0.55 0.65 0.75 0.85 0.95 1.05 1.15 1.25 1.35 1.45 1.55 1.65 1.75 1.85 1.95 2.1 2.3 2.5 2.7 2.9 3.1 3.300001 3.500001 3.700001 3.9 4.25 4.75 5.25 5.75 6.25 6.75 7.25 7.75 8.25 8.75 9.25 9.75 10.25 10.75 11.25 11.75 12.25 12.75 13.25 13.75 14.25 14.75 15.25 15.75 16.25 16.75 17.25 17.75 18.25 18.75 19.25 19.75 20.5 21.5 21.99978
0.0004069170392519262 0.0008503672266325392 0.0014033513315972305 0.0021388918843677214 0.0032479662603134263 0.0053147312289208385 0.008495465767886172 0.012987653232705438 0.02007620330437017 0.028146317974390232 0.040757642959219534 0.04886208340435227 0.05619074519474096 0.06351359025893882 0.07067859886137844 0.07783834575942013 0.09108986515457981 0.10359459661481248 0.1190753671537456 0.14174024931391993 0.1649167882162539 0.1881525921989324 0.21510498836893047 0.2397194713752421 0.2637316872754151 0.3143348579069095 0.36072147663208437 0.4059535766771213 0.4495165525937715 0.49467300341293857 0.5409620898944176 0.5914059912766179 0.6407071101223187 0.6879231318985459 0.7335817429636453 0.7740700448494032 0.8053268428509148 0.8321840540059448 0.8559367030842832 0.8803516276382017 0.9040270969019374 0.9262960406962276 0.9446274520641137 0.9603356299462821 0.9743920580827086 0.9859846344540879 0.9920812774508159 0.9958621079093467 0.9977200365150088 0.9985646882396894 0.9989171018943751 0.9991719710802155 0.9993503193870179 0.9993869290645833 0.9993995256876032 0.9994120804517108 0.9994261538239045 0.9994421843447518 0.9994606187701206 0.9994814961960392 0.9995062565250805 0.9995359697512404 0.9995720329646175 0.9996161902050574 0.9996698158238806 0.99973226457769 0.9998002307860274 0.9998697796622351 0.9999370412129482 1.0 1.0
0.0 0.0015 0.0035 0.0075 0.015 0.035 0.07499999 0.15 0.25 0.35 0.45 0.55 0.65 0.75 0.85 0.95 1.05 1.15 1.25 1.35 1.45 1.55 1.65 1.75 1.85 1.95 2.1 2.3 2.5 2.7 2.9 3.1 3.300001 3.500001 3.700001 3.9 4.25 4.75 5.25 5.75 6.25 6.75 7.25 7.75 8.25 8.75 9.25 9.75 10.25 10.75 11.25 11.75 12.25 12.75 13.25 13.75 14.25 14.75 15.25 15.75 16.25 16.75 17.25 17.75 18.25 18.75 19.25 19.75 20.5 21.5 22.5 23.5 23.99976
0.0005536456796112484 0.001138940961926247 0.0018190849991169713 0.0026573102128909253 0.003817816683450417 0.005862150381950214 0.009005211469820964 0.013682360196420364 0.019909830138055206 0.02728576444616156 0.040107973092491596 0.04784847546018591 0.05519599122459786 0.06248829179147805 0.06975324039683228 0.07709219904100295 0.08989589906190543 0.10194956431348294 0.11706909065276698 0.13777634312092987 0.15950271485103665 0.18202273135119487 0.20722027028559387 0.23069407544358966 0.25391508350363967 0.30189907409942035 0.346487125781835 0.39005901331987347 0.4326590879399435 0.4794674407868512 0.5281895013506133 0.5815470601180391 0.634031171263352 0.6852304912277833 0.7348419247575035 0.7793182788669574 0.8150773052438146 0.8471944916991143 0.8747828626304878 0.901165310750499 0.9250369608424802 0.9449014935293966 0.959689320153164 0.971782373110003 0.9822619881395867 0.9907169121958532 0.9948934840660736 0.9972626431623112 0.998317311412226 0.9987664247004622 0.999045131672346 0.9992478566515465 0.9993742615608718 0.9993970341665354 0.9994067763672024 0.9994170140393202 0.9994283715004002 0.9994414446176091 0.9994566423616048 0.9994741588943755 0.9994950775551716 0.9995201693899421 0.9995503306701888 0.9995861409218652 0.9996295505714917 0.9996800436966387 0.9997348376431396 0.9997906012987499 0.9998439874057142 0.9998969417426036 0.9999479057784556 1.0 1.0
0.0 0.0015 0.0035 0.0075 0.015 0.035 0.07499999 0.15 0.25 0.35 0.45 0.55 0.65 0.75 0.85 0.95 1.05 1.15 1.25 1.35 1.45 1.55 1.65 1.75 1.85 1.95 2.1 2.3 2.5 2.7 2.9 3.1 3.300001 3.500001 3.700001 3.9 4.25 4.75 5.25 5.75 6.25 6.75 7.25 7.75 8.25 8.75 9.25 9.75 10.25 10.75 11.25 11.75 12.25 12.75 13.25 13.75 14.25 14.75 15.25 15.75 16.25 16.75 17.25 17.75 18.25 18.75 19.25 19.75 20.5 21.5 22.5 23.5 24.5 25.5 25.99974
0.0005189349404635922 0.0010725746582922633 0.0017303237761082532 0.002561621441289228 0.0037448139091774157 0.005977361904306855 0.00919435888647653 0.013743426973304284 0.020160538332240286 0.027890557090518936 0.041257701467093816 0.049449155911911714 0.0569694836360022 0.06470048881586446 0.0722502710884413 0.07986291554248715 0.09258314984821206 0.10465959610739908 0.11996451882993496 0.1392974694285702 0.16039097293934856 0.18282859422837475 0.20772508586122346 0.2310175820175165 0.25409307775568685 0.2993296071029493 0.34179582075374465 0.3832421731292538 0.4243985422197235 0.4709883433375297 0.5201737895498866 0.5732645527933428 0.6260876012190094 0.6779073109309152 0.7284239084098034 0.7735603406268698 0.8115851171158782 0.8459452881007258 0.8753817604115633 0.9038166695674905 0.9291039074501437 0.94933178163234 0.9632780195958923 0.9745090285763136 0.9844060577263125 0.9920906443725044 0.9955947319584196 0.9976654791940339 0.9983550697539633 0.9986795020865721 0.9989987586651319 0.9992256538781596 0.9993535493550032 0.9993705114659862 0.9993789050752043 0.9993879642970465 0.9993983124266509 0.9994102513336827 0.9994242599998021 0.9994406185440786 0.9994597861210986 0.9994827513472341 0.9995096488443702 0.9995422900277824 0.9995816692104267 0.9996272487925402 0.9996765299216461 0.9997256677730171 0.9997727158902631 0.9998190920078054 0.9998665203905718 0.9999143675093005 0.9999583046994773 1.0 1.0
0.0 0.0015 0.0035 0.0075 0.015 0.035 0.07499999 0.15 0.25 0.35 0.45 0.55 0.65 0.75 0.85 0.95 1.05 1.15 1.25 1.35 1.45 1.55 1.65 1.75 1.85 1.95 2.1 2.3 2.5 2.7 2.9 3.1 3.300001 3.500001 3.700001 3.9 4.25 4.75 5.25 5.75 6.25 6.75 7.25 7.75 8.25 8.75 9.25 9.75 10.25 10.75 11.25 11.75 12.25 12.75 13.25 13.75 14.25 14.75 15.25 15.75 16.25 16.75 17.25 17.75 18.25 18.75 19.25 19.75 20.5 21.5 22.5 23.5 24.5 25.5 26.5 27.5 27.99972
0.0006963174736792213 0.0014272699326304235 0.002262123883997996 0.0032701463296976934 0.004628714289314115 0.007033351128481547 0.010493799390198625 0.015319559345271976 0.02193604778481444 0.02997744065507902 0.043371336973749376 0.05222339046505055 0.06002278818558437 0.06766397286591333 0.07543097543115612 0.08312434117376485 0.09604398924120097 0.10846445505433464 0.12405147493685435 0.14246258299127565 0.16337001792515798 0.18559128359160193 0.21011092553491637 0.23326654713814388 0.2562071435788864 0.29948976755166073 0.34019923407316244 0.38002783439042753 0.4202815175281323 0.46650498829398207 0.5164815472684633 0.5696037389050531 0.6226117125714417 0.6748544728407608 0.7251970636729632 0.7704080837893736 0.8091974910647827 0.8442551595160706 0.8743201643130091 0.903246922840306 0.9286839846964924 0.9495269608166089 0.9633986702142168 0.9746289536072559 0.9847342134954514 0.9924357751257638 0.9957334114474145 0.9978394359544899 0.9983701245073215 0.9986061930382258 0.9989233157567211 0.999165532316639 0.9992975284116193 0.9993112837730561 0.9993192741079951 0.9993280019738733 0.9993380024659244 0.9993495702204981 0.9993631566669898 0.9993792596196114 0.9993984367104323 0.9994213878925065 0.9994489711488622 0.9994820015905892 0.9995211278629502 0.9995663061786791 0.9996139350969917 0.9996623573811921 0.9997085561628668 0.9997531692023084 0.9997986587292276 0.9998444018264726 0.9998888775668596 0.999930611036942 0.9999668552660871 1.0 1.0
0.0 0.0015 0.0035 0.0075 0.015 0.035 0.07499999 0.15 0.25 0.35 0.45 0.55 0.65 0.75 0.85 0.95 1.05 1.15 1.25 1.35 1.45 1.55 1.65 1.75 1.85 1.95 2.1 2.3 2.5 2.7 2.9 3.1 3.300001 3.500001 3.700001 3.9 4.25 4.75 5.25 5.75 6.25 6.75 7.25 7.75 8.25 8.75 9.25 9.75 10.25 10.75 11.25 11.75 12.25 12.75 13.25 13.75 14.25 14.75 15.25 15.75 16.25 16.75 17.25 17.75 18.25 18.75 19.25 19.75 20.5 21.5 22.5 23.5 24.5 25.5 26.5 27.5 28.5 29.5 29.9997
0.0010517382128176801 0.0021368956021656556 0.0033221979088221597 0.004674409892733435 0.006364223126970109 0.009066135050634447 0.01294583315197817 0.018079748078516585 0.025099750803955094 0.03293308092131872 0.046262860957818085 0.0556380804208816 0.06361109422058588 0.07145962699606784 0.07926379398969538 0.08708726559321749 0.10045915175722131 0.11332316393649332 0.1292210102721123 0.14692964729064242 0.16756941655792254 0.1892093730492466 0.21338824259422456 0.23612483280246996 0.2586259744361537 0.2999958250576839 0.33912516047813296 0.37765318088473665 0.41777772735052465 0.4636213972368381 0.5147878002489121 0.5684486394022438 0.6221211349146265 0.6745225192898933 0.7252780109497403 0.7711570203483464 0.8099204893295118 0.8444658380747392 0.8744739737550051 0.9041214784792898 0.9301407932748667 0.9500177328684158 0.9633605917349014 0.9747943908847129 0.9850183192346432 0.9926135361140095 0.9959575677169009 0.9979731302526584 0.9984127157542374 0.9986051358177976 0.998888226302586 0.9991114050775057 0.9992368035460899 0.999249332823199 0.9992573636594544 0.9992662152811957 0.9992763437187754 0.9992880590511007 0.9993016508843635 0.9993177490570833 0.9993369335966013 0.9993598925244497 0.9993874474657675 0.9994207340265179 0.9994606568093113 0.9995066384292434 0.9995561922787026 0.9996054668200668 0.9996521483154555 0.9996970818509001 0.9997426922948227 0.9997878115417506 0.9998316051247932 0.9998726137764582 0.9999101430543379 0.9999441225757555 0.9999733321273624 1.0 1.0
0.0 0.0015 0.0035 0.0075 0.015 0.035 0.07499999 0.15 0.25 0.35 0.45 0.55 0.65 0.75 0.85 0.95 1.05 1.15 1.25 1.35 1.45 1.55 1.65 1.75 1.85 1.95 2.1 2.3 2.5 2.7 2.9 3.1 3.300001 3.500001 3.700001 3.9 4.25 4.75 5.25 5.75 6.25 6.75 7.25 7.75 8.25 8.75 9.25 9.75 10.25 10.75 11.25 11.75 12.25 12.75 13.25 13.75 14.25 14.75 15.25 15.75 16.25 16.75 17.25 17.75 18.25 18.75 19.25 19.75 20.5 21.5 22.5 23.5 24.5 25.5 26.5 27.5 28.5 29.5 30.5 31.5 32.5 33.5 34.5 34.99965
0.0015457487963329648 0.0031243621461571306 0.00480151094711425 0.006642884929279817 0.008815893911780674 0.011984441105299752 0.016830627965938472 0.022270887617532646 0.028741322972755386 0.037139786207626715 0.048536600350428075 0.05886732753965397 0.06648665874995062 0.07394616618783842 0.08171029435588249 0.08932012374733805 0.10356364612836934 0.11861305726450849 0.1358412660330412 0.153489129906858 0.17363143278561793 0.19443119304660372 0.2173491251779669 0.23914488149823013 0.2609434724666367 0.2972167209223185 0.3338677431072652 0.3694630973214583 0.41025463795444583 0.45558344994471495 0.5107877700684064 0.5667603067424157 0.6231416784325063 0.6785729171539007 0.7317580824305819 0.7791315831130868 0.8186193078886755 0.8528539087055419 0.8821827094487882 0.9109156226392823 0.9352459701806827 0.9534592644257771 0.9665604236050483 0.9773568328567708 0.986764467517225 0.9935401961895232 0.9965460066978303 0.9983367106718469 0.998654007097372 0.9987813921249536 0.9989533452075757 0.999099874015496 0.999164471953569 0.9991752765121283 0.9991834634602289 0.9991924800870954 0.9992027360837635 0.999214534016516 0.9992283134637059 0.9992445350862283 0.9992637375161461 0.9992865491208458 0.9993137365515845 0.9993463756050248 0.9993853660801767 0.9994301664834255 0.999478343273009 0.9995267137676253 0.9995725499547298 0.9996170962424116 0.9996619528983847 0.9997065236437727 0.9997490030107072 0.9997883806513473 0.9998238467710422 0.9998557824208536 0.9998842837195668 0.9999100112698251 0.9999333399348905 0.9999534148445601 0.9999712077768722 0.9999863759326174 1.0 1.0
0.0 0.0015 0.0035 0.0075 0.015 0.035 0.07499999 0.15 0.25 0.35 0.45 0.55 0.65 0.75 0.85 0.95 1.05 1.15 1.25 1.35 1.45 1.55 1.65 1.75 1.85 1.95 2.1 2.3 2.5 2.7 2.9 3.1 3.300001 3.500001 3.700001 3.9 4.25 4.75 5.25 5.75 6.25 6.75 7.25 7.75 8.25 8.75 9.25 9.75 10.25 10.75 11.25 11.75 12.25 12.75 13.25 13.75 14.25 14.75 15.25 15.75 16.25 16.75 17.25 17.75 18.25 18.75 19.25 19.75 20.5 21.5 22.5 23.5 24.5 25.5 26.5 27.5 28.5 29.5 30.5 31.5 32.5 33.5 34.5 35.5 36.5 37.5 38.5 39.5 39.9996
0.0016770552907198657 0.0033782412837079783 0.005151750600192309 0.007045798625983366 0.009183478354460558 0.012054346783881736 0.016264487425334685 0.021271860881818126 0.027259685325675437 0.034441152296255266 0.04499702557511743 0.05463614953283236 0.06285088132226876 0.0701093121642557 0.07762483836842561 0.08540060046804662 0.0990152968505235 0.11555280407547602 0.13291649674795705 0.15178313163748747 0.17119564408159077 0.19219206232682398 0.21429808262435 0.23576984493536418 0.25744541879860056 0.29089231840617347 0.326398458089439 0.3608950007762713 0.40244293409863563 0.44697540210360664 0.5034499008482768 0.5605009554822423 0.6188333868544619 0.6764474854964758 0.7316503008090038 0.7812199589779709 0.8217975091331731 0.8567887041682638 0.88670307908331 0.9154572191084559 0.93997646139669 0.9572852767384327 0.969119413148131 0.9785580594634532 0.9869740081322637 0.9934391789460433 0.9963828377400734 0.9982635339710367 0.998709067693597 0.9988544584731799 0.9989921861557644 0.9990963735305186 0.9991578435333153 0.9991683670368264 0.9991766419870561 0.9991857457149584 0.9991960871262875 0.9992079454421108 0.9992217501052628 0.9992379013562693 0.9992569097582087 0.9992792696452141 0.9993056258914009 0.9993369276819483 0.9993739989478759 0.9994164042247503 0.9994619554200627 0.9995080490488687 0.9995516454274486 0.9995938938000497 0.9996363113159469 0.9996783550520857 0.9997184738347078 0.9997556266125277 0.9997892540622006 0.9998193627927988 0.9998462746906238 0.9998703046657338 0.9998917797937761 0.9999101798428447 0.9999264148332458 0.9999407246253498 0.9999534588635618 0.9999648461728291 0.9999750865877414 0.9999843548081111 0.9999924927302407 1.0 1.0
0.0 0.0015 0.0035 0.0075 0.015 0.035 0.07499999 0.15 0.25 0.35 0.45 0.55 0.65 0.75 0.85 0.95 1.05 1.15 1.25 1.35 1.45 1.55 1.65 1.75 1.85 1.95 2.1 2.3 2.5 2.7 2.9 3.1 3.300001 3.500001 3.700001 3.9 4.25 4.75 5.25 5.75 6.25 6.75 7.25 7.75 8.25 8.75 9.25 9.75 10.25 10.75 11.25 11.75 12.25 12.75 13.25 13.75 14.25 14.75 15.25 15.75 16.25 16.75 17.25 17.75 18.25 18.75 19.25 19.75 20.5 21.5 22.5 23.5 24.5 25.5 26.5 27.5 28.5 29.5 30.5 31.5 32.5 33.5 34.5 35.5 36.5 37.5 38.5 39.5 41.0 43.0 44.99955
0.0014556024201625045 0.0029297896907299298 0.004459725853450515 0.00608257691844175 0.007893497546139298 0.01027258254601806 0.013690203030838462 0.018177678954033313 0.023594205481471967 0.030235025698961943 0.03925496708511572 0.04933130518486902 0.05766868992754711 0.06516102422390023 0.07282445163628148 0.08044008704317314 0.09373470395246075 0.11071984344134224 0.128098612492736 0.1474034628452693 0.1670753648544614 0.1876423655587256 0.2097743034756945 0.23127180891698898 0.25336747963045103 0.28579016272863794 0.32173959762401577 0.35611955329463507 0.3981599838237545 0.4423786363740793 0.498860623051313 0.5560271347412765 0.6149474634366453 0.6733002374622092 0.7290318325705478 0.7797345394900428 0.820987105620592 0.8560716144611016 0.886460332399793 0.9157238812636083 0.9405224305206489 0.9574852339394193 0.9688455171594695 0.9779163950209964 0.9861162128969667 0.992632452563903 0.9957074857614316 0.9978543959487275 0.9985779436358737 0.9988107003476173 0.9989620145512419 0.9990770866480675 0.9991413123224133 0.9991540574149153 0.9991629241802665 0.9991726063425813 0.9991835450134096 0.9991960714939012 0.9992105850677595 0.9992275113456263 0.9992472990418777 0.9992704097637085 0.9992973835578284 0.9993291013678967 0.9993663820355231 0.9994088122031645 0.9994543105663808 0.9995003209516493 0.9995438632479193 0.9995859853657724 0.9996282046718576 0.9996700020087839 0.999710036671043 0.9997470447195279 0.9997804782094473 0.9998103546100784 0.9998369940274711 0.9998607681635543 0.9998821388961738 0.9999003683821144 0.9999163822470181 0.9999304987761931 0.9999429695764394 0.9999540031472702 0.9999638877563628 0.9999727662581157 0.9999808316265297 0.9999882137493711 0.9999945523904615 1.0 1.0
0.0 0.0015 0.0035 0.0075 0.015 0.035 0.07499999 0.15 0.25 0.35 0.45 0.55 0.65 0.75 0.85 0.95 1.05 1.15 1.25 1.35 1.45 1.55 1.65 1.75 1.85 1.95 2.1 2.3 2.5 2.7 2.9 3.1 3.300001 3.500001 3.700001 3.9 4.25 4.75 5.25 5.75 6.25 6.75 7.25 7.75 8.25 8.75 9.25 9.75 10.25 10.75 11.25 11.75 12.25 12.75 13.25 13.75 14.25 14.75 15.25 15.75 16.25 16.75 17.25 17.75 18.25 18.75 19.25 19.75 20.5 21.5 22.5 23.5 24.5 25.5 26.5 27.5 28.5 29.5 30.5 31.5 32.5 33.5 34.5 35.5 36.5 37.5 38.5 39.5 41.0 43.0 45.0 47.0 49.0 49.9995
0.0012411925331474718 0.002496915301141853 0.0037962129153033233 0.005168135438268001 0.006687220447372233 0.00865391499048112 0.011438838675451922 0.015416567278790698 0.020163739215361295 0.026367862061969418 0.03459220047157035 0.04375308239301344 0.05296620278837238 0.06062261814776152 0.0682654027394336 0.07616899563069834 0.08896417077348559 0.10573088232027968 0.12335385931810927 0.1428564748302329 0.16272196214354268 0.1833651862239234 0.2059642433481927 0.22798062913476572 0.25040897334468004 0.28244873587112684 0.31922559283327073 0.3540099690411942 0.3964075787526615 0.44022743679247617 0.4964695058057931 0.5539748181730156 0.6124398347112063 0.6704364097593205 0.7251095900455452 0.7752965851014954 0.8162432279611029 0.8511134376163486 0.8823670708270501 0.9120983001683892 0.9351340820354566 0.9511897065861402 0.96429355258246 0.975549811324333 0.9849768884366642 0.9909604981199486 0.9946200061553789 0.9969556727699961 0.9981054219561467 0.9985808198209347 0.9988258235166864 0.9989979911890355 0.9990998564609586 0.9991189497445906 0.9991286284817031 0.9991391155746334 0.9991509565266556 0.9991644615176468 0.9991800565679475 0.9991981588518992 0.9992191884925099 0.9992435765649769 0.9992717796913458 0.9993046092504367 0.9993428807095571 0.9993862322995578 0.9994326284495101 0.9994795283506125 0.9995239431950083 0.9995668599186693 0.9996098175272 0.999652309296005 0.9996929805730735 0.999730552777031 0.999764473094884 0.9997947620929607 0.9998217542838301 0.9998458723922644 0.9998675160740581 0.9998859448174984 0.9999021017250215 0.9999163114472698 0.9999288458810156 0.9999399723141904 0.9999499034720096 0.9999588233363862 0.999966886452127 0.9999742305392955 0.9999804634252673 0.9999859532968767 0.9999909710101896 0.9999955414182512 1.0 1.0
0.0 0.0015 0.0035 0.0075 0.015 0.035 0.07499999 0.15 0.25 0.35 0.45 0.55 0.65 0.75 0.85 0.95 1.05 1.15 1.25 1.35 1.45 1.55 1.65 1.75 1.85 1.95 2.1 2.3 2.5 2.7 2.9 3.1 3.300001 3.500001 3.700001 3.9 4.25 4.75 5.25 5.75 6.25 6.75 7.25 7.75 8.25 8.75 9.25 9.75 10.25 10.75 11.25 11.75 12.25 12.75 13.25 13.75 14.25 14.75 15.25 15.75 16.25 16.75 17.25 17.75 18.25 18.75 19.25 19.75 20.5 21.5 22.5 23.5 24.5 25.5 26.5 27.5 28.5 29.5 30.5 31.5 32.5 33.5 34.5 35.5 36.5 37.5 38.5 39.5 41.0 43.0 45.0 47.0 49.0 51.0 53.0 54.99945
0.0011139351135976295 0.0022390941113779083 0.0033979124625218397 0.004612829652270606 0.005941871224099467 0.0076200286562038266 0.009933694227986867 0.013432013968046856 0.017713237029407046 0.023382367817667383 0.031245341759249267 0.03993513715021611 0.04849280667136221 0.057218332447725784 0.06498976029754866 0.07283867802850733 0.08511296526076739 0.10120665875436143 0.11868427152509127 0.13851663592025207 0.15792526078594996 0.1785907242345616 0.20081103801160036 0.22261604849558767 0.24496832499000243 0.2760079520987506 0.31202618860874254 0.3465901846278807 0.38782970097537595 0.43086035506191245 0.4859190089802514 0.5438367714404839 0.6025521736528324 0.6608424256945804 0.7165805969950482 0.7671029854403814 0.8079015132799489 0.8424075776310184 0.8734609346455003 0.904459522639304 0.9298329657439475 0.9471189296129423 0.9599890269830322 0.9710923866897002 0.9810844372841194 0.9882689907300086 0.9927345158130155 0.9959136516403109 0.997566863565623 0.9982702554214952 0.9986625446816961 0.9989478880163816 0.9990775545513508 0.9991035758602633 0.999114033153859 0.9991251096737335 0.9991375524070797 0.9991517077892891 0.9991680092034552 0.999186861719448 0.9992086467374824 0.9992337389308728 0.9992625466325377 0.9992958465485154 0.9993344255755973 0.9993779436036869 0.9994244320102856 0.9994714302055232 0.9995159926602628 0.9995590516024732 0.9996021213378453 0.9996447033729096 0.9996854478094387 0.9997230727712244 0.9997570275560149 0.9997873355071599 0.9998143322166881 0.9998384413036472 0.9998600617134151 0.9998784551184284 0.9998945648410222 0.9999087190184135 0.9999212033179826 0.9999322657816465 0.9999421212435242 0.9999509553710978 0.9999589274011536 0.9999661708676922 0.9999723088634662 0.9999776863680446 0.9999825516241474 0.9999871029247456 0.9999914871572405 0.9999958034430173 1.0 1.0
0.0 0.0015 0.0035 0.0075 0.015 0.035 0.07499999 0.15 0.25 0.35 0.45 0.55 0.65 0.75 0.85 0.95 1.05 1.15 1.25 1.35 1.45 1.55 1.65 1.75 1.85 1.95 2.1 2.3 2.5 2.7 2.9 3.1 3.300001 3.500001 3.700001 3.9 4.25 4.75 5.25 5.75 6.25 6.75 7.25 7.75 8.25 8.75 9.25 9.75 10.25 10.75 11.25 11.75 12.25 12.75 13.25 13.75 14.25 14.75 15.25 15.75 16.25 16.75 17.25 17.75 18.25 18.75 19.25 19.75 20.5 21.5 22.5 23.5 24.5 25.5 26.5 27.5 28.5 29.5 30.5 31.5 32.5 33.5 34.5 35.5 36.5 37.5 38.5 39.5 41.0 43.0 45.0 47.0 49.0 51.0 53.0 55.0 57.0 59.0 59.9994
0.001052568882094927 0.002114643138293946 0.0032052178563780924 0.004343292670704026 0.005578095628838098 0.0071105762801996295 0.009183521005335253 0.012344280171976325 0.016367600510706674 0.02149537499996286 0.028919647569662622 0.03719734269444789 0.04561310469155026 0.053918038856072596 0.062249767506271 0.07026057106431502 0.08219640557372955 0.097978218713794 0.11580536699334365 0.13576151750735727 0.15501589144446548 0.17595666858256517 0.1981678852437131 0.22035447462023225 0.24264634248119513 0.2731854888760203 0.3090464020384664 0.34398580009823504 0.3850283192053228 0.42840272643233446 0.48289073259657883 0.5413950826318464 0.5998894554594952 0.657942734675378 0.712725106352508 0.7625550194964342 0.8035279254789713 0.838206476391703 0.8691397856343555 0.8997509699940639 0.9244062867874057 0.9409940612847941 0.9546557531681131 0.9670132547820034 0.9781046538008156 0.9863642131406126 0.9913300183991475 0.9947822080115214 0.9969761681822722 0.9978903963871624 0.9984367960154132 0.998845171711228 0.9990377853668287 0.9990726176930326 0.9990839598331711 0.9990957422333825 0.9991090083327725 0.9991240664396859 0.9991413443616302 0.9991612378022368 0.9991841202121762 0.999210293332517 0.9992400693614523 0.9992742020201851 0.9993134796344113 0.9993575834386621 0.9994046132169144 0.9994521514538739 0.99949729566618 0.9995409708293845 0.9995846821126066 0.9996279228252515 0.999669305251404 0.9997075101263705 0.9997419762006491 0.9997727310062811 0.999800118314901 0.9998245686114442 0.9998464867937288 0.9998651246469595 0.9998814386948713 0.9998957620499052 0.9999083848088444 0.9999195589782724 0.9999295028948543 0.9999384052162194 0.9999464286339989 0.9999537131069459 0.999959863184016 0.9999652303407636 0.9999700783543511 0.9999745951246459 0.9999789040153996 0.9999831214947243 0.9999873143215059 0.9999915413233806 0.9999957106847803 1.0 1.0
0.0 0.0015 0.0035 0.0075 0.015 0.035 0.07499999 0.15 0.25 0.35 0.45 0.55 0.65 0.75 0.85 0.95 1.05 1.15 1.25 1.35 1.45 1.55 1.65 1.75 1.85 1.95 2.1 2.3 2.5 2.7 2.9 3.1 3.300001 3.500001 3.700001 3.9 4.25 4.75 5.25 5.75 6.25 6.75 7.25 7.75 8.25 8.75 9.25 9.75 10.25 10.75 11.25 11.75 12.25 12.75 13.25 13.75 14.25 14.75 15.25 15.75 16.25 16.75 17.25 17.75 18.25 18.75 19.25 19.75 20.5 21.5 22.5 23.5 24.5 25.5 26.5 27.5 28.5 29.5 30.5 31.5 32.5 33.5 34.5 35.5 36.5 37.5 38.5 39.5 41.0 43.0 45.0 47.0 49.0 51.0 53.0 55.0 57.0 59.0 61.0 63.0 65.0 67.0 69.0 69.9993
0.0009361159032026978 0.0018795093663463555 0.0028447324682320235 0.0038463383013543763 0.004922123699553802 0.006228647560698679 0.007950968778860347 0.01053782367163247 0.014177761787076247 0.01884360346493232 0.025183968172404446 0.03290259634554862 0.041232585676793235 0.04958963809353059 0.058231067050719544 0.06676028772657483 0.07902323852031669 0.09435178889673788 0.1118622337005882 0.13165275169346272 0.1516108180367696 0.17273754641537734 0.19534122133382958 0.217913816405809 0.24119565742633342 0.271604185297479 0.30729423433941383 0.3433624164449663 0.3840823879005297 0.42753003149846636 0.48096983053200265 0.5396992349429695 0.5984513207487447 0.65622166962325 0.7107125675741914 0.7607823928436543 0.8033883159419601 0.8386729889041665 0.8698669012518601 0.900233563576387 0.9237245676047907 0.9401191460714458 0.9537912044935652 0.9654319805524861 0.9762878815159046 0.9842019776960851 0.9894857594036531 0.9935719888076725 0.9958833577599112 0.9971750279684023 0.9979870966624516 0.9985832544435983 0.9989742915736098 0.999025973222424 0.9990395075021433 0.9990527666907555 0.9990676973334399 0.9990846002691214 0.9991039263887234 0.9991259938653316 0.9991510673236663 0.9991793144033103 0.9992109335347904 0.9992464690715819 0.9992867101741701 0.9993313851726642 0.9993787307470072 0.9994264415044778 0.9994718020132842 0.9995156921594908 0.9995596279219103 0.999603125261838 0.9996447822409938 0.9996832795371277 0.9997180560708191 0.9997491376912557 0.9997768647460714 0.999801659818795 0.9998239193396601 0.9998428693535857 0.9998594683585769 0.9998740454756103 0.9998868885429905 0.9998982487286546 0.9999083472205513 0.9999173764430724 0.9999255023125215 0.9999328675316186 0.9999390615037614 0.9999444449518261 0.9999492800169831 0.9999537558798048 0.9999580082485251 0.9999621340575967 0.9999662012751768 0.999970260459235 0.9999743462020663 0.9999784772316599 0.9999826770150235 0.9999869644828856 0.9999913500256057 0.9999957164348584 1.0 1.0
0.0 0.0015 0.0035 0.0075 0.015 0.035 0.07499999 0.15 0.25 0.35 0.45 0.55 0.65 0.75 0.85 0.95 1.05 1.15 1.25 1.35 1.45 1.55 1.65 1.75 1.85 1.95 2.1 2.3 2.5 2.7 2.9 3.1 3.300001 3.500001 3.700001 3.9 4.25 4.75 5.25 5.75 6.25 6.75 7.25 7.75 8.25 8.75 9.25 9.75 10.25 10.75 11.25 11.75 12.25 12.75 13.25 13.75 14.25 14.75 15.25 15.75 16.25 16.75 17.25 17.75 18.25 18.75 19.25 19.75 20.5 21.5 22.5 23.5 24.5 25.5 26.5 27.5 28.5 29.5 30.5 31.5 32.5 33.5 34.5 35.5 36.5 37.5 38.5 39.5 41.0 43.0 45.0 47.0 49.0 51.0 53.0 55.0 57.0 59.0 61.0 63.0 65.0 67.0 69.0 71.0 73.0 75.0 77.0 78.25 78.75 79.25 79.75 79.9992
0.0008969049628389031 0.0017998705084800535 0.002721004182107131 0.0036724183212741017 0.004685608887963512 0.005892888685643828 0.007447915735039343 0.009750195895878923 0.013179565626855768 0.017619265383921043 0.023534286244467732 0.030336606896649215 0.038372460959860216 0.04685102157863223 0.05561837295316556 0.06463672850490165 0.0765620551587903 0.09183856023898224 0.10960304957638348 0.1297589997888247 0.14979763025435358 0.1710100004835381 0.19401138524135378 0.21719820950625338 0.24133221296836682 0.2721654910323026 0.30685405443067254 0.34334000891647437 0.38512090199376 0.42877543529203493 0.48190171011644534 0.5411353059648963 0.6013671525440138 0.6592125248354893 0.714306748683526 0.7653318213673455 0.8093024997665167 0.8446632561550642 0.8749925534258766 0.9057454457840076 0.9287856260404421 0.9442668914468728 0.9567703242507154 0.9677811808957453 0.976731187157996 0.9836277686891115 0.9891919375986874 0.9931803575019792 0.9955066201971123 0.996865386315087 0.9979256250942586 0.9986138407439139 0.9988953768599815 0.9989588053941026 0.9989732411484405 0.9989880504806536 0.9990048828993718 0.9990240099302061 0.9990457150796935 0.9990703431462646 0.999098173449438 0.999129074905275 0.9991630750068472 0.9992006751874246 0.9992425430998572 0.999288397507678 0.9993365852953682 0.9993850106837325 0.9994309528675986 0.9994754028586955 0.9995198508319522 0.9995638195681802 0.9996058746352838 0.9996446835020933 0.9996797058919167 0.9997110013310373 0.9997389368141271 0.999763948472105 0.9997864389901904 0.9998056238573669 0.9998224643726686 0.9998372870730726 0.999850377659517 0.9998619853352568 0.999872327320781 0.9998815921328028 0.999889943191149 0.9998975215176209 0.9999039022307584 0.9999094447331097 0.9999144107385385 0.9999189927994383 0.9999233293648645 0.9999275182748399 0.9999316281359285 0.9999357066196034 0.9999397866166583 0.9999438907269025 0.9999480343615902 0.9999522276351448 0.9999564786945957 0.9999607923827596 0.9999651689518663 0.999969615136457 0.9999741376962963 0.9999787396329214 0.9999833003803849 0.999987569449059 0.9999915655544108 0.9999954736819334 1.0 1.0
0.0 0.0015 0.0035 0.0075 0.015 0.035 0.07499999 0.15 0.25 0.35 0.45 0.55 0.65 0.75 0.85 0.95 1.05 1.15 1.25 1.35 1.45 1.55 1.65 1.75 1.85 1.95 2.1 2.3 2.5 2.7 2.9 3.1 3.300001 3.500001 3.700001 3.9 4.25 4.75 5.25 5.75 6.25 6.75 7.25 7.75 8.25 8.75 9.25 9.75 10.25 10.75 11.25 11.75 12.25 12.75 13.25 13.75 14.25 14.75 15.25 15.75 16.25 16.75 17.25 17.75 18.25 18.75 19.25 19.75 20.5 21.5 22.5 23.5 24.5 25.5 26.5 27.5 28.5 29.5 30.5 31.5 32.5 33.5 34.5 35.5 36.5 37.5 38.5 39.5 41.0 43.0 45.0 47.0 49.0 51.0 53.0 55.0 57.0 59.0 61.0 63.0 65.0 67.0 69.0 71.0 73.0 75.0 77.0 79.0 81.0 83.0 85.0 87.0 89.0 91.0 93.0 95.0 97.0 98.25 98.75 99.25 99.75 99.999
0.000847256000759057 0.0016992319305982218 0.0025653414370506097 0.003455006736508196 0.004392645044316836 0.0054854275822847865 0.00685341817645044 0.008836379137306513 0.01176158341153251 0.015895886434140055 0.02126749487229305 0.027304407154078097 0.03404131707686638 0.04162558129026535 0.05041005784135787 0.05969078977229704 0.07176812504774699 0.08684543797198387 0.10436619880384115 0.12491445088218268 0.14571303461135132 0.16785181306869643 0.1918403914121175 0.21610500042218678 0.24042591691597448 0.27130251448792125 0.30500996059678614 0.34195273058327114 0.38549044718351333 0.4310469365260387 0.4842909271894537 0.5423068649467598 0.6021558580318291 0.6606033134402971 0.7153952684567093 0.7670538690159312 0.8115480718851197 0.8483913675012544 0.8785266579717366 0.9055280647319814 0.9253893362740286 0.9387330505990843 0.9505117283799913 0.961615603485195 0.9716808346067567 0.978684876184242 0.985354674300391 0.9910040322174694 0.9947192600760298 0.9960977253440756 0.997287279281474 0.9984103119074187 0.9987831331274173 0.9988166358534069 0.998836017200806 0.9988544528234146 0.9988753114672836 0.9988989379029692 0.9989259734087472 0.9989563444688488 0.9989903104172675 0.9990274261773928 0.9990673429462643 0.999110400453933 0.9991570009327149 0.9992069291530375 0.9992585469507069 0.9993099812739866 0.9993585815732114 0.9994055817640567 0.9994525255012436 0.9994988492562896 0.9995429551890422 0.9995833984386829 0.9996196706702613 0.9996519329279183 0.9996806547347148 0.9997063456857276 0.9997294504291239 0.9997491857460014 0.9997665373827618 0.9997818411882674 0.9997953880248716 0.9998074311779609 0.9998181906151831 0.9998278572204703 0.9998365965492163 0.9998445514745411 0.9998512923941858 0.9998571867861827 0.9998625040655355 0.9998674392241881 0.9998721314556922 0.9998766784702411 0.9998811474073642 0.9998855829763428 0.9998900136056261 0.9998944560296918 0.9998989185653734 0.9999034035565055 0.9999079110282911 0.9999124420392359 0.9999169963121122 0.9999215727632114 0.9999261699559897 0.999930786453903 0.9999354209464196 0.9999400724506415 0.9999447403617078 0.9999494244527958 0.9999541252783611 0.9999588424603659 0.9999635769817087 0.9999683315642621 0.9999731103412406 0.9999777858634697 0.999982504028373 0.9999865137250661 0.9999904182264157 0.9999950709907638 1.0 1.0
0.0 0.0015 0.0035 0.0075 0.015 0.035 0.07499999 0.15 0.25 0.35 0.45 0.55 0.65 0.75 0.85 0.95 1.05 1.15 1.25 1.35 1.45 1.55 1.65 1.75 1.85 1.95 2.1 2.3 2.5 2.7 2.9 3.1 3.300001 3.500001 3.700001 3.9 4.25 4.75 5.25 5.75 6.25 6.75 7.25 7.75 8.25 8.75 9.25 9.75 10.25 10.75 11.25 11.75 12.25 12.75 13.25 13.75 14.25 14.75 15.25 15.75 16.25 16.75 17.25 17.75 18.25 18.75 19.25 19.75 20.5 21.5 22.5 23.5 24.5 25.5 26.5 27.5 28.5 29.5 30.5 31.5 32.5 33.5 34.5 35.5 36.5 37.5 38.5 39.5 41.0 43.0 45.0 47.0 49.0 51.0 53.0 55.0 57.0 59.0 61.0 63.0 65.0 67.0 69.0 71.0 73.0 75.0 77.0 79.0 81.0 83.0 85.0 87.0 89.0 91.0 93.0 95.0 97.0 99.0 101.0 103.0 105.0 107.0 109.0 111.0 113.0 115.0 117.0 118.25 118.75 119.25 119.75 119.9988
0.0008013663740324663 0.001606652070303099 0.0024236934766251796 0.003260327983773346 0.004136968362741719 0.005147741784552045 0.006391224556800438 0.008179745615675261 0.010824251315135893 0.014572463331194161 0.019674592940687363 0.025351850680442645 0.0315818830492424 0.03849267794570153 0.04642765435285612 0.05509748048618553 0.06699091969841682 0.08186009761267175 0.09942236467446276 0.11993738005659885 0.14077079304334697 0.1629750736704432 0.187089311159232 0.21165614498944357 0.23733080229261838 0.2696274367254265 0.3046825157751187 0.34298174855227975 0.386423941495729 0.43196302574577006 0.48465159465053265 0.541130830925545 0.6014776115587299 0.6622722144372839 0.7204554569817834 0.7730482932251339 0.8170361472942116 0.8554001212268902 0.8865293838636372 0.91263202985137 0.9327390230021388 0.9458160192993106 0.9570208854223242 0.9675178538981971 0.9762695166633538 0.9818941139171223 0.9865120213062405 0.9901786374011969 0.9931859618637183 0.9947426218267218 0.9961197812943954 0.9976178595383077 0.9986057127857344 0.9986503370438577 0.9986712607985885 0.9986935762624967 0.9987187084681506 0.9987468969477961 0.9987795019677718 0.9988158492873063 0.998856404531209 0.9989002788249788 0.9989470679751886 0.9989967022760247 0.9990494793562691 0.9991050173383856 0.9991618376065957 0.999217986392178 0.9992708843292657 0.9993220689576175 0.9993731555464967 0.9994234139400365 0.9994709851493635 0.9995142190523073 0.9995526239470633 0.9995864901909439 0.999616446389979 0.9996431246605628 0.9996670489998558 0.9996874635009584 0.9997053988320335 0.9997212147051715 0.9997352195059153 0.9997476782417292 0.9997588199388385 0.9997688421555567 0.9997779154956101 0.999786186566875 0.9997932195826424 0.9997993916062338 0.9998049802573526 0.9998101871563053 0.9998151569802677 0.9998199919310017 0.999824762792505 0.9998295172806643 0.9998342862616149 0.9998390883653643 0.9998439335463041 0.999848825490317 0.9998537635204042 0.9998587439506827 0.9998637610642729 0.9998688078153711 0.9998738762805828 0.9998789581353285 0.9998840448042887 0.9998891277372179 0.9998941984841666 0.9998992490214439 0.9999042753622785 0.9999092754756737 0.9999142478822614 0.9999191916793763 0.9999241064407601 0.999928992266709 0.9999338497339252 0.9999386799456667 0.9999434842559313 0.9999482647709376 0.9999530237222749 0.9999577616364977 0.9999624833027466 0.9999671938862724 0.9999718969977361 0.9999764810326129 0.9999801878774878 0.9999851699125046 0.9999904705883441 0.9999953207590165 0.9999999999999999 1.0
0.0 0.0015 0.0035 0.0075 0.015 0.035 0.07499999 0.15 0.25 0.35 0.45 0.55 0.65 0.75 0.85 0.95 1.05 1.15 1.25 1.35 1.45 1.55 1.65 1.75 1.85 1.95 2.1 2.3 2.5 2.7 2.9 3.1 3.300001 3.500001 3.700001 3.9 4.25 4.75 5.25 5.75 6.25 6.75 7.25 7.75 8.25 8.75 9.25 9.75 10.25 10.75 11.25 11.75 12.25 12.75 13.25 13.75 14.25 14.75 15.25 15.75 16.25 16.75 17.25 17.75 18.25 18.75 19.25 19.75 20.5 21.5 22.5 23.5 24.5 25.5 26.5 27.5 28.5 29.5 30.5 31.5 32.5 33.5 34.5 35.5 36.5 37.5 38.5 39.5 41.0 43.0 45.0 47.0 49.0 51.0 53.0 55.0 57.0 59.0 61.0 63.0 65.0 67.0 69.0 71.0 73.0 75.0 77.0 79.0 81.0 83.0 85.0 87.0 89.0 91.0 93.0 95.0 97.0 99.0 101.0 103.0 105.0 107.0 109.0 111.0 113.0 115.0 117.0 119.0 121.0 123.0 125.0 127.0 129.0 131.0 133.0 135.0 136.25 136.75 137.25 137.75 138.25 138.75 139.25 139.75 139.9986
0.0008659275124368798 0.0017350883551225794 0.0026139401512962797 0.003508942030406904 0.004436969566417703 0.0054829536591556585 0.006729277956736976 0.008476607780512775 0.011027647608791559 0.014638024832286987 0.019506508930115178 0.025060893331169166 0.03110580003860469 0.03780206463915439 0.04540675194969689 0.05360314622682216 0.0646396495957991 0.0787390078845066 0.09610861864354 0.1166057760307761 0.13762729774697474 0.15993225576468828 0.1837195325287636 0.2078366667162587 0.23319220153394585 0.2650209739651517 0.29965204962365394 0.3383900822855505 0.38420832998399546 0.4319136827662489 0.4863790554971339 0.5427663267568963 0.602079636374362 0.6631136148990086 0.7206738972033098 0.7745075655678801 0.8205711748334987 0.8597454560440289 0.8927159103571143 0.9199793108495709 0.9373851434425796 0.9491568177458333 0.9602029181812243 0.9700212417858123 0.9772511213534975 0.9832802505138726 0.9880678837830333 0.9918150800789055 0.9943422715862497 0.9953711762646391 0.9964138938905138 0.9974492956046308 0.9980921346264721 0.9983650387450107 0.9983965366031613 0.9984238484534005 0.9984549973729606 0.9984901947332756 0.9985304783128586 0.9985761488515881 0.9986261371915818 0.9986802354758947 0.9987376976286342 0.998798167180161 0.9988610803059613 0.9989273339539372 0.998993758556719 0.9990593346613454 0.9991210179668903 0.9991808222757805 0.9992404368022433 0.9992988917982386 0.9993538400869166 0.9994032382437259 0.9994465603504309 0.9994843124935053 0.999517375805649 0.9995465962746679 0.9995726416535481 0.9995948012874292 0.9996142156783286 0.9996312941387443 0.9996463953223195 0.9996598182116883 0.9996718155488457 0.9996826065626195 0.9996923778221904 0.9997012878059266 0.9997088767433039 0.9997155502566062 0.9997216071527432 0.9997272646773667 0.9997326788235992 0.9997379601974429 0.9997431856658014 0.999748407318429 0.9997536591203545 0.9997589618823766 0.9997643269261713 0.9997697588205754 0.9997752573898642 0.9997808191697551 0.9997864384115478 0.9997921079356422 0.9997978196336097 0.9998035648949508 0.9998093349083387 0.9998151207871357 0.9998209138204293 0.999826705498134 0.9998324876365103 0.999838252378164 0.9998439922673572 0.9998497002500073 0.9998553696987914 0.9998609943880425 0.9998665685690604 0.9998720868948002 0.9998775444700804 0.9998829381318604 0.9998882685579347 0.9998935370285816 0.9998987452759422 0.9999038954589172 0.9999089901129598 0.9999140321500752 0.9999190249090286 0.9999239720549302 0.9999288775541326 0.9999337458750578 0.9999385810091614 0.9999433877763151 0.9999481722264609 0.9999529413132675 0.9999575865896332 0.9999622385184253 0.9999661906872741 0.9999698799974193 0.9999742538296856 0.9999792323800604 0.9999843072776518 0.9999897588280929 0.9999951317041785 1.0 1.0
0.0 0.0015 0.0035 0.0075 0.015 0.035 0.07499999 0.15 0.25 0.35 0.45 0.55 0.65 0.75 0.85 0.95 1.05 1.15 1.25 1.35 1.45 1.55 1.65 1.75 1.85 1.95 2.1 2.3 2.5 2.7 2.9 3.1 3.300001 3.500001 3.700001 3.9 4.25 4.75 5.25 5.75 6.25 6.75 7.25 7.75 8.25 8.75 9.25 9.75 10.25 10.75 11.25 11.75 12.25 12.75 13.25 13.75 14.25 14.75 15.25 15.75 16.25 16.75 17.25 17.75 18.25 18.75 19.25 19.75 20.5 21.5 22.5 23.5 24.5 25.5 26.5 27.5 28.5 29.5 30.5 31.5 32.5 33.5 34.5 35.5 36.5 37.5 38.5 39.5 41.0 43.0 45.0 47.0 49.0 51.0 53.0 55.0 57.0 59.0 61.0 63.0 65.0 67.0 69.0 71.0 73.0 75.0 77.0 79.0 81.0 83.0 85.0 87.0 89.0 91.0 93.0 95.0 97.0 99.0 101.0 103.0 105.0 107.0 109.0 111.0 113.0 115.0 117.0 119.0 121.0 123.0 125.0 127.0 129.0 131.0 133.0 135.0 137.0 139.0 141.0 143.0 145.0 147.0 149.0 151.0 153.0 155.0 156.25 156.75 157.25 157.75 158.25 158.75 159.25 159.75 159.9984
0.000917899538395256 0.001838525877028438 0.0027672967572220032 0.003709641204647378 0.004679951528745021 0.005757801447769496 0.00701257666819806 0.008744083785695488 0.011276201419914022 0.014842396732736629 0.019607338467242122 0.024991444906866993 0.030966442488357043 0.0375913533720949 0.045141936955325604 0.05328799312610358 0.06415133557480887 0.07764772036729294 0.09392133891470254 0.11362484034700261 0.1347556439126699 0.15728120053400685 0.1816679851363947 0.20634540190797088 0.23188682366573196 0.2635919072892397 0.29801719607560845 0.33634453750702936 0.38247084358069017 0.4315490099634136 0.48632386677514783 0.5438381372193242 0.6028777507283577 0.6632539828347974 0.7222206994494808 0.7766178064103402 0.8219643138174682 0.8596837548316755 0.8896510487137055 0.9124139703618233 0.9310813829937694 0.9449769904994028 0.9562009882641088 0.9665118163879816 0.9754697262992683 0.981736030603252 0.9866716468621217 0.9905489215844674 0.993398806485699 0.9956920264277833 0.9967768653710337 0.9973387725371863 0.9977837560438079 0.9980370495560689 0.9980859215699339 0.9981193515791411 0.9981567082910269 0.9981998285468401 0.9982497392223371 0.998304694754114 0.9983658092835592 0.9984317071231513 0.998501622190977 0.9985744182784766 0.9986500432268812 0.9987290983666097 0.9988078127189994 0.9988850234945796 0.9989581393052999 0.9990291286431475 0.9991000861340548 0.9991693171195695 0.9992340290994662 0.9992916612788191 0.9993414568539568 0.9993842812090638 0.999421395182065 0.9994537907926164 0.9994824485252622 0.9995067474900458 0.9995279029110455 0.9995464562614782 0.9995628105932123 0.9995773093015253 0.9995902435476972 0.999601863091985 0.9996123733596924 0.9996219494839159 0.9996301058615047 0.9996372821557706 0.9996438027541326 0.9996499023459724 0.9996557494191586 0.9996614634122559 0.9996671275034547 0.9996727981646519 0.9996785124085127 0.999684293054498 0.9996901526407735 0.9996960964082923 0.9997021244322833 0.9997082331268313 0.9997144164485408 0.9997206667491303 0.9997269753521895 0.9997333329794758 0.9997397300769072 0.9997461570904016 0.9997526045912585 0.9997590633764644 0.9997655245940743 0.9997719797682886 0.9997784208997573 0.9997848404154287 0.9997912311936246 0.9997975866643465 0.9998039006588167 0.9998101675850137 0.9998163822521369 0.9998225399959884 0.9998286366288212 0.9998346683891856 0.9998406320171587 0.9998465246540384 0.9998523439175737 0.9998580878267341 0.9998637548267872 0.9998693437642218 0.9998748540372059 0.9998802882035251 0.9998856504760033 0.999890945443609 0.9998961780463793 0.9999013535754202 0.9999064776227533 0.9999115562066985 0.9999165956464909 0.9999216025873583 0.9999265496960996 0.9999314420882867 0.999936283149224 0.9999410791229182 0.9999458361530701 0.9999505589038777 0.9999551516589852 0.9999590559183474 0.9999638572583764 0.9999691120286234 0.9999738752275529 0.9999783955872926 0.9999832782247868 0.9999880253999408 0.9999932146206586 1.0 1.0
0.0 0.0015 0.0035 0.0075 0.015 0.035 0.07499999 0.15 0.25 0.35 0.45 0.55 0.65 0.75 0.85 0.95 1.05 1.15 1.25 1.35 1.45 1.55 1.65 1.75 1.85 1.95 2.1 2.3 2.5 2.7 2.9 3.1 3.300001 3.500001 3.700001 3.9 4.25 4.75 5.25 5.75 6.25 6.75 7.25 7.75 8.25 8.75 9.25 9.75 10.25 10.75 11.25 11.75 12.25 12.75 13.25 13.75 14.25 14.75 15.25 15.75 16.25 16.75 17.25 17.75 18.25 18.75 19.25 19.75 20.5 21.5 22.5 23.5 24.5 25.5 26.5 27.5 28.5 29.5 30.5 31.5 32.5 33.5 34.5 35.5 36.5 37.5 38.5 39.5 41.0 43.0 45.0 47.0 49.0 51.0 53.0 55.0 57.0 59.0 61.0 63.0 65.0 67.0 69.0 71.0 73.0 75.0 77.0 79.0 81.0 83.0 85.0 87.0 89.0 91.0 93.0 95.0 97.0 99.0 101.0 103.0 105.0 107.0 109.0 111.0 113.0 115.0 117.0 119.0 121.0 123.0 125.0 127.0 129.0 131.0 133.0 135.0 137.0 139.0 141.0 143.0 145.0 147.0 149.0 151.0 153.0 155.0 157.0 159.0 161.0 163.0 165.0 167.0 169.0 171.0 173.0 175.0 177.0 179.0 181.0 183.0 185.0 187.0 189.0 191.0 193.0 194.25 194.75 195.25 195.75 196.25 196.75 197.25 197.75 198.25 198.75 199.25 199.75 199.998
0.0008967782807407498 0.0017957275322635087 0.002701161636309658 0.003617403827894791 0.004556077193370327 0.005593366679106547 0.006779444006351248 0.008413225157036885 0.01079601170360241 0.014119851897534877 0.018505670429255834 0.023389560924423985 0.028747715508301363 0.034758905586026415 0.0417250700166405 0.04926377111299059 0.05932906206063317 0.07180597595202867 0.08690579313998278 0.10508855820849024 0.12403250031612202 0.1444027484874909 0.16683975679867327 0.19087203680828008 0.21739124878651966 0.25051581885076996 0.2864469020401882 0.3260654503899656 0.37281781681874276 0.42378727124036486 0.48131551960989266 0.5405225290257926 0.6017757567690063 0.663610732889099 0.7208620232254679 0.7754314264957666 0.8223055624431387 0.8605494322749184 0.8924397493299513 0.917634393588763 0.9353790740443788 0.9493744894762122 0.960496991119707 0.9697440829183863 0.9765728528066471 0.9820371746365688 0.9866965562157008 0.9906765513468263 0.9940263026382387 0.9960567938141516 0.9966675699511525 0.9971556498370379 0.9975125927738091 0.9975642799782706 0.9976084559979571 0.9976520513562689 0.9977003208237749 0.9977559379201526 0.9978173406486085 0.9978870480734 0.9979639362848747 0.9980465221570916 0.9981342412073126 0.998225406559894 0.998320456554768 0.9984189341454537 0.9985175297896276 0.9986135216844938 0.9987059406286111 0.9987965912983198 0.9988875665519227 0.9989758119134117 0.9990583575918286 0.9991309379885505 0.9991919997016844 0.9992435981764364 0.9992870441351521 0.9993241061050312 0.9993563104393085 0.9993832142478106 0.9994064677514581 0.9994265165705694 0.9994440965044754 0.999459507085463 0.9994731915070553 0.9994853880755116 0.9994963785771768 0.9995063435049641 0.9995147899413229 0.9995222007679934 0.9995289275416902 0.9995352220171647 0.9995412635244905 0.9995471784592649 0.9995530546917073 0.9995589520069353 0.9995649096381426 0.9995709520049584 0.999577092732828 0.9995833377370659 0.9995896874474164 0.9995961384259197 0.9996026845803078 0.9996093179982165 0.9996160296802792 0.9996228098687556 0.9996296485278355 0.9996365354700335 0.9996434606342602 0.9996504141363799 0.9996573864208853 0.999664368286177 0.9996713510109587 0.9996783262784003 0.9996852862772537 0.9996922237271325 0.9996991318532327 0.9997060043863326 0.9997128355880722 0.999719620276232 0.9997263537488955 0.9997330318855665 0.9997396510460517 0.9997462080957402 0.9997527004308829 0.999759125953313 0.9997654830704454 0.9997717706447202 0.9997779880441595 0.999784135091809 0.9997902120910184 0.9997962197748823 0.9998021593315191 0.9998080324040716 0.9998138409895905 0.99981958754015 0.9998252749122907 0.999830906316461 0.9998364467410801 0.9998418979809656 0.9998472617803769 0.9998525398077357 0.9998577336809056 0.9998628449671922 0.9998678751327845 0.9998728256438711 0.9998776978655247 0.9998824932133759 0.9998872148725938 0.9998918668372793 0.9998964530004166 0.9999009771285947 0.9999054429631234 0.9999098541189165 0.9999142141603301 0.9999185265758824 0.999922794752976 0.9999270220790122 0.9999312118149979 0.9999353660085415 0.9999394887295813 0.9999435839974973 0.9999476547952256 0.9999516263976891 0.9999550610210962 0.9999591689032928 0.9999637067833121 0.9999678129718078 0.9999716891455951 0.9999759227914111 0.9999800268311816 0.9999844430680779 0.9999902710174022 0.9999959941847761 0.999998653623984 0.9999992437498612 0.9999999999999999 1.0
