0.25 0.5 1.0 2.0 3.0 4.0 5.0 6.0 7.0 8.0 9.0 10.0 12.0 14.0 16.0 18.0 20.0 22.0 24.0 26.0 28.0 30.0 35.0 40.0 45.0 50.0 55.0 60.0 70.0 80.0 100.0 120.0 140.0 160.0 200.0
1.0 1.0 1.000168 0.9981249 0.04404848 0.000192889 5.014503e-05 3.994205e-05 3.428676e-05 5.153402e-05 0.0006560552 0.03262081 0.3227815 0.330357 0.2170689 0.1383178 0.1220841 0.1955362 0.2995048 0.3735998 0.3991466 0.3887182 0.3642591 0.3941138 0.3993747 0.3935979 0.3896911 0.3826014 0.3786394 0.3762203 0.3766797 0.3684918 0.360058 0.3447456 0.3255306
0.0 0.75
1.0 1.0
0.0 0.75
1.0 1.0
0.0 0.75 0.99999
0.5066713979761068 1.0 1.0
0.0 0.75 1.25 1.75 1.99998
0.027258887023128585 0.23698373824372101 0.6683528084884809 1.0 1.0
0.0 0.0015 0.0035 0.0075 0.015 0.035 0.07499999 0.15 0.25 0.35 0.45 0.55 0.65 0.9500001 1.45 1.95 2.45 2.95 2.99997
6.0564105979498105e-09 1.816915484014307e-08 4.845093849191985e-08 3.920884837798523e-07 1.909103831053033e-06 2.222888390284083e-05 0.0001704725038348694 0.0012018307016584914 0.004243510979385575 0.010545273079323179 0.021312547176461114 0.03760715974958214 0.06028824121491661 0.2017267679398183 0.26295667738674366 0.5131451815415061 0.7874646365523917 1.0 1.0
0.0 0.0015 0.0035 0.0075 0.015 0.035 0.07499999 0.15 0.25 0.35 0.45 0.55 0.65 0.75 0.85 0.95 1.05 1.15 1.25 1.35 1.45 1.55 1.85 2.35 2.85 3.35 3.85 3.99996
1.0216901328329404e-08 3.065031117077309e-08 8.173318108652376e-08 1.8390153967945923e-07 1.4703680942183314e-06 1.25163692926078e-05 9.014104103408896e-05 0.0006357351076109966 0.0022443122646601085 0.00558444754384938 0.011314772212336023 0.020014798534792388 0.03217427090737907 0.04816414670760247 0.0682496966483892 0.09261440097617302 0.12134069175399816 0.1544128989681329 0.19176082344488235 0.2332951326848232 0.27890073212292343 0.3284833790820706 0.41234492578970283 0.46834105043921836 0.6418561567220032 0.8538015543168004 1.0 1.0
0.0 0.0015 0.0035 0.0075 0.015 0.035 0.07499999 0.15 0.25 0.35 0.45 0.55 0.65 0.75 0.85 0.95 1.05 1.15 1.25 1.35 1.45 1.55 1.65 1.75 1.85 1.95 2.1 2.3 2.5 2.85 3.35 3.85 4.35 4.85 4.99995
1.246680285230167e-08 3.7398131707224906e-08 9.97228050469687e-08 2.2437419505309228e-07 1.0811498106404962e-06 7.719159101099113e-06 5.574258931550479e-05 0.0003781993819344711 0.0013282782540861536 0.0033091897265631184 0.00671197952098243 0.011888274669114731 0.019134655275060735 0.028684399183737982 0.04070758998528875 0.0553406138945897 0.07264976226578863 0.09262787177950738 0.11524350731497016 0.14045847617831214 0.16822092457758783 0.198487525231 0.2312186697112288 0.2663921149483225 0.30399694373996866 0.34417519647774963 0.38951877461866563 0.4407657861243996 0.49920224239888655 0.5971807762582273 0.6505849860743437 0.7653419755109824 0.9008978408235249 0.9999999999999999 1.0
0.0 0.0015 0.0035 0.0075 0.015 0.035 0.07499999 0.15 0.25 0.35 0.45 0.55 0.65 0.75 0.85 0.95 1.05 1.15 1.25 1.35 1.45 1.55 1.65 1.75 1.85 1.95 2.1 2.3 2.5 2.7 2.9 3.1 3.300001 3.500001 3.85 4.35 4.85 5.35 5.85 5.99994
1.2470486027285546e-08 3.7408181540929456e-08 9.974724683936471e-08 2.2442595226797683e-07 4.737787644712682e-07 5.230856325353086e-06 3.29273992996882e-05 0.00022710786094308822 0.0007941135558086196 0.0019737582507633983 0.0040022480686641845 0.007089522770766536 0.011421883025199836 0.01713951879710835 0.024352352286281777 0.033148131558077144 0.04358094253106269 0.05564372339729272 0.06933284122016024 0.0846273376343661 0.10150666240514766 0.1199483252406144 0.13993556979549832 0.16145892859101504 0.18452225874815084 0.20922848676439995 0.23723799975461426 0.2690041215268636 0.30531926051111846 0.34736075833896074 0.396468777732784 0.4534160075196627 0.5170999779023598 0.5843049651519511 0.679576198410495 0.7230113470542877 0.8142911498901896 0.9209141028989073 1.0 1.0
0.0 0.0015 0.0035 0.0075 0.015 0.035 0.07499999 0.15 0.25 0.35 0.45 0.55 0.65 0.75 0.85 0.95 1.05 1.15 1.25 1.35 1.45 1.55 1.65 1.75 1.85 1.95 2.1 2.3 2.5 2.7 2.9 3.1 3.300001 3.500001 3.700001 3.9 4.25 4.75 5.25 5.75 6.25 6.75 6.99993
1.34434914619841e-08 4.0325851014678296e-08 1.0752484586884015e-07 2.41923145870538e-07 5.107126091263295e-07 4.857457340129934e-06 2.7336474650385674e-05 0.0001684271821445549 0.0005787954443719663 0.0014305907841067839 0.0028951066247040447 0.005128854013176922 0.008266053451423755 0.012415588125587823 0.01765922033974304 0.02406652717716263 0.03168134688573867 0.04050093026617668 0.050534247899921746 0.061769955461216955 0.0742002614834388 0.08781435224250009 0.1026073685441625 0.11857706386439759 0.13573218227048733 0.15414866496280763 0.17512411228781583 0.1990078121879289 0.2264118090347472 0.25821992075450545 0.29545791828621915 0.33871210096024 0.38717043101656257 0.43846639397897985 0.4903366789475087 0.5418889752662654 0.5948463110122598 0.685689288620378 0.7264538634366886 0.8096273817759865 0.9185114367407105 1.0 1.0
0.0 0.0015 0.0035 0.0075 0.015 0.035 0.07499999 0.15 0.25 0.35 0.45 0.55 0.65 0.75 0.85 0.95 1.05 1.15 1.25 1.35 1.45 1.55 1.65 1.75 1.85 1.95 2.1 2.3 2.5 2.7 2.9 3.1 3.300001 3.500001 3.700001 3.9 4.25 4.75 5.25 5.75 6.25 6.75 7.25 7.75 7.99992
1.0869064607726711e-08 3.260802945511738e-08 8.694626778819605e-08 1.9561620472614885e-07 4.129426358274119e-07 3.3038149559037708e-06 1.575498514359601e-05 9.682254592146038e-05 0.0003352559498027944 0.0008262500237601486 0.0016737424847390419 0.0029683078417355353 0.004785666701083836 0.0071942518686706845 0.010241637687274525 0.01397271248797291 0.01841583289557885 0.023565763494346397 0.02943573633434269 0.03601698817977367 0.04330859983550838 0.05130647670505432 0.06001124369577325 0.06942422328603544 0.07955305605829313 0.090453246139091 0.10290230544784612 0.11711137274282359 0.13344387888625994 0.15241435516055707 0.17462223668612312 0.20041993488317 0.22934537072267847 0.26002681078147516 0.2911616647294202 0.3222635293817558 0.3545042550022666 0.3902497662948703 0.4311402888573587 0.5214794039698802 0.5821271357428514 0.6976085265922164 0.8553777982622578 0.9999999999999999 1.0
0.0 0.0015 0.0035 0.0075 0.015 0.035 0.07499999 0.15 0.25 0.35 0.45 0.55 0.65 0.75 0.85 0.95 1.05 1.15 1.25 1.35 1.45 1.55 1.65 1.75 1.85 1.95 2.1 2.3 2.5 2.7 2.9 3.1 3.300001 3.500001 3.700001 3.9 4.25 4.75 5.25 5.75 6.25 6.75 7.25 7.75 8.25 8.75 8.99991
8.785477305623102e-05 0.00022001917987526278 0.0004851124879826967 0.0009772288318959507 0.0017021095521443882 0.0024185955798235763 0.0030983496532688503 0.00391857408782728 0.004852679739982946 0.00646674902244351 0.008472770609311628 0.011494748688007319 0.01522593444483675 0.02714745085171258 0.04283921079208142 0.07380201293810158 0.09234173338866099 0.10750065491304811 0.120220272500486 0.13837429708310242 0.14730536983797346 0.15151235832526264 0.1531980091264248 0.19916091715557577 0.21970643825280808 0.24827705829695554 0.2909227071094697 0.30259028717067177 0.3814107794251059 0.43342310243848536 0.4970862952938532 0.6055747611427839 0.6910977355181747 0.7074830148305443 0.720128609691222 0.7239078072530011 0.7248351765576124 0.7259138785126062 0.8937829970139167 0.8954459649666536 0.8973060167477604 0.9005001936483895 0.9836248544434223 0.9910483751501554 0.9957106944737043 1.0 1.0
0.0 0.0015 0.0035 0.0075 0.015 0.035 0.07499999 0.15 0.25 0.35 0.45 0.55 0.65 0.75 0.85 0.95 1.05 1.15 1.25 1.35 1.45 1.55 1.65 1.75 1.85 1.95 2.1 2.3 2.5 2.7 2.9 3.1 3.300001 3.500001 3.700001 3.9 4.25 4.75 5.25 5.75 6.25 6.75 7.25 7.75 8.25 8.75 9.25 9.75 9.9999
1.8906930564684386e-05 4.470494172512211e-05 9.11759599851943e-05 0.0001721025116060474 0.00036210743858668733 0.0007081840695360139 0.001197605294521311 0.0019638489182730364 0.0030942742802279343 0.004888277860324504 0.0073961519128945725 0.011019348135660304 0.015362112264155415 0.02477048623071165 0.0367548437279363 0.05901316834569419 0.07863805529441262 0.09844023831366097 0.11576306912823442 0.1359052701869969 0.15171217279139654 0.16363047615259446 0.1722021704806395 0.19824014973818585 0.21728612750571866 0.24026706836069758 0.274621164514442 0.29732281927211446 0.35107230916848836 0.4014698600149695 0.45570494468497635 0.5450808505823238 0.6363970494619761 0.6865178775215496 0.7154624760595377 0.726340594319203 0.7274699946177623 0.7275197403106907 0.8664542409460403 0.9023542244891781 0.9039287526348636 0.9039671921210498 0.9460183122530347 0.9936176564638693 0.9996798203662361 0.9998030595321566 0.9999065940642733 1.0 1.0
0.0 0.0015 0.0035 0.0075 0.015 0.035 0.07499999 0.15 0.25 0.35 0.45 0.55 0.65 0.75 0.85 0.95 1.05 1.15 1.25 1.35 1.45 1.55 1.65 1.75 1.85 1.95 2.1 2.3 2.5 2.7 2.9 3.1 3.300001 3.500001 3.700001 3.9 4.25 4.75 5.25 5.75 6.25 6.75 7.25 7.75 8.25 8.75 9.25 9.75 10.25 10.75 11.25 11.75 11.99988
1.0402296725029341e-05 2.376362244048894e-05 4.600195481922784e-05 8.303519122608364e-05 0.00014965844984387043 0.00038877314473982595 0.0008623861623393715 0.001610129506300362 0.002722885879343857 0.004477071976917702 0.0071165197865112936 0.010712452877332492 0.015429177960824346 0.02397155184806489 0.03426807489119401 0.04926280399037121 0.0650061938186937 0.08299117298622494 0.10154471949025803 0.12205494927816009 0.14215796658619526 0.16188524144712288 0.1809107715192029 0.20388858274444294 0.22550175205406706 0.24833882348921515 0.2754078166042447 0.3012794788378102 0.33805690745881356 0.37789267931109194 0.4224859513012166 0.4849929960220403 0.5562169400006198 0.6200335674643994 0.6747780933357146 0.7157011821245514 0.7384379327917777 0.7469534704185204 0.7990429598921366 0.8508526294844724 0.8917932789584828 0.9132155186477833 0.9254741216731517 0.9545227072707874 0.9791224217725033 0.9956724814835858 0.9999286374443935 0.9999539756124762 0.9999613425608306 0.9999726946871765 0.9999867757065215 1.0 1.0
0.0 0.0015 0.0035 0.0075 0.015 0.035 0.07499999 0.15 0.25 0.35 0.45 0.55 0.65 0.75 0.85 0.95 1.05 1.15 1.25 1.35 1.45 1.55 1.65 1.75 1.85 1.95 2.1 2.3 2.5 2.7 2.9 3.1 3.300001 3.500001 3.700001 3.9 4.25 4.75 5.25 5.75 6.25 6.75 7.25 7.75 8.25 8.75 9.25 9.75 10.25 10.75 11.25 11.75 12.25 12.75 13.25 13.75 13.99986
1.882988803313642e-05 4.357993450455049e-05 8.609042950190173e-05 0.00015820158274616245 0.0002895140524842421 0.0006761139831528064 0.0014952016155743738 0.002656311652471155 0.004113654102228195 0.006269418157617325 0.009234576551390173 0.013151000596544322 0.018212028432590493 0.028459410595665785 0.03943467652402906 0.054103932938362666 0.06943627881583594 0.0867807413319126 0.10491466189015651 0.12491480676075428 0.1449314535911335 0.1651508923623333 0.1853028847307056 0.20828327818005168 0.23068031127778652 0.2538920670252696 0.2808162734867837 0.3082054012340231 0.34482461622271426 0.38522535173534633 0.4298684035676993 0.489391535066152 0.5559518951667235 0.6156795598842204 0.6699173494069617 0.715470848650243 0.7475719020596848 0.7668662881139937 0.8057576032956435 0.8445232249784386 0.8834157456603972 0.9184422536412221 0.9327064726673878 0.9520645305691132 0.9713401724330665 0.9908953430297136 0.9996550065462529 0.9998594385032713 0.9998945622281548 0.9999078006575005 0.9999216925215912 0.9999312563448959 0.9999415188493905 0.99995865525059 0.9999800244848401 0.9999999999999999 1.0
0.0 0.0015 0.0035 0.0075 0.015 0.035 0.07499999 0.15 0.25 0.35 0.45 0.55 0.65 0.75 0.85 0.95 1.05 1.15 1.25 1.35 1.45 1.55 1.65 1.75 1.85 1.95 2.1 2.3 2.5 2.7 2.9 3.1 3.300001 3.500001 3.700001 3.9 4.25 4.75 5.25 5.75 6.25 6.75 7.25 7.75 8.25 8.75 9.25 9.75 10.25 10.75 11.25 11.75 12.25 12.75 13.25 13.75 14.25 14.75 15.25 15.75 15.99984
2.543864419633373e-05 5.822343056308885e-05 0.00011304706459241069 0.00020460167269340356 0.00036961585996166167 0.0007557192143352085 0.0019491646145299746 0.0038449245590567523 0.005851280941390301 0.008540500468708351 0.012091958850915761 0.016719127154493772 0.022314875016855626 0.03464374774242617 0.047537708124783314 0.06320227552367676 0.07934251752562928 0.09749568376447865 0.11641484788899724 0.13704361518572752 0.15762589264304733 0.17834248051514234 0.1990591210311502 0.22245672387675042 0.24517002166059404 0.2686438950070865 0.2955629913197176 0.3231161835622541 0.3588520034279502 0.3985594643304103 0.44249949582352194 0.5020255473654054 0.5672801515685192 0.6266150267410002 0.6805233937020501 0.7260761714643732 0.7582668975969217 0.7783934314365757 0.8139776631553094 0.850474977219933 0.8870021667050816 0.9207112748931137 0.9358027080131461 0.9541521123336154 0.9722440721272257 0.990825951966704 0.9992627233433888 0.999596198051678 0.9996453732570814 0.9996680869733844 0.9996861726843456 0.9997042215972117 0.999723810792001 0.9997460223643415 0.9997810961080377 0.9998039506468075 0.999833523101614 0.9998827019920913 0.9999434333260172 0.9999999999999999 1.0
0.0 0.0015 0.0035 0.0075 0.015 0.035 0.07499999 0.15 0.25 0.35 0.45 0.55 0.65 0.75 0.85 0.95 1.05 1.15 1.25 1.35 1.45 1.55 1.65 1.75 1.85 1.95 2.1 2.3 2.5 2.7 2.9 3.1 3.300001 3.500001 3.700001 3.9 4.25 4.75 5.25 5.75 6.25 6.75 7.25 7.75 8.25 8.75 9.25 9.75 10.25 10.75 11.25 11.75 12.25 12.75 13.25 13.75 14.25 14.75 15.25 15.75 16.25 16.75 17.25 17.75 17.99982
3.569440030856787e-05 8.149862218121808e-05 0.0001576323087461153 0.000284107121647121 0.0005141149097124347 0.0010705643077460292 0.002606342170816526 0.00504471241904619 0.007797935476236118 0.011211186865079282 0.015411883157332575 0.020611461809279336 0.02684592361093035 0.04075131119219904 0.0552968714945034 0.0715757744136106 0.0884590803542808 0.10771243787124067 0.12755431028613745 0.14867230619686989 0.16980495688285088 0.1909590236897124 0.21194429833240291 0.23531609948918467 0.25822595844984386 0.281827323389275 0.3083288901611828 0.3362598687548604 0.3710478229189807 0.4096215594019995 0.4528699718535593 0.5114890209172257 0.5761157748411488 0.6351695856992189 0.6883036878581188 0.7329480948817233 0.7649819691360965 0.7848748632259815 0.8179728964257585 0.8524717017997164 0.8871430461203903 0.919482193572136 0.9340135690698367 0.9526173518563394 0.9708679607910076 0.9898186805813387 0.9985548143016116 0.9988332241327114 0.998892657503287 0.9989266400160476 0.9989551900835963 0.9989834976359062 0.9990137382995151 0.9990473515867192 0.9990859823947756 0.9991314594547628 0.9991853344487661 0.999249844540916 0.9993586946756753 0.9994205521600306 0.9995140926764658 0.9996630962203102 0.999839749876866 1.0 1.0
0.0 0.0015 0.0035 0.0075 0.015 0.035 0.07499999 0.15 0.25 0.35 0.45 0.55 0.65 0.75 0.85 0.95 1.05 1.15 1.25 1.35 1.45 1.55 1.65 1.75 1.85 1.95 2.1 2.3 2.5 2.7 2.9 3.1 3.300001 3.500001 3.700001 3.9 4.25 4.75 5.25 5.75 6.25 6.75 7.25 7.75 8.25 8.75 9.25 9.75 10.25 10.75 11.25 11.75 12.25 12.75 13.25 13.75 14.25 14.75 15.25 15.75 16.25 16.75 17.25 17.75 18.25 18.75 19.25 19.75 19.9998
0.00029711776284847206 0.0006277794854912627 0.0010590223485926354 0.0016579006061042017 0.0025086615528063846 0.0038589544240338726 0.006545222171061996 0.011492086945882227 0.016839873387348176 0.023418903552986304 0.03063804492695806 0.03854071896696097 0.047117540174330064 0.06096834793742896 0.07587208937819565 0.09049942632023134 0.10703330599952932 0.1340388219583321 0.16071460704935583 0.18715124588308213 0.21260504049073892 0.23677694382800735 0.26008902198627337 0.2841555999734199 0.30701758780216476 0.32947190400404036 0.3537696687300162 0.3875584979399265 0.4256222618799579 0.4633047384337943 0.5027631254344814 0.5501163688333166 0.6198297512191375 0.6836460442016579 0.7369363429243193 0.7782018051329893 0.8109634717103746 0.8396897105181903 0.8694398656292464 0.8956774203137353 0.9194889306019598 0.941151002986473 0.9503952069728545 0.9644381084561313 0.9777854297846986 0.9914541569499463 0.9975800861162379 0.9978191883677384 0.9978754643275275 0.9979100509601944 0.9979399559050951 0.9979695189033111 0.9980008026965167 0.9980353688893324 0.9980749067753302 0.9981211400351259 0.9981755831414478 0.9982400412938472 0.9983170201775938 0.9984092469497557 0.9985200381565176 0.9986534317505716 0.9988646641449296 0.9989932296056965 0.9991836431701181 0.9994602369178229 0.9997550168426489 1.0 1.0
0.0 0.0015 0.0035 0.0075 0.015 0.035 0.07499999 0.15 0.25 0.35 0.45 0.55 0.65 0.75 0.85 0.95 1.05 1.15 1.25 1.35 1.45 1.55 1.65 1.75 1.85 1.95 2.1 2.3 2.5 2.7 2.9 3.1 3.300001 3.500001 3.700001 3.9 4.25 4.75 5.25 5.75 6.25 6.75 7.25 7.75 8.25 8.75 9.25 9.75 10.25 10.75 11.25 11.75 12.25 12.75 13.25 13.75 14.25 14.75 15.25 15.75 16.25 16.75 17.25 17.75 18.25 18.75 19.25 19.75 20.25 20.75 21.25 21.75 21.99978
0.0012554296332871117 0.0025795701677698893 0.0041098342540885156 0.005983638114298257 0.00854452353121121 0.011191022464050687 0.015109146058294946 0.022092034862744747 0.029644305445231334 0.038049800483691054 0.04735732559735825 0.05773996941819763 0.06861853770523373 0.08202392234143187 0.09674711673245247 0.11111757584859877 0.12979035353647003 0.16235000734553473 0.19413932924268698 0.22360350367183815 0.25191254853530104 0.27887264760082686 0.3049196027938359 0.33067722872248845 0.35552646522495246 0.3794166428497477 0.40586826169292806 0.44219830304708796 0.4818103186124913 0.5198362687398357 0.5578746295345912 0.5976688542332257 0.6625531180962498 0.7236399186235859 0.7759805914704482 0.8171465074168253 0.851422449386388 0.8875807056750883 0.9176139404549188 0.9406030054117558 0.9579682389310318 0.9704793456948855 0.9764097228496342 0.9833591988338545 0.9893447275660119 0.9954067560092327 0.9980174983806948 0.998109908299523 0.9981372419016421 0.9981562749993975 0.9981737242638493 0.9981911167428015 0.9982092845982893 0.9982293252145609 0.9982519947717959 0.9982780685572448 0.9983084296032866 0.9983442734411199 0.998386991360133 0.9984379898282278 0.9984988183931235 0.9985716040557147 0.9986578032837147 0.9987597196398518 0.9988787102618569 0.9990150030506554 0.9992026556901124 0.9993172844982349 0.9994720897171125 0.9996714521337706 0.9998599056630598 1.0 1.0
0.0 0.0015 0.0035 0.0075 0.015 0.035 0.07499999 0.15 0.25 0.35 0.45 0.55 0.65 0.75 0.85 0.95 1.05 1.15 1.25 1.35 1.45 1.55 1.65 1.75 1.85 1.95 2.1 2.3 2.5 2.7 2.9 3.1 3.300001 3.500001 3.700001 3.9 4.25 4.75 5.25 5.75 6.25 6.75 7.25 7.75 8.25 8.75 9.25 9.75 10.25 10.75 11.25 11.75 12.25 12.75 13.25 13.75 14.25 14.75 15.25 15.75 16.25 16.75 17.25 17.75 18.25 18.75 19.25 19.75 20.5 21.25 21.75 22.25 22.75 23.25 23.75 23.99976
0.00025779343458767317 0.0006853401029766909 0.0016220633898498434 0.0034074152464581803 0.006890024460602291 0.012901136954264316 0.018959310143315863 0.02709403079221311 0.03611617515506484 0.046035220354440125 0.0565915682464466 0.06804501759515066 0.07998624218720833 0.09348491826141402 0.10810278668628145 0.12277119831108117 0.14374296060348904 0.17953229125878306 0.21331794973244933 0.24330658792748644 0.2719546908422421 0.29934039131188644 0.32557642915161056 0.35141986203336556 0.37656241089189896 0.4008777722437317 0.4304826153232248 0.4667578175108732 0.5052250349717944 0.542613395640305 0.579867188146428 0.6189878167915629 0.6786873868863841 0.7360285796092686 0.7861485582004889 0.8270788244284951 0.8611936526333624 0.894853749045932 0.9229757037477417 0.9460813036436065 0.9643654359680222 0.9771438158365143 0.984727727255638 0.9903056855289813 0.9938163270511385 0.9970363549866286 0.9985430744242022 0.998605665301716 0.9986251384989087 0.9986373517971665 0.9986481482372518 0.9986590474951762 0.9986707063185247 0.9986835417573875 0.9986979969206705 0.9987145360696245 0.998733478517424 0.9987557384160601 0.9987820719945563 0.9988132455347509 0.9988502359696655 0.998894378295719 0.9989465377964448 0.9990081133614257 0.9990795764480709 0.9991609942205255 0.9992516509881251 0.9993497856546465 0.9994544832176436 0.9995621584637674 0.9996407420401329 0.9997367169868677 0.9998443180907532 0.9999357649093208 1.0 1.0
0.0 0.0015 0.0035 0.0075 0.015 0.035 0.07499999 0.15 0.25 0.35 0.45 0.55 0.65 0.75 0.85 0.95 1.05 1.15 1.25 1.35 1.45 1.55 1.65 1.75 1.85 1.95 2.1 2.3 2.5 2.7 2.9 3.1 3.300001 3.500001 3.700001 3.9 4.25 4.75 5.25 5.75 6.25 6.75 7.25 7.75 8.25 8.75 9.25 9.75 10.25 10.75 11.25 11.75 12.25 12.75 13.25 13.75 14.25 14.75 15.25 15.75 16.25 16.75 17.25 17.75 18.25 18.75 19.25 19.75 20.5 21.5 22.25 22.75 23.25 23.75 24.25 24.75 25.25 25.75 25.99974
0.00023696719534179204 0.0006488177110505493 0.0015852623612691182 0.003396029927319085 0.006955443538926833 0.014905130858707637 0.022168198165054713 0.03203616201771875 0.042110752703787946 0.05345980029580421 0.06571348250366052 0.07826017303461233 0.09142559544971021 0.10559149668447468 0.12068419419447456 0.1361940061757639 0.15812568568326038 0.19762821791266452 0.23302944214177476 0.263556898021779 0.29249656864916607 0.31995046054228027 0.3463146216553389 0.37227700242858236 0.39757427674598295 0.42198827172284537 0.45306539493529047 0.4885375253519267 0.525499605455043 0.5615163980614712 0.5974855348652425 0.636217210958222 0.6921086763909454 0.7458913297771016 0.7933586909522743 0.8328320265162266 0.865868491959724 0.8968290424053468 0.9223505214460195 0.9444663431460983 0.9632320624500362 0.9760755173000202 0.9846395709073034 0.9908582980883608 0.9942792981162283 0.9970966929132885 0.9984320972701551 0.9986797093772153 0.9987880936023271 0.9988376973466124 0.9988620105756618 0.9988759876717934 0.9988853674802334 0.9988951747364113 0.9989062232893559 0.9989189019573703 0.9989335870672916 0.9989507730801565 0.998971001492509 0.9989948424414316 0.9990228410810724 0.9990561415357063 0.9990952935154449 0.9991412706702595 0.9991944473163741 0.9992548953225037 0.9993220078685757 0.9993945229741789 0.9994713089209474 0.9995441144959402 0.9996142517309949 0.9996910269830143 0.9997567584091682 0.9998003311704566 0.9998555631334821 0.9999165253431557 0.9999657038642109 1.0 1.0
0.0 0.0015 0.0035 0.0075 0.015 0.035 0.07499999 0.15 0.25 0.35 0.45 0.55 0.65 0.75 0.85 0.95 1.05 1.15 1.25 1.35 1.45 1.55 1.65 1.75 1.85 1.95 2.1 2.3 2.5 2.7 2.9 3.1 3.300001 3.500001 3.700001 3.9 4.25 4.75 5.25 5.75 6.25 6.75 7.25 7.75 8.25 8.75 9.25 9.75 10.25 10.75 11.25 11.75 12.25 12.75 13.25 13.75 14.25 14.75 15.25 15.75 16.25 16.75 17.25 17.75 18.25 18.75 19.25 19.75 20.5 21.5 22.5 23.5 24.25 24.75 25.25 25.75 26.25 26.75 27.25 27.75 27.99972
0.0033895253941062984 0.006878356146778731 0.010665105061703442 0.014948384942566574 0.020224739274629797 0.028498188294231456 0.03734655176263446 0.04839271789884166 0.06049114358690931 0.07255460906480371 0.08480637977024245 0.09782314789592826 0.11193228539861091 0.12662547436951294 0.14202007720443346 0.15849007530057888 0.18052272795906457 0.2219955526831407 0.2580049030102102 0.2881219086568346 0.3170420252697628 0.3442253778994139 0.37010953775888444 0.3956707616751431 0.4207086361485098 0.44477221515555015 0.47585016232370186 0.5100551651874875 0.545420751047547 0.5800222200130946 0.6144386742465584 0.6522802901277572 0.7049821966469262 0.7553627285181602 0.7999131993421137 0.8374806211786174 0.8684552839299637 0.8968297041080003 0.9202408177183723 0.9410020955429371 0.9591046530352952 0.9717681863689523 0.9807945266232191 0.9874540762979108 0.9916158018962401 0.9950919839593231 0.9971508238083048 0.9981274345148107 0.9985862453857655 0.9987923113598925 0.9989286411563804 0.9990121427472429 0.9990329680363672 0.9990428468048222 0.9990527015987731 0.9990639535491987 0.999076893250457 0.9990920237498218 0.9991098402282584 0.9991308363852796 0.9991556486406825 0.99918505402713 0.999219505744124 0.9992598298583434 0.9993061033636262 0.9993585584934186 0.9994165659430719 0.9994790273506267 0.9995449194700624 0.9996072245947318 0.9996625172291386 0.9997103404179842 0.9997547404065428 0.9998024125288878 0.9998439645800625 0.9998722213186019 0.9999083908954011 0.999947191407981 0.9999778059523993 1.0 1.0
0.0 0.0015 0.0035 0.0075 0.015 0.035 0.07499999 0.15 0.25 0.35 0.45 0.55 0.65 0.75 0.85 0.95 1.05 1.15 1.25 1.35 1.45 1.55 1.65 1.75 1.85 1.95 2.1 2.3 2.5 2.7 2.9 3.1 3.300001 3.500001 3.700001 3.9 4.25 4.75 5.25 5.75 6.25 6.75 7.25 7.75 8.25 8.75 9.25 9.75 10.25 10.75 11.25 11.75 12.25 12.75 13.25 13.75 14.25 14.75 15.25 15.75 16.25 16.75 17.25 17.75 18.25 18.75 19.25 19.75 20.5 21.5 22.5 23.5 24.5 25.5 26.25 26.75 27.25 27.75 28.25 28.75 29.25 29.75 29.9997
0.00029627720325078037 0.0007764754490788582 0.0018083501868842984 0.0037596849810355836 0.007549943011763939 0.01688079079476153 0.028105275417206945 0.03972218876881715 0.054198148662788624 0.06742089737640798 0.08162845512114855 0.09642147480302467 0.11132385338168198 0.1272573140642944 0.14356536400796346 0.16047821273926824 0.1827978947812458 0.2261753757790349 0.26438586705524114 0.29520316293289717 0.32411969951243974 0.3514349949240715 0.37778669665149056 0.4033033005133139 0.4286021279123693 0.4528104485771872 0.48441715029028565 0.5181570908514526 0.5532220169834547 0.5875088040932839 0.621681402779535 0.659244749960489 0.7107951897993988 0.7597641340641602 0.8029132173888904 0.8392278642799805 0.8690401021014843 0.8961078816615337 0.918074814566439 0.9377668279257665 0.9553606316050828 0.9676777721949069 0.9768292319012722 0.9836429361489426 0.9882758497652951 0.9923354741845417 0.9952609407778455 0.9971862227844485 0.9981088552505268 0.9984834247269762 0.9987610288012404 0.9989694327748333 0.9990407394155457 0.9990540852994907 0.9990640735897778 0.9990752307546703 0.9990880915825194 0.9991031113483803 0.9991207738171428 0.9991415511120173 0.9991659530302721 0.9991948520939195 0.9992286808569549 0.9992682415331441 0.9993137782020644 0.9993652250538642 0.9994219508554375 0.9994828447531435 0.9995466324100062 0.9996067436702949 0.9996599367740218 0.9997058406036039 0.9997451696957569 0.9997792319171598 0.9998107158918292 0.9998452866817719 0.9998764214060558 0.9998989337901739 0.9999277326812299 0.9999578279847187 0.9999814499729235 1.0 1.0
0.0 0.0015 0.0035 0.0075 0.015 0.035 0.07499999 0.15 0.25 0.35 0.45 0.55 0.65 0.75 0.85 0.95 1.05 1.15 1.25 1.35 1.45 1.55 1.65 1.75 1.85 1.95 2.1 2.3 2.5 2.7 2.9 3.1 3.300001 3.500001 3.700001 3.9 4.25 4.75 5.25 5.75 6.25 6.75 7.25 7.75 8.25 8.75 9.25 9.75 10.25 10.75 11.25 11.75 12.25 12.75 13.25 13.75 14.25 14.75 15.25 15.75 16.25 16.75 17.25 17.75 18.25 18.75 19.25 19.75 20.5 21.5 22.5 23.5 24.5 25.5 26.5 27.5 28.5 29.5 30.5 31.25 31.75 32.25 32.75 33.25 33.75 34.25 34.75 34.99965
0.004377497842780049 0.00884116557715443 0.013561345194849538 0.018709046509927166 0.02471179121976983 0.033306659000824 0.04563667980594612 0.06058317365757419 0.07908264692430417 0.09688289128739057 0.11263106139423891 0.13270063605138965 0.15636869474300033 0.17577873335888433 0.19518377749611268 0.21419081465622644 0.2392094446991649 0.2836324378140605 0.3245069105995327 0.3561295846373465 0.3846253366671078 0.41202551953417743 0.43751033875527245 0.46280474347761963 0.48878691061303 0.5144098536548263 0.545722775423589 0.5772617919439201 0.6128492874581962 0.6468869054369112 0.6802413581931437 0.7157532932992728 0.7623928133393848 0.8057058214100145 0.8433824089698679 0.8748569513111892 0.8993629283896896 0.9209603216350056 0.9381051541854122 0.9528821384584232 0.9658582802108167 0.9746343208132577 0.9811565688690584 0.9860887262687278 0.9895796663131646 0.9928827118003571 0.995260950106835 0.9971401087013606 0.9981643061965081 0.9985117868329981 0.9987955186249923 0.9990464767993958 0.9991422298469108 0.999158004642886 0.9991676291356849 0.99917787763562 0.9991894896093096 0.9992029287865296 0.9992186205114603 0.9992369878202275 0.999258565859868 0.99928400686389 0.9993136865533013 0.9993482642371216 0.9993879275866702 0.9994325954416685 0.9994817042206049 0.999534257108781 0.9995890834306693 0.9996403061605337 0.9996853565471928 0.9997239965961711 0.9997568725627373 0.9997851848244319 0.9998099604655208 0.999831938820193 0.9998517595222489 0.9998698814583337 0.9998866080051886 0.9999019648919459 0.9999190890674082 0.9999347588090655 0.9999475202506666 0.999963431732658 0.9999786374040068 0.999989880221401 1.0 1.0
0.0 0.0015 0.0035 0.0075 0.015 0.035 0.07499999 0.15 0.25 0.35 0.45 0.55 0.65 0.75 0.85 0.95 1.05 1.15 1.25 1.35 1.45 1.55 1.65 1.75 1.85 1.95 2.1 2.3 2.5 2.7 2.9 3.1 3.300001 3.500001 3.700001 3.9 4.25 4.75 5.25 5.75 6.25 6.75 7.25 7.75 8.25 8.75 9.25 9.75 10.25 10.75 11.25 11.75 12.25 12.75 13.25 13.75 14.25 14.75 15.25 15.75 16.25 16.75 17.25 17.75 18.25 18.75 19.25 19.75 20.5 21.5 22.5 23.5 24.5 25.5 26.5 27.5 28.5 29.5 30.5 31.5 32.5 33.5 34.5 35.5 36.25 36.75 37.25 37.75 38.25 38.75 39.25 39.75 39.9996
0.0004407108555023115 0.0010095934792356453 0.001962922394377855 0.0035569953140544403 0.006432554387603962 0.013181285530426575 0.02650938328004027 0.042742393011334444 0.06356217959122082 0.08041069320251312 0.09884355702327263 0.12077007921652022 0.1495886909537351 0.17403816813899428 0.19546705260774136 0.2159582840093954 0.24163426824961193 0.28204722304267865 0.32383660326423713 0.35852648305009277 0.3886178147699317 0.4170730493035308 0.4436464845176032 0.4702634982812898 0.4980882630702787 0.5262495232755734 0.5580722350385353 0.5890093690808355 0.6267661101667442 0.6621574394889613 0.6972647012285081 0.7336764067990572 0.7787193737791052 0.8211651964866362 0.8581548326564112 0.8893880559502408 0.9136094739143814 0.9342118315451496 0.9502633957052872 0.963413290766023 0.9739731395334168 0.9810693432861625 0.9862120239941097 0.9902006523195213 0.9927567058600074 0.9951510048776812 0.9967737084777593 0.9980284874182481 0.9986798921199943 0.9988912299047042 0.9990634803833403 0.9992244175068782 0.9992799596577225 0.9992918565090074 0.9993000821875085 0.9993089167598271 0.9993189020544517 0.9993303728971223 0.9993436775080929 0.9993591593212122 0.9993772427310739 0.999398467655315 0.9994231222800531 0.9994517475803867 0.9994844782435318 0.9995212395050972 0.9995615486431326 0.9996045556069173 0.9996492122108177 0.9996908372392422 0.9997272959183708 0.9997584437284495 0.9997848606036889 0.9998075136576658 0.9998272290090752 0.9998446379996035 0.9998602628112159 0.9998744700677087 0.9998875228915038 0.9998995286056789 0.9999105526615423 0.9999206645547288 0.9999300635518211 0.9999388307805316 0.999946892886418 0.9999555441097345 0.9999636092395902 0.9999711658788258 0.9999801650070128 0.9999881646670082 0.999994020388516 0.9999999999999999 1.0
0.0 0.0015 0.0035 0.0075 0.015 0.035 0.07499999 0.15 0.25 0.35 0.45 0.55 0.65 0.75 0.85 0.95 1.05 1.15 1.25 1.35 1.45 1.55 1.65 1.75 1.85 1.95 2.1 2.3 2.5 2.7 2.9 3.1 3.300001 3.500001 3.700001 3.9 4.25 4.75 5.25 5.75 6.25 6.75 7.25 7.75 8.25 8.75 9.25 9.75 10.25 10.75 11.25 11.75 12.25 12.75 13.25 13.75 14.25 14.75 15.25 15.75 16.25 16.75 17.25 17.75 18.25 18.75 19.25 19.75 20.5 21.5 22.5 23.5 24.5 25.5 26.5 27.5 28.5 29.5 30.5 31.5 32.5 33.5 34.5 35.5 36.5 37.5 38.5 39.5 40.25 40.75 41.25 41.75 42.25 42.75 43.25 43.75 44.25 44.75 44.99955
0.0048128273342623725 0.009687016061972545 0.014743153443774679 0.020102537370750646 0.02606842711035833 0.03388812811325559 0.044900784363727166 0.06018646688857867 0.08070178603524517 0.09953269294823217 0.11600505378783041 0.1381188188773737 0.16512830061671083 0.1910061533643905 0.21247646167601011 0.23261950861664873 0.2578649366241462 0.2950267283375274 0.3351523215181538 0.3713342065645331 0.40218474578051605 0.43036576813404814 0.45672277844847686 0.48253658358330476 0.5101629325268987 0.5377230892440437 0.5692905655156913 0.599451066219432 0.6365152416647579 0.6709042115691931 0.7054225671024283 0.7406397213492097 0.7834492257479562 0.8247095012684122 0.8608149435623357 0.8916557047942907 0.9155588591356268 0.9362833508067856 0.9519805174345798 0.9648914620533836 0.9750234999765267 0.9819440517366406 0.987091440609534 0.9911444149890888 0.9936720638446161 0.9958526742357966 0.9973010595660617 0.9983608472736577 0.9989017871597097 0.9990608698709297 0.9991844646795234 0.9992948539390192 0.9993366699057322 0.9993462932958341 0.9993540774798549 0.9993623134140076 0.9993715799076924 0.9993821726086163 0.9993943904722795 0.999408537143253 0.9994249969617379 0.9994442415973283 0.9994665295850106 0.9994923325580292 0.9995217739225396 0.999554778435319 0.9995909008164253 0.9996293590088836 0.9996691601292969 0.9997061283605457 0.9997384091571094 0.9997659180066725 0.999789193425344 0.999809104163378 0.9998264008355331 0.9998416280282658 0.9998552511772507 0.9998676028793422 0.9998789035753733 0.9998892586240312 0.9998987300555375 0.9999073825172702 0.9999153890504667 0.9999228268793915 0.9999297639773908 0.9999362624110358 0.9999423788126657 0.9999481647802293 0.9999531069150412 0.9999574367444964 0.9999621457343657 0.9999677359423271 0.9999736780668401 0.9999803550486547 0.9999869906103472 0.9999918953961681 0.9999957221501625 0.9999999999999999 1.0
0.0 0.0015 0.0035 0.0075 0.015 0.035 0.07499999 0.15 0.25 0.35 0.45 0.55 0.65 0.75 0.85 0.95 1.05 1.15 1.25 1.35 1.45 1.55 1.65 1.75 1.85 1.95 2.1 2.3 2.5 2.7 2.9 3.1 3.300001 3.500001 3.700001 3.9 4.25 4.75 5.25 5.75 6.25 6.75 7.25 7.75 8.25 8.75 9.25 9.75 10.25 10.75 11.25 11.75 12.25 12.75 13.25 13.75 14.25 14.75 15.25 15.75 16.25 16.75 17.25 17.75 18.25 18.75 19.25 19.75 20.5 21.5 22.5 23.5 24.5 25.5 26.5 27.5 28.5 29.5 30.5 31.5 32.5 33.5 34.5 35.5 36.5 37.5 38.5 39.5 41.0 43.0 45.0 46.25 46.75 47.25 47.75 48.25 48.75 49.25 49.75 49.9995
0.00044445426232861916 0.0009819835261424572 0.0017987316656682814 0.003080845526644942 0.00529392000839264 0.010342621182321484 0.020211189241899376 0.037537004593527115 0.058738929021810486 0.07954272654688777 0.09757330841949206 0.11959102434613018 0.14566377709227782 0.17185529746197367 0.19524128327090903 0.21766871499787507 0.24228260388710965 0.27804709186599946 0.31830534185143233 0.3563088827564513 0.38990830846006674 0.4198723862819276 0.4468369640918415 0.47325259218841087 0.5015811869039539 0.5297380282211273 0.5618406290009755 0.5919945307290577 0.6299452344348594 0.6643334108768787 0.6999069977764172 0.7360524893201376 0.7785257229838312 0.8202967326265738 0.8572268519356835 0.8886120925549102 0.912907268201344 0.934218247123056 0.9503471949808914 0.9636868940213735 0.9740924440293837 0.9814455119650155 0.9867026145672666 0.9913047179043384 0.9938019692297079 0.9959258129180075 0.9974111676194167 0.9984261263865779 0.9989608837867773 0.9991184420862093 0.9992291284969296 0.9993237198981744 0.9993588279419903 0.9993682340220522 0.999375979361155 0.9993843546236754 0.9993937109309099 0.9994043303350708 0.9994165185118918 0.9994305631966024 0.9994468453556231 0.9994658284891232 0.999487746362244 0.9995130692167723 0.9995419090415696 0.9995741993490533 0.9996094808548871 0.9996470021379532 0.9996857541841798 0.9997216816224526 0.9997530022883998 0.9997796524802314 0.9998021700416342 0.9998214051965029 0.9998380894939682 0.9998527528660662 0.9998658472797847 0.9998776953856199 0.9998885158311452 0.9998984060448132 0.9999074279826506 0.9999156464607648 0.9999232303724737 0.9999302512940746 0.9999367781460761 0.9999428714358928 0.9999485861364981 0.9999539715007049 0.9999588306844098 0.9999633111488999 0.9999669676688052 0.999971312706632 0.9999758947596913 0.9999803994605766 0.9999850402567154 0.9999896966532926 0.9999932349441611 0.9999964371755848 0.9999999999999999 1.0
0.0 0.0015 0.0035 0.0075 0.015 0.035 0.07499999 0.15 0.25 0.35 0.45 0.55 0.65 0.75 0.85 0.95 1.05 1.15 1.25 1.35 1.45 1.55 1.65 1.75 1.85 1.95 2.1 2.3 2.5 2.7 2.9 3.1 3.300001 3.500001 3.700001 3.9 4.25 4.75 5.25 5.75 6.25 6.75 7.25 7.75 8.25 8.75 9.25 9.75 10.25 10.75 11.25 11.75 12.25 12.75 13.25 13.75 14.25 14.75 15.25 15.75 16.25 16.75 17.25 17.75 18.25 18.75 19.25 19.75 20.5 21.5 22.5 23.5 24.5 25.5 26.5 27.5 28.5 29.5 30.5 31.5 32.5 33.5 34.5 35.5 36.5 37.5 38.5 39.5 41.0 43.0 45.0 47.0 49.0 50.25 50.75 51.25 51.75 52.25 52.75 53.25 53.75 54.25 54.75 54.99945
0.0037100572881471664 0.007462280679200934 0.01133942952368872 0.015424784398393678 0.019927147807241117 0.025722864428149732 0.03375592089284566 0.047217646082101994 0.0651746797727162 0.08580397073493429 0.10524760043661911 0.12773662300868655 0.1534032720839732 0.1792259953873851 0.203789553516383 0.22524955800019478 0.25055505600997713 0.2854434455557155 0.32538158151461466 0.365511708595388 0.40125320236807205 0.4310967274085378 0.45767176005873733 0.48327398997354426 0.5105507510000806 0.5375345608472502 0.5684947397284761 0.5974706065835175 0.6347598853932093 0.6686330032755351 0.7036099095195624 0.7389740648479549 0.7803847383914496 0.8210455802481751 0.8572830464974415 0.888421323251401 0.9123467279248317 0.9332392932053067 0.9495559581275866 0.9630195131146492 0.9736507044397156 0.9812432109294863 0.9865592635826451 0.991229518740254 0.993881716142227 0.9961031383968735 0.997483128038565 0.9984904287944026 0.9989765045792194 0.9991409116368127 0.9992566220302819 0.9993488570539021 0.9993826259081803 0.9993911189596627 0.9993981555691743 0.9994057961404331 0.9994144055868773 0.9994242577358216 0.999435645850447 0.9994488719299802 0.9994643079537785 0.9994823886685866 0.9995033819736882 0.9995277219551183 0.9995554912015443 0.9995865577546289 0.9996204459036487 0.9996563712397948 0.9996933054423943 0.999727449249222 0.9997571595128595 0.9997824136590713 0.9998037364011901 0.9998219372182736 0.9998377112316046 0.9998515612960486 0.9998639157714934 0.9998750802727138 0.9998852619320875 0.9998945536159827 0.9999030149167109 0.9999107081795395 0.9999177930575388 0.99992433929225 0.9999304104218879 0.9999360641484015 0.9999413527595935 0.9999463235145347 0.9999507818893841 0.9999548671469877 0.9999586910389889 0.9999623441009201 0.9999658979646853 0.9999688870871436 0.999971749830588 0.999975110051458 0.9999786154448521 0.9999827015283423 0.9999872844101958 0.9999912793892095 0.9999940763003097 0.9999970157043904 1.0 1.0
0.0 0.0015 0.0035 0.0075 0.015 0.035 0.07499999 0.15 0.25 0.35 0.45 0.55 0.65 0.75 0.85 0.95 1.05 1.15 1.25 1.35 1.45 1.55 1.65 1.75 1.85 1.95 2.1 2.3 2.5 2.7 2.9 3.1 3.300001 3.500001 3.700001 3.9 4.25 4.75 5.25 5.75 6.25 6.75 7.25 7.75 8.25 8.75 9.25 9.75 10.25 10.75 11.25 11.75 12.25 12.75 13.25 13.75 14.25 14.75 15.25 15.75 16.25 16.75 17.25 17.75 18.25 18.75 19.25 19.75 20.5 21.5 22.5 23.5 24.5 25.5 26.5 27.5 28.5 29.5 30.5 31.5 32.5 33.5 34.5 35.5 36.5 37.5 38.5 39.5 41.0 43.0 45.0 47.0 49.0 51.0 53.0 54.25 54.75 55.25 55.75 56.25 56.75 57.25 57.75 58.25 58.75 59.25 59.75 59.9994
0.0004729241129685166 0.0010013523322965276 0.0016962740889222487 0.0026686893315811286 0.004197069701449007 0.007434937894284484 0.013596610976396112 0.027099250129959403 0.0449063128266056 0.06472473520806088 0.08473418708176286 0.10689193660389314 0.13174661837262477 0.1580630297936114 0.1829952051898143 0.2058111058738076 0.2309653007005334 0.2649823737110982 0.30430787289412736 0.34334529712365336 0.38021558557863533 0.4122875985905213 0.44112428082815425 0.46746347454921905 0.49482304485614365 0.5231260427930992 0.5549504180254872 0.5852313628592558 0.6238068304088781 0.6589612153723982 0.695077189947957 0.7318012810213985 0.7741454631374589 0.8158999724643562 0.8532359739553965 0.8850792624410234 0.9095800578964217 0.9307117775166793 0.9473196310236534 0.9609849091296463 0.9721049347723859 0.9799937372163278 0.9855195230595052 0.9906125616482377 0.9933047421043034 0.9955825119584933 0.9971984479192462 0.9983601630399603 0.9988858301496969 0.9990859351862311 0.9992252156135484 0.9993343689375982 0.9993748825534512 0.9993843230277392 0.9993920433914169 0.9994003119577117 0.9994094886794523 0.9994198203868014 0.9994316144060381 0.9994451590750608 0.9994608258787112 0.9994790568837635 0.9995001026203914 0.9995243899045629 0.9995520102035506 0.9995828329839779 0.9996163770566215 0.9996518627897614 0.9996882887388469 0.999721909441156 0.9997511440342011 0.9997759765534685 0.9997969304471883 0.9998148071151645 0.9998302917543231 0.9998438795463145 0.9998559916913539 0.9998669284162071 0.9998768932402506 0.9998859776119752 0.9998942405437357 0.9999017438088093 0.9999086439909023 0.9999150098313323 0.9999209039297745 0.9999263831198978 0.9999314988449995 0.9999362975336419 0.9999405834421055 0.9999444919494662 0.9999481314453809 0.9999515891900032 0.9999549344505403 0.9999582228961906 0.9999614991524651 0.9999645381948485 0.9999673489446868 0.999970063644498 0.9999732465177585 0.9999768877791607 0.9999805939316153 0.9999846095514718 0.9999885066207282 0.9999917710444808 0.9999943721333001 0.9999973600892398 0.9999999999999999 1.0
0.0 0.0015 0.0035 0.0075 0.015 0.035 0.07499999 0.15 0.25 0.35 0.45 0.55 0.65 0.75 0.85 0.95 1.05 1.15 1.25 1.35 1.45 1.55 1.65 1.75 1.85 1.95 2.1 2.3 2.5 2.7 2.9 3.1 3.300001 3.500001 3.700001 3.9 4.25 4.75 5.25 5.75 6.25 6.75 7.25 7.75 8.25 8.75 9.25 9.75 10.25 10.75 11.25 11.75 12.25 12.75 13.25 13.75 14.25 14.75 15.25 15.75 16.25 16.75 17.25 17.75 18.25 18.75 19.25 19.75 20.5 21.5 22.5 23.5 24.5 25.5 26.5 27.5 28.5 29.5 30.5 31.5 32.5 33.5 34.5 35.5 36.5 37.5 38.5 39.5 41.0 43.0 45.0 47.0 49.0 51.0 53.0 55.0 57.0 59.0 61.0 63.0 64.25 64.75 65.25 65.75 66.25 66.75 67.25 67.75 68.25 68.75 69.25 69.75 69.9993
0.00042040864034264305 0.0008907205605916925 0.0015107373327642366 0.002380271655498596 0.0037503322384401 0.0066582670241415376 0.012195650694764295 0.02433687974221012 0.042074751310259055 0.06127659463835351 0.08071288354935827 0.10370134628898454 0.12748841267569144 0.1523630679202605 0.1778081543413157 0.2027244960478489 0.22793519443748297 0.258754669120013 0.29216394162983256 0.3276951375440959 0.36329618178234063 0.39661690173420966 0.4261570643647359 0.4536663308628018 0.4814064939352812 0.5092570791315829 0.5407618769467443 0.5710995689298872 0.6099330309231139 0.646642497658288 0.6832596518048879 0.7208589029297637 0.7632621111396282 0.8060410154705724 0.8441128986080626 0.8770630445213851 0.9022098991257377 0.9239169971435809 0.9405529495329727 0.9550788859210232 0.9668925472393708 0.9758324516830318 0.982134268763252 0.9877924434176565 0.991275737705697 0.9940927296282659 0.9961183674730021 0.9976884237011336 0.9985870391750051 0.9988927116318997 0.9991223871555522 0.9993060007693597 0.9993766097321891 0.9993896750328851 0.9993993827029696 0.9994094239798527 0.9994201665599987 0.9994318598907451 0.9994447693611923 0.9994591695686789 0.9994753876358689 0.999493817119029 0.9995146812603855 0.9995383650410331 0.9995649664903414 0.9995944123260813 0.9996262935490031 0.999659922035135 0.9996943027192299 0.9997259727281865 0.9997534817644786 0.9997768442159785 0.999796566919467 0.9998134039721064 0.999827995461559 0.999840802989135 0.9998522183653729 0.9998625203121341 0.9998718987109654 0.9998804397356298 0.999888199172704 0.9998952355520525 0.999901696263039 0.9999076462237433 0.9999131445970962 0.9999182450594533 0.9999229961842713 0.9999274417682334 0.9999313904142707 0.9999349689658652 0.9999382784450642 0.9999413987717023 0.9999443928495569 0.999947310038622 0.9999501889943144 0.99995305995035 0.9999559469248834 0.9999588688331706 0.999961840983908 0.9999648758849522 0.9999675762775578 0.9999699990801475 0.9999725193557759 0.9999756811962213 0.9999791269189789 0.9999828888296177 0.9999869179901884 0.9999902740093582 0.9999927890861687 0.999995442651046 0.9999981797998692 1.0 1.0
0.0 0.0015 0.0035 0.0075 0.015 0.035 0.07499999 0.15 0.25 0.35 0.45 0.55 0.65 0.75 0.85 0.95 1.05 1.15 1.25 1.35 1.45 1.55 1.65 1.75 1.85 1.95 2.1 2.3 2.5 2.7 2.9 3.1 3.300001 3.500001 3.700001 3.9 4.25 4.75 5.25 5.75 6.25 6.75 7.25 7.75 8.25 8.75 9.25 9.75 10.25 10.75 11.25 11.75 12.25 12.75 13.25 13.75 14.25 14.75 15.25 15.75 16.25 16.75 17.25 17.75 18.25 18.75 19.25 19.75 20.5 21.5 22.5 23.5 24.5 25.5 26.5 27.5 28.5 29.5 30.5 31.5 32.5 33.5 34.5 35.5 36.5 37.5 38.5 39.5 41.0 43.0 45.0 47.0 49.0 51.0 53.0 55.0 57.0 59.0 61.0 63.0 65.0 67.0 69.0 71.0 73.0 74.25 74.75 75.25 75.75 76.25 76.75 77.25 77.75 78.25 78.75 79.25 79.75 79.9992
0.0031882594773496665 0.006399207861141342 0.009678174504399067 0.013070519774457267 0.016692729544338245 0.021033143515018966 0.026626799246946223 0.03585003452426002 0.0493340603455208 0.06440200250536732 0.08076054510171511 0.10120764026927935 0.12480065262693828 0.14869564744804023 0.1733345980395346 0.19755413823488566 0.2243862270174623 0.25592640442034975 0.2878406725583284 0.3221774684805844 0.35673911815314135 0.3905579750919454 0.4221190677703996 0.4509213600042127 0.47780964284042055 0.5038688162402815 0.5336604455914749 0.5636271507247992 0.6006830487744018 0.6381075906708341 0.6752352286971491 0.7123645337426474 0.7538727298876495 0.7958685679116448 0.8344442447059542 0.8678030237341209 0.8938859230814273 0.9162872687143231 0.9336185751559386 0.9488266438468994 0.961738823936468 0.971613169769244 0.9787208472145126 0.9848419923990963 0.9890072297911372 0.9924846957744452 0.9953017566011471 0.9973504689023377 0.9982928410495 0.9987274556297918 0.999047152304291 0.9992563038969222 0.9993579455456357 0.9993733641549728 0.999385026640563 0.9993966710409332 0.9994090290805855 0.9994223960545225 0.999437045140667 0.9994532150329053 0.9994712189370043 0.9994914644973062 0.9995141460378495 0.9995395894027326 0.9995678027332121 0.9995985927713665 0.999631409788544 0.999665372590651 0.9996990839830042 0.9997294262520524 0.9997554003493221 0.9997773059505874 0.9997957439387282 0.9998114759282877 0.9998251190846587 0.999837111988958 0.99984782204446 0.9998575088797106 0.9998663469502055 0.9998744117564069 0.9998817507695932 0.9998884147369301 0.9998945394041773 0.9999001831363902 0.99990539941387 0.9999102369678522 0.9999147400906487 0.9999189488876397 0.9999226768077482 0.9999260441283466 0.9999291462959752 0.9999320583846488 0.9999348389920304 0.9999375335347007 0.9999401770394465 0.9999427963724142 0.9999454120999681 0.999948039981255 0.999950692073088 0.999953377718528 0.999956104186554 0.9999588773698851 0.9999617020951233 0.9999645824910485 0.9999675222406104 0.9999700347098948 0.9999723364175561 0.9999749962241988 0.9999780305092555 0.9999814065138607 0.9999853009808158 0.9999890287264688 0.9999916858775112 0.9999940821400513 0.9999968199670685 0.9999989151000388 1.0 1.0
0.0 0.0015 0.0035 0.0075 0.015 0.035 0.07499999 0.15 0.25 0.35 0.45 0.55 0.65 0.75 0.85 0.95 1.05 1.15 1.25 1.35 1.45 1.55 1.65 1.75 1.85 1.95 2.1 2.3 2.5 2.7 2.9 3.1 3.300001 3.500001 3.700001 3.9 4.25 4.75 5.25 5.75 6.25 6.75 7.25 7.75 8.25 8.75 9.25 9.75 10.25 10.75 11.25 11.75 12.25 12.75 13.25 13.75 14.25 14.75 15.25 15.75 16.25 16.75 17.25 17.75 18.25 18.75 19.25 19.75 20.5 21.5 22.5 23.5 24.5 25.5 26.5 27.5 28.5 29.5 30.5 31.5 32.5 33.5 34.5 35.5 36.5 37.5 38.5 39.5 41.0 43.0 45.0 47.0 49.0 51.0 53.0 55.0 57.0 59.0 61.0 63.0 65.0 67.0 69.0 71.0 73.0 75.0 77.0 79.0 81.0 83.0 85.0 87.0 89.0 91.0 93.0 94.25 94.75 95.25 95.75 96.25 96.75 97.25 97.75 98.25 98.75 99.25 99.75 99.999
0.0004159265250968974 0.0008574305983410501 0.0013756601318990085 0.0020217915691883664 0.0029347456241454895 0.00466811970279932 0.007804964493730327 0.014660681333829643 0.025634087850086706 0.03984625935434594 0.05519981842506051 0.07363953107981702 0.09358755139987385 0.11521167393048362 0.1387305178433074 0.1624606366964086 0.18791131314388218 0.21729337019820266 0.24819376190784825 0.2800336938721639 0.3136420707752284 0.3473566701417084 0.3785282729449016 0.4085854327667073 0.4384062347786135 0.466751889007277 0.49835211741067165 0.5301202080953826 0.5678972881409482 0.6074489504231488 0.6473937076612664 0.6871424408364625 0.7289784300232133 0.7713738369912057 0.8122960872057045 0.8495896549134507 0.8779655851099475 0.9025363085126632 0.921409037296109 0.9377493568682738 0.9523197023087381 0.9638611927171651 0.9727916590283437 0.9795981522762659 0.9853083886495804 0.9897469830586924 0.9931845882877763 0.9961179867852988 0.9976790089131827 0.9982220257408123 0.9986440279855558 0.998963067103109 0.999053567615635 0.999091239951095 0.9991218626044176 0.9991523290542724 0.9991836929043398 0.9992161809678026 0.9992501908348282 0.9992858263673808 0.9993233492729793 0.9993631025424181 0.9994050496392753 0.9994492773888689 0.9994955070470336 0.9995431530047105 0.9995914699599392 0.999638781342514 0.9996817091754683 0.9997172751246103 0.9997455268104452 0.9997680258571309 0.9997862095828856 0.9998012797075821 0.9998141176416171 0.9998252748591787 0.9998351734790999 0.9998440987728389 0.9998522341614456 0.9998596615439789 0.9998664303267129 0.9998725890333003 0.9998782633654547 0.9998835065267749 0.9998883668972314 0.9998928883821089 0.9998971107609502 0.9999010700364996 0.9999045976280628 0.9999077989575863 0.999910758284628 0.9999135420315822 0.9999162018215401 0.9999187771261531 0.9999212975850805 0.9999237849559673 0.9999262546949516 0.9999287176808553 0.9999311830067323 0.9999336572819802 0.9999361450428625 0.9999386492861869 0.9999411719414051 0.9999437141990295 0.9999462767364209 0.9999488599230487 0.9999514639846996 0.9999540890855825 0.999956735430958 0.9999594033081912 0.999962093127804 0.9999648054440002 0.9999675410367711 0.9999703008092642 0.9999730856030484 0.9999756491051655 0.9999784105402709 0.9999811498893145 0.9999838974077377 0.999987242830342 0.9999903413857836 0.9999926310494689 0.9999950034948345 0.9999974585166195 0.9999990863414902 0.9999998194037493 1.0 1.0
0.0 0.0015 0.0035 0.0075 0.015 0.035 0.07499999 0.15 0.25 0.35 0.45 0.55 0.65 0.75 0.85 0.95 1.05 1.15 1.25 1.35 1.45 1.55 1.65 1.75 1.85 1.95 2.1 2.3 2.5 2.7 2.9 3.1 3.300001 3.500001 3.700001 3.9 4.25 4.75 5.25 5.75 6.25 6.75 7.25 7.75 8.25 8.75 9.25 9.75 10.25 10.75 11.25 11.75 12.25 12.75 13.25 13.75 14.25 14.75 15.25 15.75 16.25 16.75 17.25 17.75 18.25 18.75 19.25 19.75 20.5 21.5 22.5 23.5 24.5 25.5 26.5 27.5 28.5 29.5 30.5 31.5 32.5 33.5 34.5 35.5 36.5 37.5 38.5 39.5 41.0 43.0 45.0 47.0 49.0 51.0 53.0 55.0 57.0 59.0 61.0 63.0 65.0 67.0 69.0 71.0 73.0 75.0 77.0 79.0 81.0 83.0 85.0 87.0 89.0 91.0 93.0 95.0 97.0 99.0 101.0 103.0 105.0 107.0 109.0 111.0 112.25 112.75 113.25 113.75 114.25 114.75 115.25 115.75 116.25 116.75 117.25 117.75 118.25 118.75 119.25 119.75 119.9988
0.00042267109117991015 0.0008638592677889892 0.0013606196797368388 0.001950037991916716 0.0027434084950995266 0.00416006004211645 0.006628762482686356 0.011971991217293622 0.020382732326599533 0.03118343450406718 0.04453322915126874 0.06074464055914445 0.07851931762693178 0.09737279048807904 0.11774167770039284 0.13963986570053263 0.16424526252495275 0.19211508448978237 0.2213421663075026 0.252069780064569 0.28430970793522636 0.31664707184397317 0.3488790319133427 0.38098562625819343 0.41341576419363785 0.4455448633389346 0.4767450990963292 0.5088025727938785 0.5470054251443074 0.5873249366214357 0.62858312290135 0.6693844956377467 0.7127503136950291 0.7557891128441346 0.7975411544671709 0.836460134149308 0.8676444978770094 0.8938608315469188 0.914806943580617 0.9320578987650293 0.9470713025100636 0.9594686270389514 0.9689001897108637 0.9764849792146459 0.982933197889347 0.9879077102620698 0.9919471269852979 0.9951487781423162 0.9966527574271771 0.997354367255411 0.9978916310104216 0.9982200466148293 0.9983207865356282 0.9983790165412796 0.9984279123524861 0.9984780974217519 0.9985307889578697 0.9985892374423276 0.9986515219145226 0.9987207402810245 0.9987956838094253 0.9988784228566019 0.9989685507680154 0.9990661217925255 0.9991706449355691 0.9992796467881928 0.9993896049888806 0.9994962294276042 0.9995863664511309 0.9996532381306259 0.9997001970880085 0.999733388701932 0.9997576237443332 0.9997760922388891 0.9997907779985926 0.9998028788425071 0.9998131838372514 0.9998221940219045 0.9998302338512683 0.9998374623423134 0.9998439798342392 0.9998498675731898 0.9998552658645171 0.9998602396585162 0.9998648436066753 0.9998691246681636 0.9998731236991535 0.9998768759402132 0.9998802281806954 0.9998832802935989 0.9998861117662178 0.9998887851542684 0.999891349239343 0.9998938415506332 0.9998962905264083 0.9998987172304835 0.9999011369203507 0.9999035602126812 0.9999059940581102 0.999908442631257 0.9999109078816901 0.9999133901272739 0.9999158883932239 0.9999184008147358 0.9999209248277033 0.9999234574018191 0.9999259951677202 0.9999285354341547 0.9999310769720469 0.9999336186370849 0.9999361594121023 0.9999386984494611 0.9999412350710504 0.9999437687894779 0.9999462993080704 0.9999488265208732 0.9999513505126498 0.9999538715800739 0.9999563902105374 0.9999589070609601 0.9999614230001715 0.9999639390877196 0.9999664565314893 0.9999689767300839 0.9999713129487563 0.9999734731976895 0.9999755633681151 0.9999780018967465 0.9999807677197684 0.9999835967766177 0.9999866531489043 0.9999896139923393 0.9999920845828943 0.9999940387052322 0.9999963126648616 0.9999983190080842 0.9999994799718283 0.9999999143250724 0.9999999939573129 1.0 1.0
0.0 0.0015 0.0035 0.0075 0.015 0.035 0.07499999 0.15 0.25 0.35 0.45 0.55 0.65 0.75 0.85 0.95 1.05 1.15 1.25 1.35 1.45 1.55 1.65 1.75 1.85 1.95 2.1 2.3 2.5 2.7 2.9 3.1 3.300001 3.500001 3.700001 3.9 4.25 4.75 5.25 5.75 6.25 6.75 7.25 7.75 8.25 8.75 9.25 9.75 10.25 10.75 11.25 11.75 12.25 12.75 13.25 13.75 14.25 14.75 15.25 15.75 16.25 16.75 17.25 17.75 18.25 18.75 19.25 19.75 20.5 21.5 22.5 23.5 24.5 25.5 26.5 27.5 28.5 29.5 30.5 31.5 32.5 33.5 34.5 35.5 36.5 37.5 38.5 39.5 41.0 43.0 45.0 47.0 49.0 51.0 53.0 55.0 57.0 59.0 61.0 63.0 65.0 67.0 69.0 71.0 73.0 75.0 77.0 79.0 81.0 83.0 85.0 87.0 89.0 91.0 93.0 95.0 97.0 99.0 101.0 103.0 105.0 107.0 109.0 111.0 113.0 115.0 117.0 119.0 121.0 123.0 125.0 127.0 129.0 131.0 132.25 132.75 133.25 133.75 134.25 134.75 135.25 135.75 136.25 136.75 137.25 137.75 138.25 138.75 139.25 139.75 139.9986
0.00046064171425360285 0.000935612318635296 0.001453572909864535 0.00204322371892742 0.0028018994053821793 0.004068533229829004 0.0061879312460353195 0.010681820789653136 0.01765691569947972 0.026519978079774027 0.0374845682666616 0.052069261629097946 0.06812882379647733 0.0854152054255905 0.10389764079212375 0.12323074014477327 0.14510354727580124 0.17098454127090768 0.19817876628386383 0.22643582933741288 0.25641166053806946 0.2874907906312731 0.31917143872352743 0.3501558727353543 0.38178549151268515 0.41374443509321607 0.44912296184676725 0.484351871887109 0.5228814809469425 0.5629046039682506 0.6050127874505042 0.6475551401949559 0.6922069846798117 0.7364475877185767 0.7778736410344437 0.817702397198086 0.8514194421801652 0.8796197052726922 0.9028094777592175 0.9217647545607099 0.9385950406834267 0.9520569387712107 0.962694844059665 0.9717685770310845 0.9786193532095627 0.9846145194496941 0.9896449198902232 0.9928993387702011 0.9946653968093409 0.9955376562777181 0.996124728868231 0.9964649526752403 0.9966261086907684 0.9967499578109171 0.9968384297751168 0.9969320621561725 0.9970358809436284 0.9971506991131819 0.9972763198880119 0.9974197573668475 0.997573146667581 0.9977533772110863 0.997944016364031 0.9981619303320464 0.9983923933548988 0.9986375416771326 0.9988883503177864 0.9991313409490138 0.9993383127991973 0.9994896445661149 0.9995916481426717 0.9996592268304346 0.9997046844870561 0.999736832513263 0.9997603360673948 0.9997781477303761 0.9997921597877127 0.9998035881211702 0.9998131965785703 0.9998214239722236 0.9998285483101919 0.999834773665515 0.9998403292500248 0.9998453466609841 0.9998499204618158 0.9998541253834922 0.9998580207907062 0.9998616518536875 0.9998648791483198 0.9998678122726596 0.9998705345141548 0.9998731088192779 0.9998755830998687 0.9998779937928037 0.9998803684026184 0.9998827273145069 0.9998850853862246 0.9998874529872467 0.9998898370821463 0.9998922418938864 0.9998946695671135 0.9998971206545711 0.999899594492967 0.9999020895567278 0.9999046036569876 0.9999071341184664 0.9999096779784568 0.9999122320752637 0.9999147931366436 0.9999173578682428 0.9999199229757079 0.9999224852310146 0.9999250414945775 0.9999275887594702 0.9999301241072048 0.9999326448182816 0.9999351483279689 0.9999376335307788 0.9999401001392847 0.9999425480650473 0.9999449774186158 0.9999473884874167 0.9999497817578645 0.9999521578932523 0.9999545177116407 0.9999568622300784 0.9999591925982729 0.9999615101649192 0.999963816411371 0.9999661130179693 0.9999684018198243 0.9999706848289232 0.9999729642120223 0.9999752423348652 0.9999771810972873 0.9999789683393462 0.9999810276485752 0.9999833250732346 0.9999859041319552 0.9999888633900256 0.9999916501477862 0.9999936020832003 0.9999954147735874 0.9999974650797241 0.9999989827906017 0.9999997458247841 0.9999999692770246 0.999999998447309 0.9999999999691147 1.0 1.0
0.0 0.0015 0.0035 0.0075 0.015 0.035 0.07499999 0.15 0.25 0.35 0.45 0.55 0.65 0.75 0.85 0.95 1.05 1.15 1.25 1.35 1.45 1.55 1.65 1.75 1.85 1.95 2.1 2.3 2.5 2.7 2.9 3.1 3.300001 3.500001 3.700001 3.9 4.25 4.75 5.25 5.75 6.25 6.75 7.25 7.75 8.25 8.75 9.25 9.75 10.25 10.75 11.25 11.75 12.25 12.75 13.25 13.75 14.25 14.75 15.25 15.75 16.25 16.75 17.25 17.75 18.25 18.75 19.25 19.75 20.5 21.5 22.5 23.5 24.5 25.5 26.5 27.5 28.5 29.5 30.5 31.5 32.5 33.5 34.5 35.5 36.5 37.5 38.5 39.5 41.0 43.0 45.0 47.0 49.0 51.0 53.0 55.0 57.0 59.0 61.0 63.0 65.0 67.0 69.0 71.0 73.0 75.0 77.0 79.0 81.0 83.0 85.0 87.0 89.0 91.0 93.0 95.0 97.0 99.0 101.0 103.0 105.0 107.0 109.0 111.0 113.0 115.0 117.0 119.0 121.0 123.0 125.0 127.0 129.0 131.0 133.0 135.0 137.0 139.0 141.0 143.0 145.0 147.0 149.0 151.0 152.25 152.75 153.25 153.75 154.25 154.75 155.25 155.75 156.25 156.75 157.25 157.75 158.25 158.75 159.25 159.75 159.9984
0.00227306893339576 0.004554376587553679 0.006859571108737591 0.009204596658685784 0.011659642799744432 0.014438932089350424 0.01776187752421401 0.0227606320900792 0.029496312813949304 0.037433818623744335 0.046767826016947074 0.05888609395199847 0.07279993752321764 0.08792166658877756 0.10433204818000075 0.12153510723961704 0.14094006497779504 0.16368338581176922 0.18805196718007758 0.2144818330976038 0.24265048487340576 0.2714291996857868 0.3011366799967039 0.3317863933804144 0.363402631183104 0.3946256203367979 0.429196928648734 0.465904994157572 0.5070172953975949 0.5488139572986235 0.5902910806634544 0.6326119159202697 0.6769581975169534 0.7217406613047286 0.7653631285748806 0.8073105324018676 0.8422009047213781 0.871472474000417 0.8946845387276721 0.9132226433946762 0.9293615358622871 0.942921491803972 0.9540608433439994 0.9634827808910744 0.9716491292592199 0.9781352847557498 0.9830696593454125 0.9870332613550885 0.9898395151687908 0.9913851364681635 0.992416629956736 0.9930023480931848 0.9933569213035967 0.9935429161869357 0.9936996340100216 0.9938641962431803 0.9940572995652942 0.9942698666957343 0.9945006862307153 0.9947820869014695 0.9950825010302897 0.9954310436597992 0.9958304252523001 0.9962531197581592 0.9967460976022592 0.9972597698655811 0.9977868688033126 0.9983083072924677 0.9987583497867436 0.9990983723678072 0.9993301158778074 0.9994755333666477 0.999574980104238 0.9996437885623246 0.9996921823471109 0.9997259624580317 0.9997513395709006 0.999770917220903 0.9997863899949457 0.9997986372623571 0.9998085717224525 0.9998168004329204 0.9998237639144993 0.9998297099389204 0.9998348724713915 0.9998394639877525 0.9998435998662489 0.9998473436485231 0.9998505777870561 0.9998534644576538 0.9998561203039712 0.9998586217929066 0.9998610238793937 0.9998633651810238 0.9998656741469177 0.9998679712721927 0.9998702713350258 0.9998725846394672 0.9998749180322869 0.9998772757390493 0.9998796599064316 0.9998820711671388 0.9998845089562556 0.9998869718275997 0.9998894576796872 0.999891964004295 0.9998944879316553 0.9998970264564198 0.9998995764150643 0.9999021346666617 0.9999046980476874 0.9999072634624073 0.9999098279280698 0.9999123885749068 0.9999149426687295 0.9999174875883321 0.9999200209158783 0.9999225403465148 0.9999250437787579 0.9999275292692996 0.9999299950556053 0.9999324395333161 0.9999348612788461 0.9999372590493825 0.9999396317376915 0.9999419784399092 0.9999442986137171 0.9999465930725931 0.9999488629463671 0.9999511094981891 0.9999533341629433 0.9999555385246514 0.999957724327771 0.999959893468157 0.9999620479953211 0.9999641901214704 0.9999663222169887 0.9999684468262527 0.9999705519866222 0.9999726395306817 0.99997471125938 0.9999767689488099 0.9999788143479486 0.9999808490860108 0.999982781122521 0.9999848403688568 0.9999868323405919 0.9999888298665716 0.9999912127233511 0.9999933344312117 0.9999949190472396 0.9999966716780354 0.9999983799584821 0.9999994488251671 0.9999998954040543 0.9999999911404299 0.9999999996969267 0.9999999999959498 0.9999999999999775 1.0 1.0
0.0 0.0015 0.0035 0.0075 0.015 0.035 0.07499999 0.15 0.25 0.35 0.45 0.55 0.65 0.75 0.85 0.95 1.05 1.15 1.25 1.35 1.45 1.55 1.65 1.75 1.85 1.95 2.1 2.3 2.5 2.7 2.9 3.1 3.300001 3.500001 3.700001 3.9 4.25 4.75 5.25 5.75 6.25 6.75 7.25 7.75 8.25 8.75 9.25 9.75 10.25 10.75 11.25 11.75 12.25 12.75 13.25 13.75 14.25 14.75 15.25 15.75 16.25 16.75 17.25 17.75 18.25 18.75 19.25 19.75 20.5 21.5 22.5 23.5 24.5 25.5 26.5 27.5 28.5 29.5 30.5 31.5 32.5 33.5 34.5 35.5 36.5 37.5 38.5 39.5 41.0 43.0 45.0 47.0 49.0 51.0 53.0 55.0 57.0 59.0 61.0 63.0 65.0 67.0 69.0 71.0 73.0 75.0 77.0 79.0 81.0 83.0 85.0 87.0 89.0 91.0 93.0 95.0 97.0 99.0 101.0 103.0 105.0 107.0 109.0 111.0 113.0 115.0 117.0 119.0 121.0 123.0 125.0 127.0 129.0 131.0 133.0 135.0 137.0 139.0 141.0 143.0 145.0 147.0 149.0 151.0 153.0 155.0 157.0 159.0 161.0 163.0 165.0 167.0 169.0 171.0 173.0 175.0 177.0 179.0 181.0 183.0 185.0 187.0 189.0 190.25 190.75 191.25 191.75 192.25 192.75 193.25 193.75 194.25 194.75 195.25 195.75 196.25 196.75 197.25 197.75 198.25 198.75 199.25 199.75 199.998
0.0005690736347936294 0.0011460792423003004 0.0017468230102666875 0.002387123661084784 0.0031387585062862752 0.004223551197854427 0.005871865905226892 0.009136683864817533 0.014035083162206816 0.020104265030045643 0.027563330152954847 0.037556541724327694 0.04922508483350428 0.06251030962926181 0.07746053839819003 0.09332372683000706 0.11116441777388027 0.13168192400767798 0.15357038863988864 0.17705028133502385 0.20245075696360107 0.22899114798408754 0.2567483581321729 0.28543003523910415 0.3153408694970655 0.3460531591455997 0.3805318885127308 0.41718717301735003 0.4587032700878181 0.5014081676669376 0.5453771473598277 0.5901593551787957 0.6371804226958057 0.6835295594905344 0.727096029602284 0.7702390253241543 0.8094337306593654 0.8422589436870942 0.868708544551097 0.8896064477770292 0.90794376628397 0.9232113771879107 0.9356933720805621 0.9466941405626011 0.9555593127040608 0.9628782552389504 0.9687402639974098 0.9719659050459459 0.9741652253113288 0.9754901021753357 0.9763668084488578 0.9768919547877986 0.9773119172649923 0.9777200413841263 0.9781622078795038 0.9786603051911793 0.9791936039651244 0.9797696399809492 0.9805574431765512 0.9814067646909352 0.9823195353510348 0.9834896491612899 0.9848530857894022 0.986304301555571 0.9879134732691646 0.98978332406901 0.9916894806087999 0.9936007675051854 0.9953227003965098 0.9966748492078469 0.9976513914735574 0.9982677303065189 0.9987222183582446 0.9990063274001477 0.9992185802359868 0.9993697532198528 0.9994774717835051 0.9995625476163876 0.9996218760588992 0.9996699614161147 0.999706065864402 0.999733493634578 0.9997555299097141 0.9997715352754325 0.9997848248996429 0.9997950336063451 0.9998032989514682 0.9998099673336223 0.999814748858412 0.9998184126860832 0.9998214351085801 0.9998240931415643 0.9998265438416837 0.9998288824771585 0.9998311648296181 0.9998334258436872 0.9998356876442439 0.9998379641668645 0.999840264062912 0.9998425925133729 0.9998449521603543 0.9998473438984854 0.9998497673369803 0.9998522211412676 0.9998547032959736 0.9998572113310354 0.9998597424445913 0.9998622936135797 0.9998648616920505 0.9998674434848978 0.999870035821594 0.9998726355807661 0.9998752396901975 0.9998778452251379 0.9998804493837248 0.9998830494869855 0.9998856430034128 0.9998882276226997 0.9998908011574279 0.9998933616168003 0.9998959071820649 0.9998984362065132 0.9999009472646366 0.9999034390783929 0.9999059105663615 0.9999083608535748 0.9999107892174479 0.9999131951295592 0.9999155782458203 0.9999179383917297 0.9999202755795757 0.9999225899887763 0.9999248819707928 0.9999271520466732 0.9999294008947631 0.9999316293654522 0.9999338384590541 0.9999360293380961 0.999938188270997 0.9999403158255024 0.9999424125496957 0.9999444789744563 0.9999465156085431 0.999948522943511 0.9999505014561682 0.9999524516356112 0.9999543746517406 0.9999562719054871 0.9999581447682886 0.9999599945820892 0.9999618226617979 0.9999636302903726 0.9999654187261934 0.9999671892030625 0.9999689429351201 0.9999706811070131 0.9999724048910995 0.9999741154351595 0.9999758138673113 0.9999775013058417 0.999979178846918 0.9999808475744182 0.9999825084222963 0.9999839123812208 0.9999852587913766 0.9999868156582272 0.999988453299807 0.99999036826427 0.9999925206373731 0.9999944106873853 0.999995717637986 0.9999971077596452 0.9999985375079881 0.9999994765814952 0.9999998928841018 0.9999999901160829 0.9999999996323364 0.9999999999946221 0.999999999999897 0.9999999999999263 0.9999999999999509 0.9999999999999755 1.0 1.0
